[[ 0.01237173  0.062259   -0.07303221 ... -0.0722904   0.00068117
  -0.07217198]
 [ 0.01398924  0.02981562 -0.07852168 ...  0.06817249 -0.02900156
  -0.06550298]
 [-0.05450735  0.01106568  0.06063769 ...  0.00011917 -0.04562667
  -0.07643017]
 ...
 [-0.02988414 -0.0485651   0.03374803 ... -0.05173569  0.06686078
   0.02711168]
 [ 0.00522161 -0.03653558  0.05245876 ...  0.00336854 -0.01175923
   0.0473292 ]
 [ 0.07681242 -0.05622784 -0.03580869 ...  0.04303279 -0.02614156
  -0.03887225]]
[ 0.1147387  -0.00528992  0.10135148  0.10467694  0.11676373  0.06103176
 -0.05193653  0.07858433  0.03198802  0.08753874 -0.09867196 -0.06715832
  0.04319481  0.09325501  0.09707406  0.02505103 -0.01421018 -0.02149101
 -0.0199674  -0.00217062  0.02397247  0.05390601  0.06532732  0.02356156
  0.00138073 -0.01403183  0.0054784   0.08630371  0.07983481  0.09135435
 -0.00398873 -0.00473834  0.0594998   0.08519936  0.08350295  0.08211321
  0.03307577  0.03156058  0.01954972 -0.0794399   0.05831597  0.00602511
  0.11105647  0.02818029  0.04347685  0.03655496  0.04448442  0.12714963
  0.07047729  0.12764026  0.00937031  0.02469494 -0.01881206  0.05903131
 -0.02971809 -0.02135238  0.01427406  0.04311883  0.10364549  0.01644032
  0.006859    0.00835061  0.03904009  0.06916817  0.08223142  0.04013352
  0.01011829 -0.06155733  0.00081309  0.0659008   0.13476619 -0.01963557
  0.01358168  0.08807425  0.02889218  0.05966567  0.02379719 -0.13500021
  0.06489538  0.01695061 -0.06451591  0.1104398   0.13936667  0.08692368
  0.06362701  0.02863907  0.08054463 -0.01444213  0.05003171  0.09569053
  0.06624194 -0.04738607  0.05130644  0.00074573  0.05092524  0.07325936
  0.10353335  0.02929468  0.0840655  -0.16627     0.05209163 -0.01251881
  0.01209323  0.10057121  0.07594043  0.11890954  0.02987644  0.0022297
  0.0686222   0.06618603  0.05843437  0.06231757  0.12812642  0.03435229
 -0.03156763 -0.07764912  0.07357335 -0.02559845 -0.05090293  0.16218675
  0.03199001 -0.00518073 -0.02293705 -0.22959399 -0.13235558  0.09449453
  0.11737837  0.06020866]
[[ 0.07236177 -0.05447607 -0.01179531 ... -0.05324906  0.09078211
  -0.1354029 ]
 [ 0.01853779 -0.12720254  0.20694877 ... -0.01355884 -0.11182328
  -0.01170505]
 [-0.1303108   0.13066042 -0.1434281  ...  0.14951966 -0.07397244
  -0.06669017]
 ...
 [ 0.03909964  0.03554091 -0.04147267 ...  0.00063386  0.09321917
  -0.10507205]
 [-0.05134032  0.03304507  0.05704234 ...  0.14321156  0.12746945
   0.0866742 ]
 [ 0.10766167  0.15063975  0.15154467 ...  0.17390637  0.17847653
  -0.0979892 ]]
[-0.0466096   0.11577481  0.06762015  0.01256261  0.04366794  0.04102789
  0.02785248  0.00369447 -0.03005609 -0.01816033  0.00327015  0.00036013
  0.06436304  0.05681688  0.08581003 -0.02224664  0.02210959  0.04397724
  0.00682807  0.00734133 -0.07756464  0.01073058  0.00564547 -0.00715363
  0.06976787  0.02580221 -0.05431838  0.0035923   0.02913898 -0.02379066
  0.0572253   0.10572689  0.06195302  0.01202209 -0.10235721  0.02704767
  0.00145231 -0.00946125  0.08314967  0.09244138 -0.00294739 -0.00729253
  0.02200866  0.0746772   0.03331953  0.02219713  0.01223537  0.03753639
  0.02437111  0.00563964 -0.00471465  0.0096956   0.0274587   0.10336001
  0.03264073 -0.0210733   0.02547038  0.013438    0.02021298  0.01481927
  0.00297938  0.02691617  0.04340839  0.03556937  0.01159875 -0.03934646
 -0.05673722 -0.0146523   0.11491495  0.13252187 -0.00936983  0.00546721
  0.08736825  0.09816118 -0.00797215  0.10606792  0.00843803  0.04872654
 -0.01778831  0.03263601  0.05254034  0.09366052 -0.03054702  0.00878463
  0.04458858 -0.01297982 -0.05913286  0.0058461   0.04044983  0.03955847
  0.05780302  0.04742794 -0.02294518 -0.0063081  -0.03754712  0.06952374
  0.04553585  0.00556243  0.02012476  0.07964158  0.08795062 -0.04018211
 -0.04594052 -0.00965718  0.0085131   0.10234808  0.00180869  0.05425216
 -0.01212192  0.01202927  0.02359544  0.01883181  0.06520716  0.00528347
  0.06140009 -0.01395167  0.03033279  0.04097411  0.05334748  0.02573112
 -0.00075689  0.09221023  0.01424449  0.04310568  0.02517216  0.07279095
  0.03720228 -0.0416269 ]
[[ 0.06879218  0.10375054  0.02584511 ...  0.0537381  -0.11604351
  -0.14668222]
 [ 0.14873457 -0.02958488  0.05738932 ...  0.08500749  0.01673143
  -0.09880512]
 [ 0.16097041 -0.23696264 -0.02895947 ...  0.18977784 -0.28056182
   0.15741455]
 ...
 [-0.02643451 -0.09613779  0.01637228 ... -0.1353491  -0.00463166
   0.11099576]
 [ 0.17755737  0.31227124  0.0947589  ... -0.07068508  0.18796372
   0.27789315]
 [ 0.15145604 -0.04716965  0.05797879 ...  0.04550142  0.11379508
   0.12794035]]
[-0.02232421  0.08214124 -0.01757203  0.02792666  0.00599884  0.01257585
 -0.00081094  0.0237764   0.04898292  0.04487312 -0.0010843   0.00570498
  0.06188029  0.05126347  0.00524817  0.0348443   0.03525692 -0.05043609
  0.11990473 -0.01037344  0.09377965 -0.01296165  0.05738376 -0.00731383
 -0.00857852  0.00393749  0.00867799  0.01788162 -0.02695746  0.00077703
  0.00446484  0.02438199  0.00642583  0.00631277 -0.01968861  0.02682932
  0.03445111  0.01588254  0.03258915  0.09757608 -0.01302848 -0.03060207
  0.04146782 -0.00547355  0.06738774 -0.03951693 -0.01387278 -0.00824813
  0.09746607 -0.0014396  -0.00089239  0.04343429  0.00041287 -0.08636906
  0.01279564 -0.00283187 -0.03085771  0.04135012  0.09210106 -0.00546656
 -0.02420853 -0.01528277  0.05894917  0.07800574 -0.00152447  0.04631357
  0.03413734 -0.04654388  0.0834899  -0.01177859  0.04720045  0.01195897
 -0.010575    0.03570168  0.05131912  0.03774887  0.02935682  0.04033385
  0.05399432 -0.00566602  0.0209845   0.05028042 -0.01124916  0.00380016
  0.041345    0.02490773  0.00265364  0.009136    0.04213145 -0.00295475
  0.02941481  0.03512323 -0.03955888  0.03699713  0.08738935  0.06925086
  0.02989958 -0.0186188   0.00697591 -0.02609962  0.02170181  0.07243359
  0.01467557  0.02778336 -0.00144909 -0.03046914 -0.0318254   0.00750122
 -0.00041217  0.03046784  0.00192682 -0.01257372  0.00411789  0.00529321
  0.15464066  0.06252773  0.0338123   0.0093554   0.00386966 -0.0496844
 -0.03092226 -0.00081321  0.02116224  0.06966022 -0.00542094  0.04335138
  0.13647867 -0.06861938]
[[ 0.06198178  0.0685652   0.24204808 ...  0.01716186 -0.15344572
   0.12162507]
 [-0.01622224 -0.1044667  -0.09890833 ...  0.20252351  0.01466266
  -0.15906578]
 [ 0.08024734  0.15676624 -0.0795439  ...  0.04017293 -0.35112555
  -0.08351031]
 ...
 [ 0.2606515  -0.20084632 -0.06080311 ...  0.1614597   0.10691829
  -0.14553378]
 [-0.12271389  0.06227487 -0.11404109 ... -0.05074415 -0.06650593
   0.00079679]
 [ 0.14277191 -0.06015827  0.00289262 ...  0.1774257   0.21529811
  -0.02134675]]
[-0.0199379  -0.00193377  0.04300001  0.00384633  0.03334153  0.03703692
  0.01593887 -0.03528569  0.05865384 -0.00750433 -0.03004619  0.00487229
 -0.0166469  -0.01084976  0.12189454 -0.05805082  0.04978605 -0.00098568
  0.01343127 -0.01606082 -0.08163379  0.0571349   0.00726472 -0.00976048
 -0.00036045  0.00322783  0.02563384 -0.06886871 -0.01668501 -0.03108776
  0.00578963  0.0596257   0.09233379  0.01563657  0.01410436  0.03823357
 -0.05086973 -0.05397399  0.00408503 -0.02030548  0.03634667 -0.01880233
 -0.00279139  0.02644574 -0.03690562  0.05713231  0.08266178 -0.02791433
 -0.01261701  0.02040728  0.02371794 -0.03226457  0.04475786 -0.01452668
  0.01972695  0.00220328 -0.04420616 -0.04849459  0.015701   -0.02351036
 -0.0020069  -0.00773116 -0.00602381  0.03676978 -0.00397758  0.02180278
 -0.02566809  0.0521378   0.07919944 -0.02596147  0.05226977 -0.00930361
 -0.01671302  0.08946483 -0.04320611  0.03133891  0.03943686 -0.00284675
  0.03024886  0.02467907 -0.00775494  0.01420128 -0.01659239  0.00669922
  0.01908115  0.03031079 -0.02853143 -0.00625548  0.12373731 -0.02882753
  0.02206057  0.02970757  0.06602356 -0.01402493 -0.00099341 -0.00043004
  0.08574887  0.01589249  0.00903858  0.01578306  0.04415046  0.03314159
  0.02250054  0.04049126  0.0025468   0.08178249  0.01226958 -0.07837938
  0.04345818 -0.01251944  0.00374319  0.00751143  0.05774685  0.04881782
 -0.01853254 -0.01813571  0.06767875  0.01777616  0.0515306   0.04502354
  0.02184573 -0.01736218  0.01966884  0.01375082  0.07382968  0.00494647
  0.00803747 -0.00024921]
[[-0.07845633 -0.26552974 -0.06164857 ... -0.03768645  0.04581907
  -0.06628369]
 [ 0.10116517  0.23670104 -0.0858987  ... -0.39792514  0.05187754
   0.0876994 ]
 [ 0.10276714  0.13570821 -0.0562657  ... -0.14792473 -0.04966446
  -0.10917358]
 ...
 [-0.14079086 -0.25024856 -0.23629956 ... -0.01262563  0.15452002
   0.16344493]
 [ 0.10207133  0.16659703 -0.05732103 ...  0.22276205 -0.06366466
   0.33437567]
 [ 0.15460865  0.03731404  0.10360142 ...  0.08158803 -0.13348642
   0.22256284]]
[-0.04205275 -0.0037264  -0.01180045 -0.02295545 -0.01430537 -0.00333494
 -0.08567365  0.04745949 -0.05863912 -0.0089511  -0.01028681 -0.02620299
  0.05619677  0.01897949 -0.11095393  0.07191679  0.01097962  0.00750744
 -0.01541991  0.12318123  0.01959515  0.16344587  0.01009927 -0.00886681
 -0.1021912   0.05635171  0.11910346 -0.04323316  0.01818489  0.10459907
  0.01319952  0.01085724  0.03089589 -0.07534072  0.13638636 -0.03639398
 -0.16287166 -0.02669824  0.01786732 -0.02754562 -0.03182244 -0.04312206
  0.10258691 -0.01080775 -0.08955087 -0.07977691  0.0131308 ]
