[[ 0.04078732 -0.03581888 -0.06883156 ... -0.06291479 -0.03675228
   0.0362381 ]
 [-0.02133693 -0.0156751  -0.00450366 ...  0.01756585 -0.06365115
  -0.04849114]
 [ 0.04086693 -0.03045247  0.00103035 ... -0.02978115 -0.03876154
  -0.03372801]
 ...
 [ 0.05520049  0.00454619 -0.05521123 ...  0.05359669 -0.02578341
   0.04448071]
 [-0.06519692 -0.06961873 -0.07917106 ...  0.03299255 -0.06815567
  -0.00361081]
 [ 0.04253124 -0.02856371 -0.05107165 ...  0.00788819  0.04156255
  -0.06279595]]
[ 1.79376882e-02  6.94331264e-02  7.42069912e-02  2.97779727e-02
 -1.47325064e-02 -2.11738345e-02  3.19590205e-02 -9.69349532e-03
  5.46327649e-02  1.67813677e-01  1.45677716e-01 -1.27396938e-01
  1.06247989e-02 -1.67269281e-02  1.57735298e-01  8.58413940e-02
  4.82944106e-02  7.85553982e-02 -9.40401994e-03  1.17043341e-01
  4.91311329e-02  1.01021162e-01  1.61232546e-02  2.23652298e-02
  4.21524745e-02  5.69065724e-02  5.70625032e-02 -8.61391565e-03
  1.27282963e-01  1.25558804e-01  8.41138873e-02  8.68609827e-02
 -3.65025594e-02  9.28845088e-02  5.71298053e-02  6.95719430e-02
  6.80029046e-02 -3.36841469e-02 -1.61529521e-02 -2.33481408e-02
 -7.55490509e-02  1.48724345e-01  4.35381689e-02 -1.04569511e-01
 -1.06829322e-02 -1.27460012e-02  3.75063880e-02  8.41843179e-02
  4.47947094e-02 -7.29414583e-02  8.65320833e-02  5.48818185e-02
  8.98226089e-02  1.40531035e-01  1.80016491e-03  1.04250143e-01
 -5.31421864e-02  9.66941528e-02 -6.55109877e-02  7.26548554e-02
 -5.78723420e-02  1.22621820e-01 -3.58927668e-03  1.81174557e-02
  7.15348467e-02  8.71453756e-02  1.31166986e-01 -1.74499779e-02
  1.20742617e-01  1.19719917e-01  1.03565838e-01 -1.12840757e-03
  7.28409154e-02  3.21190648e-02  7.94404793e-02  1.86224175e-01
  1.14162894e-02 -1.95727717e-02  1.10207748e-01 -3.22540442e-03
  7.38466570e-02  2.27169400e-04  2.21489566e-02  1.87102722e-02
  4.23402328e-02  4.07085509e-02  9.56943278e-02  7.45573695e-02
  7.29225327e-02  4.81692688e-02  1.49057487e-01  1.59101568e-01
  1.98448984e-02  1.16885634e-02  3.31174906e-02  1.08091780e-02
  1.05171843e-01  1.32403354e-01  2.01838524e-01  4.58175573e-02
 -8.65875876e-02  1.84979637e-02 -9.96974895e-02  1.34546532e-01
 -4.68894453e-02 -4.81134724e-02  3.81452888e-02  1.00592453e-02
  5.04864238e-02 -1.71127098e-02 -3.21539934e-03 -3.55675949e-02
 -1.86992916e-04  5.32743433e-02  1.53788655e-01  8.23296613e-03
  2.73121111e-03 -3.44449590e-02  1.77729985e-02  2.58167747e-02
 -6.75673470e-02  1.37443700e-02  3.46711299e-04 -3.24640476e-02
 -5.78389989e-02  6.02230429e-02  7.71186099e-02  3.09673361e-02]
[[ 0.13184728  0.09378086  0.12559023 ... -0.08655188 -0.07570621
   0.06441165]
 [ 0.07172894  0.1240782   0.06482667 ...  0.15929021  0.08850884
   0.14224548]
 [ 0.0014668   0.01882672  0.04707598 ...  0.17268112  0.04097028
   0.08590205]
 ...
 [ 0.04396564  0.03378207  0.1538985  ...  0.10133262 -0.00342341
  -0.09082923]
 [-0.04447877 -0.1194214  -0.15443463 ...  0.08794852 -0.01791468
   0.08213317]
 [ 0.03682973 -0.02872742  0.1215362  ... -0.19852937  0.03478726
   0.07535907]]
[ 0.02113677 -0.01200931  0.03341379  0.12757328 -0.0392143   0.03982543
 -0.00687482  0.01502022 -0.01909086 -0.00949033  0.02625478 -0.02632702
 -0.0236731   0.03233719 -0.00531474  0.03905174  0.08200397  0.07177878
  0.05214816  0.0441918   0.09272215  0.05360535  0.05171804  0.02588695
  0.00620273 -0.00933213  0.08963439  0.03493775  0.01412297  0.01980531
  0.04125801 -0.01220514 -0.05574403 -0.0675939   0.05261791 -0.02912562
  0.02845383 -0.00884717  0.00168607 -0.00811652  0.12884191 -0.0012496
  0.03562208 -0.03932107  0.01755271 -0.00764767 -0.02351738  0.01243309
 -0.00578197  0.01701147  0.01861009 -0.01876392  0.0901568   0.03341432
  0.0011928   0.08128686  0.08568741 -0.0696921   0.08969775  0.06651001
  0.05450733 -0.01320739 -0.0153417   0.06200621  0.06760291  0.01033215
  0.09627656  0.08223274 -0.00680293  0.02289876 -0.00019244  0.02836891
  0.00483616  0.02298258  0.04156666 -0.01549601  0.06577619  0.06799048
  0.01140823  0.0380131   0.06449797 -0.01223255  0.02269065 -0.06060956
  0.04186127  0.07681495  0.02215144  0.01851191  0.0550845   0.02848641
  0.03093402 -0.02244517 -0.01692405 -0.00015194  0.04740074  0.04966372
 -0.00145118  0.10527046 -0.01195698  0.02810779  0.02400479  0.02532456
  0.0365858   0.04545454  0.04936055  0.0469683  -0.00674205 -0.06663316
  0.00018988  0.02437564  0.08225082  0.00344597  0.07175757  0.03983768
  0.01187861  0.10407389 -0.05827821  0.00092156  0.10232424  0.01043828
 -0.00525307  0.03040312  0.02767889  0.04614387  0.01198366  0.08080306
  0.02565818  0.10956473]
[[ 0.10820301 -0.02827613  0.04295809 ...  0.01750033  0.13138465
  -0.04847588]
 [ 0.19896431  0.10695497 -0.00194493 ...  0.15739078  0.19642694
  -0.1342927 ]
 [ 0.13394886 -0.12195848  0.00179727 ...  0.10203662  0.11663356
  -0.01407668]
 ...
 [-0.24650844 -0.01545764 -0.11253383 ...  0.19079699  0.12451248
   0.07887094]
 [ 0.01121989 -0.16428032 -0.01768927 ... -0.06415344  0.17711407
   0.1878413 ]
 [-0.05523611 -0.05388046 -0.02755445 ...  0.06878482  0.04308038
   0.04519884]]
[ 3.77951581e-02  4.75796968e-02 -4.08831027e-02  5.15331296e-02
  2.46849169e-02  4.07903014e-02  1.26068889e-03 -3.59558449e-02
  2.36305825e-02  3.90435412e-02  3.97022760e-02 -1.00729597e-02
 -7.77065976e-02 -1.26021992e-02  3.40526690e-02  5.55712172e-02
 -4.47640097e-03  4.43284650e-02  4.81508566e-04  2.78797236e-02
  5.18414292e-02  1.09280246e-02  5.70326625e-02 -9.25957719e-04
  4.52745731e-02 -2.93980474e-02  1.33326668e-02 -1.09653029e-02
  8.88817911e-02  3.14711340e-03  2.36409756e-02  9.33378080e-03
  4.88191823e-02  3.96661519e-02  5.74033547e-02  1.16873471e-02
 -8.86867991e-04 -2.87993747e-02 -6.08998451e-03  4.32484678e-04
 -9.60448720e-05  1.51627405e-02  7.18183160e-02  4.07572045e-03
  6.54801438e-02  2.51058305e-02  1.35254737e-02 -4.34538160e-02
  6.11933384e-03  3.00252964e-02  1.90841900e-02  3.96170170e-02
  5.74955930e-02 -4.56906740e-03  1.03857282e-02 -2.62197780e-02
  5.34209700e-02  2.21407593e-03  7.82186272e-03 -8.18153744e-02
 -2.58252505e-02  3.46200788e-02  9.29547471e-02  1.15752746e-02
 -6.52344205e-03  7.35450875e-02  3.90778170e-02  3.30301648e-02
  3.16005876e-02 -2.41820783e-02 -2.68578874e-02  3.39535025e-02
 -3.27072719e-02  1.00601053e-01  1.20457553e-02 -2.33292771e-02
 -1.54797645e-02  5.18300853e-02  4.41968576e-02 -2.82984122e-04
 -3.77226476e-02  1.86999180e-02 -5.64898572e-03  5.29743112e-02
  3.40344957e-02  1.71557498e-02  1.32917753e-03  8.00527157e-02
  3.36485495e-02  1.03503577e-02  6.52669250e-02  7.00512561e-02
  9.23853480e-03 -9.21628233e-03 -1.08902158e-02  8.58230365e-02
  8.14357485e-02  1.05417357e-02  3.44065263e-02  5.38334017e-02
 -2.87438250e-02  5.73774451e-02  8.15280383e-03 -3.77093314e-02
  9.98732083e-03  4.54289097e-02  9.08640590e-02  5.55663650e-02
  3.36788179e-02  1.44410278e-02 -5.60797082e-02 -4.00053086e-03
  1.17939811e-02  5.42144816e-02 -1.10918236e-02 -4.45131734e-03
  3.27261169e-03  2.13265304e-02  4.66544534e-02  9.04877939e-03
 -6.22762084e-03  3.10974617e-02  4.45277671e-02  2.84260315e-02
  1.93548406e-03 -2.51845499e-02  9.06899181e-02  5.78257526e-03]
[[ 0.07611032  0.10010557 -0.06298782 ...  0.16630574  0.19528905
   0.1397063 ]
 [-0.01415499 -0.17111324 -0.13828405 ... -0.0280017  -0.04160694
  -0.00838336]
 [ 0.21558728 -0.02465248  0.10480206 ... -0.10109023 -0.06352868
  -0.11068363]
 ...
 [-0.14006534 -0.012418   -0.11715325 ... -0.1516957   0.11600028
   0.00603059]
 [ 0.08902755 -0.06410173  0.22844252 ... -0.01234725 -0.10992792
  -0.01463462]
 [ 0.15177543  0.03886398  0.08632804 ...  0.01586579  0.09891874
   0.04743595]]
[-0.01923046  0.07310877 -0.05403844  0.08419792 -0.00523115  0.00835411
  0.00292091  0.01676711 -0.00828017  0.06468976  0.00275782  0.0040408
  0.02817884  0.05652913 -0.01503811  0.00158765 -0.01667411  0.02351503
  0.03427543 -0.01630341  0.04238791 -0.05694048 -0.00422211  0.0609433
  0.0679717  -0.00511047  0.05696185 -0.00745404 -0.06586766 -0.00133979
  0.02088161  0.01736138 -0.01286447  0.05469998  0.10406873  0.04885159
  0.0031687  -0.01230772  0.05489708  0.02943766 -0.05842098 -0.08151111
 -0.02041142 -0.01291099 -0.01642393  0.0982596   0.00292537  0.04035132
  0.01464376 -0.04012138  0.01928281  0.07618853  0.07003055 -0.07289306
  0.02480016  0.00404426  0.00474404 -0.01833772 -0.06552785  0.00664808
 -0.00635688  0.05557316  0.03773608  0.05680316 -0.01303873  0.01550079
 -0.03733472  0.05646414  0.00452904  0.08307132 -0.07640321 -0.00835271
  0.0179035  -0.06741319  0.05213162  0.01055828  0.00397227 -0.02360561
 -0.00035631  0.00981125  0.02424151  0.00599551  0.09732342 -0.02458486
  0.03135851 -0.00910998  0.00699098  0.0159405  -0.01136778 -0.0059498
  0.03568949 -0.01936805  0.02559136  0.00928842  0.07343768  0.04603828
  0.0146218   0.00954271 -0.00766975 -0.01385899  0.04236361 -0.01870228
  0.05129208  0.04245897  0.0135309   0.03557926 -0.01333872 -0.01439197
  0.00610085  0.0028701   0.03227444 -0.03328245  0.02851643 -0.00598639
 -0.04228281  0.00676659  0.09184133  0.00486127 -0.03644087  0.1079021
  0.01768951 -0.00237718  0.05606992  0.06163683 -0.04696952  0.05254413
  0.01333154  0.03155995]
[[ 0.24531677  0.05713377 -0.01490546 ... -0.00693446 -0.05632814
   0.10393327]
 [-0.15119751  0.06446069 -0.07235775 ... -0.0693062  -0.10802461
  -0.12166618]
 [ 0.11897983 -0.02496857 -0.08075801 ...  0.14291052 -0.15256856
   0.31577157]
 ...
 [-0.12273593  0.04415992  0.10371151 ... -0.24102762 -0.07193157
   0.0324888 ]
 [ 0.27971728 -0.11848342  0.16273739 ... -0.07619829  0.06345972
  -0.08940676]
 [ 0.22990336 -0.15385261  0.1354357  ... -0.0193098  -0.21360565
  -0.29844944]]
[ 0.01434844 -0.05486134 -0.01296965 -0.0549493  -0.00074145  0.02849508
 -0.06344985  0.01083944 -0.05678069  0.00841833 -0.01968954 -0.05627995
  0.00667418 -0.0390459  -0.09407342  0.10068624  0.02728566 -0.0021419
  0.03592083  0.05909545  0.02119205  0.15438764  0.04509365  0.00979909
 -0.07366209  0.05466675  0.02805408 -0.03064496  0.02542531  0.06409725
  0.01556015 -0.0048421   0.04037911 -0.08220956  0.18160688 -0.03477057
 -0.05707191  0.03678226  0.08139459 -0.07039131 -0.09059746 -0.03954652
  0.10235593 -0.01894245 -0.0899352  -0.09156152 -0.01339974]
