[[-5.85130096e-02 -7.04960502e-02 -3.34367790e-03 ... -2.06430176e-02
   4.68244961e-03 -3.12902307e-02]
 [ 5.02437357e-02 -6.45110525e-02 -7.35498111e-02 ...  4.59488677e-02
  -4.03400872e-02  6.41936611e-03]
 [-2.35218537e-02  5.44126077e-02 -3.46302584e-02 ... -6.31074465e-02
   3.11927223e-02  2.76056310e-02]
 ...
 [ 3.49788318e-03 -3.03383824e-02  2.53093985e-02 ... -5.76064247e-02
  -7.72537305e-02 -2.27575789e-02]
 [ 7.27170058e-02  7.73715787e-02 -6.08428412e-02 ... -7.42937071e-02
   8.71499340e-03  6.28567909e-02]
 [-8.70293210e-03  1.77563221e-02 -2.45565690e-05 ...  1.54352084e-02
   6.53870760e-02 -6.89245450e-02]]
[-1.43364093e-02 -1.12764783e-02  9.03912331e-02  9.64886589e-03
 -1.85684918e-02 -1.62191622e-03  1.14936577e-01  3.76746984e-02
 -1.05654295e-01 -2.38364562e-02 -2.42576693e-02  1.80008643e-02
  5.70288217e-02  5.07846694e-03  1.23784983e-01  1.04621172e-01
  3.58299330e-02  1.05748022e-01  1.14073580e-01  9.10583127e-02
 -2.58540878e-02  1.10581974e-03  6.90698480e-02  7.06679298e-02
  1.25624495e-01  5.19031985e-03 -3.19876721e-02  6.25016096e-02
 -3.37318436e-02 -2.79655063e-02  6.28307037e-02 -2.28052101e-02
  7.36011598e-02 -8.00446874e-02 -2.87300408e-03 -7.09871396e-02
 -3.01165837e-02  8.90208488e-02  6.50356294e-02  1.17930704e-01
  2.59147416e-02  6.04711081e-02  7.71251123e-02  1.72170899e-01
  5.80070882e-02  3.70092970e-02 -3.41557590e-02  3.78461985e-02
  7.36985901e-02  2.99865576e-02  9.61488840e-02  1.39066914e-02
  9.59946775e-02  9.18509818e-02  7.84520206e-02 -1.24214395e-02
  6.92398943e-02 -2.26146150e-03 -1.43463923e-02  1.44330876e-01
  5.85011816e-02  1.19356656e-01  4.37487362e-02  1.46318593e-01
  3.18039831e-02  6.03410985e-02  1.43662895e-01 -4.43177546e-02
  3.29065743e-02  3.97914576e-02  9.66673912e-02 -4.53366869e-02
 -4.15291105e-02  5.54821041e-02  5.92246949e-02 -6.76037771e-02
 -2.68329710e-02  5.03126376e-02  7.93059254e-02 -2.87479290e-02
  6.53841202e-02 -1.09683689e-02  9.88262249e-02  1.18004987e-02
 -2.06158348e-02 -3.14770434e-02  5.03971144e-02  8.17607974e-02
  1.65656369e-01  6.81910955e-02 -9.47492446e-02  1.86624745e-02
  2.67060784e-02  6.41736813e-02  3.14332923e-02  1.22991100e-02
 -3.97133870e-03 -2.32619194e-02  6.53848362e-02  2.26769367e-02
  6.44808265e-06  8.80639351e-02  1.03742072e-01  2.84687815e-02
 -4.01017126e-02  8.90693488e-02  2.98103711e-02 -3.79665287e-02
 -1.75262770e-02  7.63278695e-02  1.70920617e-01 -1.93699453e-02
  9.74258588e-02  5.35441349e-03  7.35569779e-02 -1.15408884e-02
  9.48403294e-03  9.44727642e-02  4.25585553e-02  1.82213776e-03
 -1.31658922e-01  1.55370386e-01  2.37811773e-02  4.15071797e-02
  1.12140220e-01  6.64880564e-02  5.90523792e-02  1.01682943e-02]
[[-0.03849446  0.09449088  0.11747728 ...  0.08272765 -0.03959152
   0.00713612]
 [ 0.03371571 -0.21352619  0.1452025  ... -0.13410488  0.12495471
   0.22222339]
 [ 0.16645944 -0.15479539 -0.12836051 ... -0.06214535  0.01085185
   0.05231026]
 ...
 [-0.0897739  -0.03867366  0.12650306 ...  0.00320822 -0.11699784
   0.04894871]
 [-0.08722289 -0.03063834 -0.11636812 ...  0.03275617 -0.11387297
  -0.15107081]
 [-0.07932755 -0.11853376 -0.15715713 ...  0.01695904  0.00407279
  -0.12711087]]
[ 1.66438099e-04  5.41367339e-02 -2.79214087e-02 -1.68780186e-02
  1.00988214e-01  2.76250168e-03 -4.83785828e-04  2.70270774e-02
  4.17290471e-02 -1.83940454e-02  1.02743309e-02  6.57344512e-02
  7.10651504e-02  9.90944457e-03  1.15492789e-03 -2.37633751e-02
 -1.93046016e-03  3.82966859e-02  7.90671561e-02 -7.25478391e-02
  1.18995916e-01  1.04622408e-01  2.19616650e-02  8.64071629e-03
  8.70231659e-02  6.69227855e-02  1.59229971e-03  5.01904940e-02
 -8.92235589e-05  2.57938224e-02 -1.08136072e-02  3.86734948e-02
  3.44550983e-02  4.27522151e-02 -2.39189633e-02  9.48707154e-02
  2.19036350e-02  3.15942039e-02  3.64276735e-02  2.96386934e-02
  8.69080695e-02  8.37677615e-02  3.22940173e-02 -1.84862186e-02
  3.58755765e-02  5.79175789e-03  7.95757616e-03  1.04951099e-02
 -6.26885803e-02 -2.36533558e-02  4.76098756e-02  5.38835805e-02
 -8.57483909e-03  5.43013773e-02 -1.62352632e-02 -2.75935143e-02
  1.01259985e-02 -8.54726390e-02  7.76553609e-02  1.13024754e-03
  3.85600684e-02  1.09200826e-01  2.51134737e-04  2.88957087e-02
  6.26715844e-02  6.92550153e-02  9.62150210e-02 -2.23346711e-02
  2.70727011e-02  4.50535262e-02 -4.19636652e-02  4.79580145e-02
 -1.37338876e-02  7.10071519e-02 -1.90860960e-02 -7.63389142e-03
  8.05058272e-02  2.88925644e-02  1.10447171e-02  4.39500017e-02
  1.15258749e-01  5.63021896e-02 -5.81193480e-02 -2.25443546e-02
 -2.20762307e-02  3.84054175e-02  7.22574049e-02  2.12727920e-02
  2.04132917e-02  1.17186606e-03 -1.46469822e-02  3.59876878e-02
  1.29482262e-01  1.39346303e-02  2.38642853e-02  8.56329969e-02
 -2.12657193e-02  9.43054417e-02 -5.78101538e-02  6.48413678e-03
  4.84760523e-02  9.95427006e-03  1.30535646e-02  6.69947694e-02
 -5.07958538e-02  5.43909440e-02 -1.50102511e-02  3.55847902e-02
  2.84787115e-02  1.24987376e-01  2.97236882e-02  7.13796655e-02
 -1.64840182e-02 -5.15743481e-02  1.36933711e-01  3.66178156e-02
 -3.72749815e-02  3.69977802e-02  3.03049432e-02  6.83993344e-02
  2.96705122e-02  1.65767298e-02  1.16148445e-02 -1.09894908e-04
  3.44203866e-02  3.70171035e-02  6.97436777e-02  3.54157723e-02]
[[ 0.00601829  0.17493207 -0.11541758 ...  0.08647329  0.01221893
  -0.00116042]
 [-0.0629661  -0.18468875  0.0530831  ... -0.16892549  0.13608618
   0.03896536]
 [-0.12106341  0.06986783  0.00224066 ...  0.16628322 -0.03148963
  -0.13904939]
 ...
 [-0.01499025  0.1737467   0.13329927 ...  0.05908507  0.02159038
  -0.08654728]
 [-0.0306225  -0.08696611  0.06485553 ...  0.1373055  -0.16932075
  -0.15206634]
 [ 0.06113851  0.05623466  0.08137316 ...  0.2148575  -0.02390023
  -0.09147277]]
[ 0.04549738  0.05142833  0.06902515 -0.02527283  0.00985425 -0.0233612
  0.04532937  0.02210216  0.00157141  0.03662739 -0.00589337  0.02474934
  0.10054285  0.01772012  0.13958597  0.03665234  0.07175525  0.01762321
 -0.03455163 -0.00325883  0.04273686  0.03153927  0.01110025  0.06140323
  0.03176671  0.05171899  0.09090477  0.01084056 -0.0214291   0.02573214
  0.10851236  0.07946749  0.09273164  0.01868234  0.0046537  -0.03273336
  0.00313267  0.00463864 -0.05825161 -0.01844051 -0.00666064 -0.04457959
  0.09883573  0.00702314  0.09927208  0.04823999  0.07828322 -0.0282887
  0.048935    0.04909704  0.00423864  0.01639193 -0.02152163  0.04137201
  0.06703397  0.09063585  0.00857421 -0.04695272  0.0077617  -0.00747591
 -0.00821019  0.02798823  0.00140396  0.00991103 -0.00443907 -0.05954067
  0.02192765  0.03461046  0.07568179  0.00353875  0.05833665  0.02744909
  0.02454546  0.11919563 -0.0099062   0.00076391  0.02143799 -0.01519817
  0.04365752  0.00018385  0.01860207  0.00337152  0.09812108  0.00476036
 -0.0011631  -0.08183485 -0.00331863  0.04871413  0.01368803  0.01486953
 -0.02099668  0.03244886 -0.02383979 -0.01689647  0.03287276  0.00271453
  0.02122284  0.00572664 -0.07794155  0.01649803  0.01929613  0.00930209
  0.09212142  0.08324766  0.11272168 -0.04903845  0.02127986 -0.01937721
 -0.00624408  0.0168189  -0.00321786 -0.00626714  0.00995009  0.11548369
 -0.00239428  0.04105208 -0.02530472  0.08701061  0.06480517 -0.00617275
 -0.00319196 -0.02034443 -0.03013082 -0.0088835  -0.04486647  0.03827121
 -0.00437487  0.05034666]
[[ 0.07419835  0.09062916 -0.1018238  ...  0.01904029  0.2431073
   0.12790746]
 [-0.02291258  0.12023945  0.00983616 ...  0.02668817 -0.10695453
   0.15321755]
 [ 0.09291052  0.23162206  0.01302573 ... -0.16195913  0.22847571
   0.17830716]
 ...
 [ 0.07462547 -0.00440073  0.19906155 ... -0.12487549 -0.08735082
  -0.02344176]
 [ 0.09816202 -0.02123027 -0.11696635 ...  0.01837472 -0.02028869
   0.11697281]
 [-0.04008805  0.08806486  0.08419774 ...  0.28999558 -0.02617263
   0.15750661]]
[-0.00326083 -0.04494215  0.0478832   0.03150584  0.01842536  0.0352402
 -0.00712493  0.09346588  0.02703566 -0.06539677  0.01354744 -0.01058028
  0.06023446  0.00597403  0.03353579 -0.00556698  0.0276246   0.00666557
  0.06382966  0.10096576  0.0465201   0.0529438   0.07911143 -0.00374034
 -0.00395336  0.05541585  0.00246813  0.01839153  0.0088217   0.0384858
 -0.00240462 -0.00375845 -0.01738181  0.01293534  0.01009287  0.00974917
 -0.02250332  0.06308832  0.06225013  0.06376532  0.04516333  0.09612224
  0.0149419   0.08019149  0.00333748  0.01024944  0.07775191 -0.03136097
 -0.00344111  0.02382733 -0.01424669  0.01212081  0.05323195 -0.00045928
  0.01382729  0.00149572 -0.03592785  0.01348205  0.01222857 -0.03990758
  0.03942576 -0.01271461  0.0015909  -0.00394367  0.02261442  0.00563766
  0.0219326  -0.00865758  0.00346334  0.07124638 -0.00864    -0.0658798
  0.0281863   0.04326083  0.02241871 -0.0018225   0.07085996  0.07464534
 -0.08028356  0.03874406 -0.08804003  0.01655275 -0.03174306 -0.02547018
  0.00966096  0.05659891 -0.00831467 -0.02469931 -0.01232436 -0.00082872
  0.02208539  0.03236821 -0.05581727 -0.0116222   0.01392645 -0.00019532
  0.01833254  0.05699962  0.0284514   0.02107287  0.01821237  0.06615249
  0.02441563 -0.04293312 -0.00820762 -0.04783148  0.01584654 -0.00555916
 -0.01616936  0.03561321  0.16762514  0.00789432 -0.01039896  0.00662727
 -0.06764424 -0.04075355 -0.04879489  0.01784495  0.06052601  0.0114596
  0.00783331  0.00911288  0.02400884  0.00105074  0.07543354  0.04666716
 -0.02724135  0.01554167]
[[-0.08661864 -0.10637652  0.02206101 ... -0.17631173 -0.16798689
   0.0296058 ]
 [-0.3181348   0.05442608 -0.22681287 ...  0.12288009  0.19555657
   0.16755969]
 [ 0.30643885  0.35579506 -0.11105824 ...  0.3065074  -0.01037376
  -0.10694547]
 ...
 [ 0.2772249   0.07321855  0.12231672 ...  0.16291973  0.20188611
  -0.05517364]
 [-0.15039845  0.05361098 -0.28416986 ...  0.08900358  0.19662497
  -0.25288873]
 [ 0.03217468 -0.19000251  0.00083958 ...  0.07261093  0.18378258
   0.34501369]]
[-0.03434613 -0.05465036 -0.01142665 -0.01648442 -0.03099378  0.05813706
 -0.02469086  0.00452976 -0.08168144 -0.06199743 -0.01813349 -0.03103278
  0.05110116  0.02194819 -0.02917372  0.10446146  0.04030297 -0.00749613
 -0.01532893  0.13247409  0.01466982  0.18806465 -0.03814645 -0.00069235
 -0.05550333  0.02108874  0.06984342  0.02104859  0.05580476  0.14177908
 -0.00971777 -0.00296321  0.01688991 -0.06762123  0.12735096 -0.04314526
 -0.10275805  0.00145142  0.04025187 -0.02928954 -0.07109129  0.01247702
  0.06891417 -0.0436288  -0.14602926 -0.16584381  0.00127737]
