[[-0.00754725 -0.04278197 -0.07475228 ... -0.0350608   0.04476781
  -0.05924486]
 [-0.05117689 -0.00579382  0.03229181 ...  0.01050397 -0.056196
  -0.01289205]
 [-0.06648579  0.02194012  0.05735893 ...  0.03115761  0.01638612
  -0.01115321]
 ...
 [-0.05423142 -0.00211116 -0.05154653 ... -0.06900429  0.00693863
   0.01299884]
 [-0.0546702   0.04512794  0.06222587 ...  0.06919364  0.03736623
  -0.07803055]
 [ 0.05942825 -0.00366891  0.02140073 ...  0.01427426 -0.01141578
   0.01910619]]
[ 0.02612709  0.10470086  0.06992709  0.06792884  0.01389334 -0.00889492
 -0.01929841 -0.04151842  0.041258    0.0032309   0.09615391 -0.00406696
  0.12848471 -0.00443461  0.18857603  0.10575262 -0.12186403  0.04862929
  0.08132616  0.16235114  0.02103563  0.16464665  0.00932494 -0.03322411
  0.05940892  0.046455    0.03521085 -0.16155653  0.00417102  0.0417966
  0.11180543  0.09138622  0.03940107  0.05808156  0.02886571  0.05985602
  0.0824011   0.12321936  0.04149755 -0.02985791 -0.05703732  0.09511223
 -0.01833594  0.02852304  0.08984484  0.00558082  0.00850357 -0.01330911
  0.02792686  0.02914523  0.00031834  0.08026236  0.03447036 -0.00247303
  0.0305576  -0.07650897  0.1081754  -0.07043398  0.08769825 -0.02491793
 -0.10613094  0.10649331  0.09922326 -0.02281403  0.01762943  0.04101833
 -0.00278986  0.05171187 -0.01304445  0.07429977  0.00372222  0.04500984
 -0.07958487  0.05029913 -0.15364583  0.13361125  0.01239361  0.05557113
  0.01378549  0.1170866  -0.01222207  0.01110656  0.0126186   0.05182625
  0.01595093  0.0758985   0.02408303  0.15964203 -0.00574877  0.10924115
 -0.03112304  0.01858706  0.05591808 -0.0032345   0.10845802 -0.13423142
  0.00298966  0.10230723  0.0237804   0.00999361  0.07959423  0.07226472
  0.0740159   0.07250752  0.12878681  0.05494741  0.12359526 -0.04444025
  0.17886213 -0.08600963  0.13327408  0.16427567  0.03779528  0.10750417
  0.0852518   0.08992718  0.14398796  0.05118195  0.05551223 -0.10767298
 -0.00296606  0.03027879  0.12140525  0.11125665 -0.02580888  0.02123188
 -0.09044401 -0.06152289]
[[ 3.86210063e-02 -1.27100778e-01 -3.91412088e-02 ... -1.31123996e-02
  -9.02667995e-02 -7.20706959e-02]
 [-1.21722552e-01  1.43708826e-01  1.07284910e-01 ... -7.74994278e-02
   2.23540337e-02  5.14742541e-02]
 [-7.42746480e-02 -1.68499793e-01 -1.93951187e-01 ...  5.17748415e-02
   1.04183386e-01  6.67238059e-02]
 ...
 [-6.33477320e-02 -1.10815630e-01 -8.09542187e-02 ...  1.35835208e-01
   1.83649132e-02 -6.00992114e-04]
 [-7.16040185e-02  3.42660232e-02 -6.91270796e-02 ...  1.00369175e-02
   3.21745099e-02 -8.11336966e-02]
 [ 9.73479531e-02  1.79021821e-04  2.32459755e-02 ... -8.62204425e-02
   1.13277082e-02  1.02441773e-02]]
[-0.00381197 -0.01431134  0.00244232  0.00596496 -0.00587169  0.08576202
  0.01642988 -0.01964549  0.02077253  0.05877088  0.01050017  0.05361374
 -0.00180649 -0.01881651 -0.00177495  0.03956793  0.04883998 -0.01986695
  0.0777939   0.03633566  0.04705418  0.02449548 -0.00031206  0.01192172
  0.04250266  0.02021971  0.0126736   0.0031948   0.10849859  0.02599455
 -0.00357027  0.06354989  0.00556453  0.11684906  0.11117564  0.02540046
  0.00558036  0.02053155 -0.00471902  0.06952873 -0.00442266  0.06173869
  0.00775838  0.01379048  0.0731072   0.02580645 -0.00340647  0.03349427
  0.05474692  0.10849209  0.07330127  0.01034828  0.00048434  0.04722405
 -0.01846611 -0.0520499   0.00607549 -0.00342815  0.05308916  0.03386315
  0.017632    0.04337993 -0.02378632  0.05137336 -0.04208398  0.00141466
  0.01863294  0.05151168  0.00500659  0.09309508  0.0467118   0.00219293
  0.07384764 -0.0092115  -0.01933471  0.03481276  0.01073672  0.04688516
  0.08401329 -0.00330761  0.03679346  0.0164787   0.00908986  0.10919594
 -0.00645578 -0.00052452  0.03648082  0.00281927  0.05210124  0.01039098
  0.06056126  0.00102792  0.03856591  0.07002083 -0.01244267  0.07465626
  0.05670092  0.01648795  0.0614565  -0.0046281   0.11015535 -0.01207917
  0.06337668  0.09031397 -0.01227097  0.0214514   0.03116427 -0.06803197
  0.10592314  0.092832   -0.0389762   0.00227029 -0.06116405  0.00498318
  0.11801283  0.022669    0.07399033 -0.00480999 -0.0031443   0.00305652
 -0.00792153  0.02756044  0.08962039  0.05022626  0.0262291  -0.00430833
  0.04338085  0.01965833]
[[-0.06482011 -0.04722533  0.07276774 ...  0.16696878 -0.0159268
  -0.0361388 ]
 [ 0.09225706  0.00188337 -0.23477519 ... -0.18141337  0.04410185
   0.10170438]
 [ 0.12580157  0.14055329 -0.00235106 ...  0.00414623 -0.12592823
  -0.0208764 ]
 ...
 [ 0.0024854  -0.14328249 -0.07102546 ...  0.18923599 -0.02679165
  -0.06476914]
 [-0.10485341 -0.05314187 -0.23022708 ...  0.07920848  0.02568438
  -0.14164166]
 [-0.12017163 -0.13100329  0.05915129 ... -0.00237181  0.12673538
  -0.11470353]]
[-6.73992699e-03  1.03915386e-01 -6.65950879e-04  1.63548654e-02
  4.97189328e-02  6.70127867e-02 -2.45477576e-02 -6.26315965e-03
 -1.62092051e-04  5.43611390e-02  1.87501707e-02 -2.04389972e-02
 -6.99736151e-04 -2.29459636e-02  2.55545799e-02 -1.45198449e-03
 -2.14881014e-03 -2.72797026e-02  6.66835064e-02  5.18665068e-02
 -1.11457720e-02  2.16318602e-02 -1.06453559e-02  1.67218639e-02
  6.53914164e-03 -9.48787703e-03  9.31846408e-03  6.04036947e-02
  1.76095651e-02  7.26828126e-04  1.07818388e-02  5.09986206e-03
  4.92080600e-02 -1.69207120e-03  6.56459966e-03 -6.36049352e-03
 -6.07028625e-02  5.71532387e-02 -7.32552671e-03  1.38864811e-03
 -2.64732299e-03  1.48050521e-02 -9.58097601e-03 -4.40050886e-03
  1.07259119e-02  9.72364115e-04  9.81278938e-02  1.33818113e-02
 -2.45530456e-03  1.77265428e-02 -3.76991408e-02  8.97477334e-02
  2.41576860e-02  6.75935749e-02 -7.64030134e-02  7.44785195e-03
  2.64291095e-02 -7.76382287e-03 -9.16319621e-03  1.35796498e-02
  9.88822382e-03  4.54572755e-02  1.63532872e-02  1.26978088e-02
  7.88583695e-03 -7.06626900e-03 -2.71339521e-02  3.09774259e-02
  8.25191163e-02  1.57068613e-02  5.10385193e-02  8.32178757e-02
  1.10266809e-03  9.49127014e-03  5.46825749e-02  1.81336380e-02
 -5.56616549e-03  5.45957377e-02  5.54962978e-02  5.48177709e-02
  6.59338732e-03  4.65469749e-02  1.30875503e-03  2.06530003e-02
 -9.72463874e-03  1.10798862e-01  1.02602582e-01 -1.60202637e-02
  2.88267667e-02  2.47920178e-02 -3.39861511e-02  2.84806890e-02
  2.39164245e-02 -3.70783312e-03 -8.37447480e-03 -3.77109437e-02
  1.60961280e-02  1.51032696e-03  7.30962369e-03 -8.62114458e-03
  1.16552785e-03  1.27482607e-01 -6.87806048e-05  3.70662654e-03
 -1.53982159e-02  1.89622156e-02  1.02727275e-01  5.00941230e-02
  5.80485775e-02  2.78657218e-02  3.83224728e-02  3.17117248e-02
  5.72861918e-03  6.14001625e-02  1.15489393e-03  1.28456510e-02
 -2.94089883e-04 -1.94119047e-03  3.46043044e-02 -8.02292470e-03
  3.68474356e-02 -2.35377075e-02 -1.29153056e-02  2.15249040e-02
 -5.09305450e-03  6.27038912e-02  9.28368492e-02  4.54574672e-02]
[[-0.07766433  0.10991763  0.03381858 ...  0.16024467 -0.09834649
  -0.07669485]
 [-0.00364025  0.01863694  0.07436116 ... -0.01262104  0.11943094
  -0.0033191 ]
 [-0.28201774 -0.16158758  0.07371338 ... -0.11142223 -0.0902172
   0.15739394]
 ...
 [ 0.13558327 -0.04940078  0.12331892 ... -0.01100282  0.1077058
  -0.06392535]
 [ 0.04984064  0.08082876  0.15346075 ...  0.03446813  0.13621857
   0.08838998]
 [ 0.04703959  0.04932494 -0.00803076 ...  0.19918818 -0.0354646
  -0.19126025]]
[-8.68932692e-03 -4.28499409e-03  4.17087054e-02  4.44897509e-02
 -3.33949620e-02 -1.67506111e-03  4.60169429e-02  1.75863712e-02
  8.21823621e-04 -8.79104995e-04  1.64989016e-03  2.03997356e-02
  9.67686803e-02  3.89614562e-02 -7.27392297e-03  3.38629546e-02
 -1.87094205e-02  5.34497529e-03  2.81786611e-02  2.21485911e-02
  2.48071216e-02  6.41846660e-02 -1.01856430e-03  7.54792697e-03
 -6.52447045e-02  5.49237876e-02  7.03551267e-02  1.87267671e-02
  1.22230049e-02 -5.84036690e-02 -2.69841157e-02 -4.69823677e-03
 -1.06813006e-01  5.85834219e-02 -1.29813410e-02  6.24718270e-02
  4.29866648e-02  6.92371194e-03 -3.28931609e-02  8.17724592e-02
  8.14811075e-03  6.76335808e-02  5.26489700e-02 -1.12987764e-02
  2.96992069e-02 -3.21022638e-03  4.91205282e-02  9.97028455e-03
  5.78675030e-02  2.28290286e-02  1.33708132e-02  8.49151805e-02
  6.44816231e-02  1.18233188e-03 -1.49586685e-02 -2.31271817e-02
 -8.07896000e-03  1.02020979e-03  2.12702889e-02  2.02949472e-02
 -2.79573699e-02 -9.93537783e-03  1.95816501e-02  6.22793469e-04
 -4.18102057e-02 -6.84506501e-03  3.51291138e-02  3.51810176e-02
 -7.57988372e-03  7.88439415e-02  3.89679615e-03  5.17596183e-03
  3.93845032e-02 -1.29513753e-02  1.58979858e-03  4.35158878e-02
  8.69106738e-02  1.10277111e-01  7.31701873e-02  6.35134516e-02
  3.07430606e-02  2.16573385e-02  1.23042063e-02  2.90424347e-02
 -1.10229714e-02 -4.59877701e-03 -1.38861448e-02  4.73660896e-02
  6.30161203e-04  9.67902530e-03 -1.99081751e-02  1.16258347e-02
  6.40383495e-03 -3.85289185e-02  7.74620800e-02  2.84397353e-02
 -9.72677567e-03  8.61065046e-02 -1.29761514e-02  3.62404887e-02
  8.04306976e-03  9.94609619e-03 -1.30600464e-06  3.82643454e-02
 -1.32129985e-02  8.18067717e-02  4.42823515e-02 -2.24910681e-02
 -6.61330724e-03 -3.30527649e-02 -6.06739199e-03 -3.40274081e-02
 -1.62262465e-02 -4.68188662e-02 -7.31147956e-03 -1.16590276e-02
 -2.14052131e-03 -1.85745180e-02 -2.17152780e-02  7.22235608e-03
  3.85591322e-03  6.20002916e-03 -1.76870173e-02  2.93993443e-03
 -1.14071506e-01  1.11317020e-02  2.59641381e-02  7.00910473e-03]
[[-0.02543432 -0.12730669  0.15058895 ...  0.13129196 -0.13201788
  -0.10636697]
 [ 0.20538213  0.14390073  0.13325464 ... -0.02127611  0.14729353
  -0.00680123]
 [ 0.27964256 -0.17011411  0.27180692 ...  0.26996392 -0.11338819
   0.13022596]
 ...
 [ 0.04232656  0.06644054  0.05245522 ... -0.09800842  0.00248488
   0.2101629 ]
 [ 0.08139809 -0.09849822  0.02850127 ...  0.16101639 -0.12200429
  -0.06048136]
 [ 0.20908409 -0.16832675 -0.15218546 ...  0.19110578 -0.04440605
  -0.20706685]]
[-0.06397588  0.02766696  0.04135115  0.00417845 -0.04715953  0.04091922
 -0.07340181  0.05828602 -0.0242579   0.01663399  0.0283051   0.01334723
  0.02292864  0.02612301 -0.00452789  0.07654866  0.04151874  0.04363765
 -0.00468325  0.09259419  0.00138537  0.16596689  0.06199873 -0.04159407
 -0.09609795  0.06644594 -0.01925929 -0.04014849  0.03398869  0.08299991
  0.04500012 -0.07240124 -0.08152286 -0.09158205  0.1423894  -0.00916071
 -0.07932902 -0.01558688  0.00306222 -0.03649224 -0.0342674  -0.02787667
  0.10232909 -0.07053944 -0.11249086 -0.15796805 -0.03528189]
