[[-0.06948014 -0.06528419 -0.05496704 ... -0.06887111 -0.0061845
  -0.06211486]
 [-0.01306776 -0.03966493  0.08028694 ... -0.03436389 -0.05601061
   0.01470348]
 [ 0.05391732  0.06265902 -0.02099292 ...  0.04852516 -0.06874
   0.04216844]
 ...
 [-0.01554716 -0.01068502  0.06296577 ...  0.07399378 -0.06399481
   0.05216853]
 [ 0.07333621 -0.00934662 -0.03841679 ...  0.05098492 -0.06490615
  -0.05885813]
 [-0.0650527  -0.07469301  0.00717702 ...  0.05694785 -0.04716523
   0.07616553]]
[-0.14120592 -0.03381746  0.01321952  0.18143689 -0.0297261  -0.00388908
  0.14420406 -0.08914961  0.11469571 -0.01622392  0.03645992  0.04997784
 -0.16930127 -0.08673028 -0.01501432  0.08651832  0.02468218  0.01076975
  0.09481414  0.08754806  0.0810488  -0.00852714  0.00841152  0.01851185
  0.11872922  0.03209289  0.08039792  0.18557456  0.14431141  0.047332
 -0.06173723  0.10183661  0.17442213 -0.0370418  -0.03166962 -0.04769203
  0.06792335 -0.02291064 -0.13562963 -0.0322008   0.04869242 -0.02721521
  0.08228636  0.06724961  0.03796979 -0.0414655   0.01080789 -0.03631925
  0.03454465  0.03858466  0.06730875  0.1587699   0.08642864 -0.02151124
  0.02473287  0.04208515  0.13042169 -0.00599871  0.02856146  0.18377126
  0.14839491  0.08363517  0.16404094  0.06127189  0.12550653  0.09557289
  0.00808779  0.06861303  0.08008974  0.04552486  0.06292798  0.06783718
  0.01467276 -0.0041809  -0.05401874  0.06570626 -0.00885392  0.03843975
  0.08721607  0.15661167 -0.01848465  0.1149061   0.01460966  0.08377216
  0.04412186 -0.05030954  0.07069224  0.05620764  0.00650407  0.03301952
 -0.08417639  0.0181456   0.07995061  0.06385986  0.07867471  0.04594621
 -0.0589407  -0.02707278  0.0331464   0.03408653  0.11131285  0.06136955
  0.02154255  0.00123025  0.02808275  0.04092878 -0.0099372   0.07106421
 -0.04053747  0.15581381 -0.03920942 -0.02213283  0.09321403 -0.00364387
 -0.00035499  0.19797543 -0.04433553  0.03384629  0.02239703 -0.06232247
  0.04202435  0.10398544  0.04896683  0.10455837  0.12338215 -0.11913141
  0.04936492  0.07651211]
[[ 0.11551642 -0.02274402  0.15058319 ... -0.01665717 -0.00793134
  -0.08010648]
 [-0.04638039 -0.01446413  0.00498366 ... -0.05773079  0.00537557
  -0.1439748 ]
 [-0.14755905  0.18125021  0.17501331 ... -0.04987222  0.09972015
  -0.01521355]
 ...
 [ 0.21494557 -0.16176245 -0.06576473 ...  0.13237266  0.00727389
   0.1753218 ]
 [-0.00629786 -0.08572731 -0.06175159 ... -0.03099151 -0.11058889
   0.07116146]
 [-0.05784305  0.0901134  -0.16079639 ... -0.12110988  0.1183312
   0.22021604]]
[-3.51377542e-03  1.11738072e-02  7.63657007e-02  5.13827323e-02
  6.03107085e-02 -1.58652553e-05 -1.17022452e-02  3.59149508e-02
  9.30596747e-02 -1.31761445e-02  2.63741315e-03  7.78889383e-02
 -2.62050921e-02  1.42055387e-01  1.14336842e-01  1.64591487e-02
 -3.34019145e-02 -2.51671864e-04 -8.25962358e-03 -1.07143619e-02
  5.87095598e-02  1.05055896e-01  3.84538472e-02  2.09159809e-02
  3.74186194e-02  1.11435252e-02 -1.79499362e-02 -2.29021560e-02
  7.38751287e-02  1.09267056e-01  5.84963586e-02  6.46935300e-02
  2.93645112e-03 -4.53187602e-03  8.78888314e-02  2.45833174e-02
  2.26645364e-02 -6.70466985e-03  1.23086683e-01 -4.74261983e-03
  1.75778182e-02  2.34701023e-02 -4.03338035e-02 -1.27023178e-02
  4.98708254e-02 -1.04874190e-02 -4.41587999e-02  7.85025741e-02
  7.42989076e-03  7.82931079e-02 -5.92529280e-03  4.75817855e-02
  2.30585304e-02 -9.00870264e-02 -1.16890118e-02 -2.78497842e-02
 -2.31604103e-02  1.07650914e-01  1.11525051e-01  2.34835542e-02
  4.23955114e-02 -1.46262052e-03  1.17308195e-02 -6.50610781e-02
 -9.30185692e-03  8.23366437e-02  4.43924819e-02  9.58275399e-03
  2.63573206e-02  9.64438485e-02  4.89786989e-02  3.53102343e-04
  7.48356048e-03 -3.53380735e-02  5.63370382e-02 -2.49865191e-03
 -2.88742398e-02 -3.01861192e-03 -2.12411096e-02 -2.73759245e-02
 -3.65864941e-02  3.53893468e-02  2.45114486e-02  1.32585275e-03
 -2.41902161e-03 -1.75502518e-02  2.39689931e-02  4.91128608e-02
  7.47751583e-02 -1.94664374e-03 -2.84765532e-02 -6.15635433e-02
  1.15131237e-01 -1.84952214e-02  1.39093768e-02 -3.00896799e-02
  4.11380764e-02  2.32792699e-02 -4.93402286e-03 -4.92188579e-03
 -6.54125737e-02  8.93734019e-02  1.78163095e-03 -2.41454962e-02
  2.61301319e-02 -6.16538943e-02  6.39223850e-02  2.99335972e-03
 -4.53455149e-03 -4.25916979e-02 -2.61241436e-02  1.14225357e-02
  6.46607904e-03  6.56226021e-02  2.92918041e-05  4.24604489e-02
 -6.85249230e-02  4.75173569e-02  8.51679516e-02 -1.07425971e-03
  3.26181413e-02  5.39885529e-02  1.35200761e-01  4.54308457e-02
  1.43995657e-02  7.61265126e-02  3.03060127e-03 -9.93835457e-03]
[[-0.23347198 -0.04908098 -0.22539231 ... -0.0871899   0.10189976
  -0.13231102]
 [-0.05421757  0.10106395  0.03074015 ... -0.08985632 -0.11219474
   0.00607351]
 [ 0.09432963  0.08708493 -0.16038959 ... -0.13085057  0.11250523
  -0.10263106]
 ...
 [-0.0787447   0.00648753  0.2641866  ...  0.09811091  0.084672
  -0.22833582]
 [-0.06726908  0.01067923 -0.00242715 ... -0.18985873 -0.05002618
   0.11691139]
 [-0.04703628  0.22662589  0.0486118  ...  0.06033309 -0.08264822
   0.02529575]]
[ 0.13188694 -0.00181517  0.04736918  0.03399022  0.04609041  0.05759976
  0.01920493  0.10724316  0.03646313  0.00772922 -0.0223147   0.10813707
 -0.01797468  0.00708807  0.02556503  0.00684992  0.06484377 -0.02563493
  0.05653753 -0.00069539  0.03176622 -0.00431791  0.05941719 -0.03408078
  0.03850988  0.00398931 -0.01128528  0.06076257  0.00478511  0.02549134
  0.10178845  0.03480814 -0.00578388  0.00697668  0.08522114 -0.08416614
  0.01423471  0.01776819  0.04237518  0.00700514  0.04785634  0.09906318
 -0.00327514 -0.00437138  0.04538311 -0.0047428   0.01732025 -0.00665674
 -0.02486322  0.04970211 -0.02210269 -0.00285809  0.04183215  0.00278642
  0.00039947 -0.03761447  0.05794842  0.02866339  0.07203369  0.06065921
 -0.01559465  0.02129976 -0.01275156 -0.02875495  0.05779417 -0.00813135
  0.02808241  0.04560213 -0.00226901  0.02810641 -0.03737109 -0.00589354
 -0.00432972  0.0529658   0.02821237  0.03288927  0.00834219  0.0357086
  0.05468293 -0.01336002  0.00020323 -0.05436028 -0.00315262 -0.02050643
 -0.02175572 -0.00343979  0.10872065  0.02519786 -0.02740383  0.02333355
 -0.04453846 -0.00456167  0.03300751 -0.00997065 -0.02240823 -0.00725596
 -0.00547367 -0.00393121  0.01744681 -0.00087495  0.04314405 -0.02180676
  0.00731498  0.03606254  0.01567851 -0.0272982  -0.01575298 -0.00146479
  0.0353584  -0.00936037  0.01380425  0.05929651  0.07607041  0.01865481
  0.04367602  0.06573494  0.06548474  0.0284407  -0.02379902  0.03367497
  0.03310226  0.02148128 -0.02298167  0.03682195  0.04498918  0.05182403
 -0.00150072  0.01519385]
[[-0.22496669  0.11058976 -0.11183883 ...  0.08595185 -0.15383795
   0.05438975]
 [-0.09460162  0.02624733  0.14116191 ...  0.11984798 -0.1150265
   0.25294623]
 [-0.03462823 -0.11459088 -0.04030383 ...  0.11983025  0.06809184
  -0.20015756]
 ...
 [ 0.27154767 -0.01159541  0.1996162  ... -0.12632919 -0.24617139
   0.02857535]
 [ 0.07634424  0.02593449 -0.08142141 ... -0.00827456  0.03382788
   0.01923838]
 [ 0.0563483   0.10581435 -0.10025879 ... -0.07706651  0.13522853
   0.04095401]]
[ 6.36118473e-03  1.38967364e-02  9.60248180e-02 -9.51820018e-03
  1.43901317e-02 -1.64389416e-02  1.60635228e-02 -5.84785934e-02
  4.17243674e-03  1.09985424e-02 -2.05539845e-02 -2.44659080e-02
  4.39842214e-03  2.48134488e-03 -2.93085939e-02  8.14807804e-02
 -1.44875187e-02  3.70013296e-02 -6.53763313e-03 -2.12700236e-02
  4.94848765e-05 -1.95816534e-02  1.44382044e-02  1.18605866e-01
 -1.86720198e-02  2.05087914e-02 -3.55222239e-02  2.92010626e-02
  7.08785765e-02  4.48943776e-03 -7.39688033e-02 -3.55968495e-03
  2.76516561e-02 -8.83530174e-03  3.71215531e-02  2.98741328e-03
 -3.69463547e-02  1.14286461e-01  4.41914664e-02 -1.76872969e-04
  9.95807208e-02  5.90080430e-02  8.85221238e-02 -6.03128062e-02
  6.21783496e-02 -2.59547620e-02  9.56275834e-02 -1.14907605e-02
  2.78657419e-02  6.93683998e-03  9.50398913e-03  2.87354347e-02
  9.42025773e-03  9.21063395e-03 -3.15279105e-02  2.28086723e-02
  2.00080725e-02  7.12566929e-03  3.94381727e-03 -7.36955340e-03
  1.57945884e-02  5.98022450e-02  5.36003773e-03 -3.62360962e-03
  2.92169192e-02 -2.48860957e-03 -1.13836382e-02 -9.51935218e-04
 -7.22204633e-03 -1.87776356e-02  3.26834380e-02  1.59480036e-03
 -3.83548866e-02  7.70129647e-03  1.48605518e-03 -2.16823643e-04
 -1.77504459e-02  1.37720968e-02  6.53216794e-03  5.73830774e-03
  4.24850204e-02  6.25610096e-02 -3.41728537e-02  8.60624258e-03
 -4.65926346e-02 -8.11800780e-02  4.58472813e-02  1.12815178e-02
  1.78518790e-02  2.34895267e-02  5.40022267e-03 -1.81417292e-02
  3.40745413e-02  7.70004732e-02  3.74748288e-02  2.67127057e-02
 -1.94740362e-02  5.96022982e-02  4.63985005e-03  6.06957027e-03
  4.46040203e-02  3.64162502e-03 -1.72858756e-02 -6.35216031e-03
 -1.14280388e-02  8.15176084e-03  2.19595212e-02 -1.82090022e-02
  4.12412182e-03  2.55141247e-02  7.66642434e-03  2.08667338e-02
  2.41883217e-02 -4.43149442e-02  1.07989047e-01  3.16277395e-02
 -1.10461299e-03  4.71267964e-03  1.81989878e-02 -4.85102879e-02
 -1.59003196e-02 -6.75668983e-03  1.83682128e-03  7.74966064e-02
 -2.38987226e-02  4.49525964e-02  2.84493657e-02  1.55081178e-02]
[[-0.07034755  0.26609989 -0.06724548 ... -0.20886444  0.1859424
   0.08987874]
 [ 0.02080437  0.02583835 -0.02322748 ... -0.11067333  0.06344641
   0.11101827]
 [ 0.20302241 -0.27874425  0.01501092 ... -0.32808574  0.07747957
   0.41657304]
 ...
 [ 0.00376256  0.00716417  0.02263563 ...  0.08640544 -0.14731414
   0.22757028]
 [ 0.28795393  0.02747855  0.22749671 ...  0.05311502  0.19484106
  -0.06674357]
 [ 0.10794773  0.21675043 -0.05385319 ...  0.02578259  0.00455821
  -0.28763876]]
[-0.02883966 -0.05218022 -0.00290684 -0.13035693 -0.0438262   0.02469822
 -0.11461956 -0.02160046 -0.05088499  0.05090032  0.01762288 -0.04384635
  0.07372084 -0.0389496  -0.03542699  0.12476853  0.04919254  0.03019225
  0.01745386  0.12037958 -0.02623673  0.20336264  0.02066778 -0.0720157
 -0.09752793  0.02119891  0.0366997  -0.06668037 -0.00547801  0.12990321
 -0.01416504  0.04613392 -0.01901117 -0.07761093  0.10046451 -0.01159633
 -0.12427808 -0.01319576  0.03105596 -0.00121247 -0.04983018 -0.03650465
  0.11597526  0.0353149  -0.06635955 -0.06493273  0.06036761]
