3.866629183510189360e+00 2.247999999999995835e-02 3.865660691390425008e+00 2.202531645569616794e-02
2.494165575764309750e+00 3.655199999999995120e-01 2.492633852492198709e+00 3.668354430379748288e-01
1.504273868692449279e+00 5.759500000000000730e-01 1.498988420730449134e+00 5.774050632911389425e-01
1.272986690246966202e+00 6.372900000000005782e-01 1.274781436973264848e+00 6.370886075949364624e-01
1.121122354404728627e+00 6.765600000000007164e-01 1.122838397785889120e+00 6.727215189873416712e-01
1.036701422368073500e+00 6.974100000000010846e-01 1.046116570385917655e+00 6.930379746835444443e-01
9.860633393260549440e-01 7.105900000000006100e-01 9.963256290904449752e-01 7.105063291139240844e-01
9.341047115122320665e-01 7.234900000000014098e-01 9.470156054978838833e-01 7.187974683544305909e-01
9.113944519493877294e-01 7.293700000000011840e-01 9.282467025097711488e-01 7.243670886075949111e-01
8.831071445143494625e-01 7.394100000000013440e-01 9.020407933808568535e-01 7.339240506329113289e-01
8.742813905294560817e-01 7.405700000000012828e-01 8.971853696375318155e-01 7.322151898734176045e-01
8.520246256409977903e-01 7.462000000000000854e-01 8.736170168185062312e-01 7.395569620253167331e-01
8.219822039632755928e-01 7.534399999999987774e-01 8.461945810846067673e-01 7.458860759493669557e-01
8.526455004026379791e-01 7.451700000000004431e-01 8.762540540795619171e-01 7.382278481012655158e-01
7.947537117841210197e-01 7.583099999999987073e-01 8.236521171008107656e-01 7.532911392405060580e-01
7.282120700361758292e-01 7.767699999999976290e-01 7.541492179044397837e-01 7.682278481012657645e-01
6.968938393830282907e-01 7.872299999999979869e-01 7.287554134346068135e-01 7.793037974683543201e-01
6.961226242387992258e-01 7.835199999999972187e-01 7.248536857167896530e-01 7.758227848101263424e-01
6.880039146542571427e-01 7.858799999999976915e-01 7.226951008441253599e-01 7.771518987341768936e-01
6.745894252551165593e-01 7.921299999999992236e-01 7.133040350768995452e-01 7.813291139240506888e-01
6.253613499827030964e-01 8.043299999999981020e-01 6.605015288829890752e-01 7.938607594936708534e-01
6.138771146060993944e-01 8.084099999999986297e-01 6.585825124846105272e-01 7.948734177215187602e-01
5.926283129666146676e-01 8.110199999999987419e-01 6.376948532742109377e-01 7.967721518987340712e-01
5.782055479509093932e-01 8.170999999999996044e-01 6.277237491942688763e-01 8.013924050632912355e-01
5.655691561496531961e-01 8.171399999999990893e-01 6.175201019953744375e-01 8.045569620253167908e-01
5.504380239149889720e-01 8.234400000000010600e-01 6.045835755504657127e-01 8.065189873417722977e-01
6.010443125503301953e-01 8.071999999999996955e-01 6.439239207408924415e-01 7.961392405063291156e-01
5.820610778991176515e-01 8.116699999999985593e-01 6.346638433988085470e-01 7.967088607594936533e-01
5.788535580357169197e-01 8.124799999999992028e-01 6.310845362288217686e-01 7.997468354430374848e-01
6.099187832052050950e-01 8.034999999999983267e-01 6.616770830848637264e-01 7.910126582278481644e-01
6.258774108595442920e-01 7.980699999999966154e-01 6.789937408134101293e-01 7.813924050632909957e-01
7.134674327607528621e-01 7.758499999999977081e-01 7.547996076260372611e-01 7.686708860759486894e-01
5.991256993176228285e-01 8.074299999999987598e-01 6.436642904855440772e-01 7.959493670886080841e-01
5.756982942855746188e-01 8.129300000000002635e-01 6.261870075427589111e-01 7.998734177215182095e-01
5.524575083356212390e-01 8.211099999999995624e-01 6.115813288344645882e-01 8.086075949367085292e-01
5.482344045767174601e-01 8.211700000000012878e-01 6.085582843508514639e-01 8.039240506329110580e-01
5.239478531066995570e-01 8.301500000000003876e-01 5.907703184084914794e-01 8.094303797468349604e-01
5.144307311893870915e-01 8.319000000000007500e-01 5.802851784436021676e-01 8.146202531645568845e-01
5.208104656235872376e-01 8.301100000000019019e-01 5.907355848545124966e-01 8.081645569620257152e-01
4.998585721064013332e-01 8.357100000000021733e-01 5.709611515131728376e-01 8.158860759493670178e-01
4.997750984958513887e-01 8.350800000000010437e-01 5.730644964651159246e-01 8.149999999999995026e-01
4.964470791718729181e-01 8.360100000000012521e-01 5.707573841926303349e-01 8.156329113924045693e-01
4.801348455914344338e-01 8.409800000000027254e-01 5.550664940467505692e-01 8.205696202531642669e-01
4.875034491495762179e-01 8.368300000000014061e-01 5.677294529985360549e-01 8.187341772151895958e-01
4.708543254195890482e-01 8.435600000000019749e-01 5.507599352961713990e-01 8.242405063291137202e-01
4.760338383132817208e-01 8.425800000000007728e-01 5.552408210413317668e-01 8.224050632911393821e-01
4.749530055879483958e-01 8.416700000000012505e-01 5.520790067618788211e-01 8.211392405063293598e-01
5.511570098421912922e-01 8.166899999999989168e-01 6.191743562017031355e-01 8.042405063291138134e-01
4.849698227482673873e-01 8.380799999999996031e-01 5.576697902124203576e-01 8.203164556962014853e-01
4.850035354543553723e-01 8.359099999999987096e-01 5.637238316871789889e-01 8.167088607594936711e-01
4.711806706371811093e-01 8.427300000000015334e-01 5.515770786005285142e-01 8.200632911392408131e-01
