3.867136544493725125e+00 2.257999999999997509e-02 3.866408866915299392e+00 2.367088607594933572e-02
2.224595982553362106e+00 4.183000000000001162e-01 2.230910237101171312e+00 4.146202531645570843e-01
1.426347207043754173e+00 6.005899999999996242e-01 1.428762471170689663e+00 5.951265822784810311e-01
1.254696647534880416e+00 6.455900000000003303e-01 1.257648614321076996e+00 6.400000000000001243e-01
1.127377052498038656e+00 6.777799999999998271e-01 1.136297343212654409e+00 6.736708860759493822e-01
1.044437095654703551e+00 6.983000000000022522e-01 1.054982160691933402e+00 6.919620253164556756e-01
9.816683819912318532e-01 7.110800000000021548e-01 9.917915665665495428e-01 7.050000000000001821e-01
9.554989471378863009e-01 7.185100000000003151e-01 9.675534700491165152e-01 7.113924050632912666e-01
9.046491813724006903e-01 7.317700000000018079e-01 9.197764578089403509e-01 7.215189873417721111e-01
8.757139300379268576e-01 7.402400000000002311e-01 8.943942179022654759e-01 7.344303797468356709e-01
8.606311153908727807e-01 7.434399999999987685e-01 8.778246689337686481e-01 7.356329113924053864e-01
8.269987775205457359e-01 7.529099999999996351e-01 8.481321101386428696e-01 7.432278481012658533e-01
8.248886205892375090e-01 7.527699999999989400e-01 8.447706130141751091e-01 7.439873417721524218e-01
8.086506783686104871e-01 7.576599999999997781e-01 8.342654767890906875e-01 7.505063291139238979e-01
7.765952320302031975e-01 7.663900000000002377e-01 8.008485926156445611e-01 7.593670886075948312e-01
7.462160823957380007e-01 7.718099999999979977e-01 7.746503525784440569e-01 7.643037974683541957e-01
7.121068032694209959e-01 7.810799999999969989e-01 7.403457018384170807e-01 7.756329113924050889e-01
7.123426296151667003e-01 7.824599999999976019e-01 7.432029235584423077e-01 7.737974683544301957e-01
6.600619238375626807e-01 7.955499999999980920e-01 6.906569868550472835e-01 7.868354430379745912e-01
6.505999063518079772e-01 7.964299999999979729e-01 6.837271805916712575e-01 7.872784810126581823e-01
6.365691014235401735e-01 8.001099999999982115e-01 6.729288053650257506e-01 7.894936708860763597e-01
6.062019096183454137e-01 8.093299999999982175e-01 6.422262932425387705e-01 7.991772151898732801e-01
6.445943846850982206e-01 7.955799999999982886e-01 6.838049265837736757e-01 7.839873417721519022e-01
6.063864824045080981e-01 8.069999999999984963e-01 6.447179654952263084e-01 7.948734177215189822e-01
5.966785714851052802e-01 8.090199999999979630e-01 6.346982130953086054e-01 8.004430379746835245e-01
5.760904031953441029e-01 8.150299999999996992e-01 6.188849427276978954e-01 8.006962025316453069e-01
5.713332070562018306e-01 8.133199999999999319e-01 6.160506361404670672e-01 8.038607594936709733e-01
5.606110561424507699e-01 8.197399999999999132e-01 6.073133355063150551e-01 8.077215189873411250e-01
5.526373422725934237e-01 8.215199999999989178e-01 5.977250500385304921e-01 8.116455696202529158e-01
5.863011862082432302e-01 8.111799999999985689e-01 6.294619549582660678e-01 7.987341772151895780e-01
5.599705502915784949e-01 8.165600000000001746e-01 6.021672665722346274e-01 8.089873417721520354e-01
5.504834138373979613e-01 8.191900000000004178e-01 5.930020258027145497e-01 8.091772151898734000e-01
5.291334773587091922e-01 8.270400000000016627e-01 5.805763744462214548e-01 8.147468354430374982e-01
5.152190865486037108e-01 8.294600000000011963e-01 5.668581860317306598e-01 8.128481012658228533e-01
5.384276967420836835e-01 8.229899999999997773e-01 5.945881450732827256e-01 8.074683544303792315e-01
5.014454622348510915e-01 8.330500000000008454e-01 5.560741341685203620e-01 8.197468354430377246e-01
4.975154945596202416e-01 8.357400000000019258e-01 5.604721647047744559e-01 8.175949367088604092e-01
4.856983221705153952e-01 8.382700000000004037e-01 5.464702891599043655e-01 8.220886075949364047e-01
5.056839549532839984e-01 8.327600000000009439e-01 5.644862814847986243e-01 8.192405063291131606e-01
4.985032593874610951e-01 8.338400000000003587e-01 5.611667179215823476e-01 8.184810126582278134e-01
4.751297620078140382e-01 8.426300000000018775e-01 5.384513323209809688e-01 8.265189873417725375e-01
4.671978908939956598e-01 8.446100000000025254e-01 5.351104312254733042e-01 8.274683544303795824e-01
4.610472998654863708e-01 8.465200000000012714e-01 5.325091443370697508e-01 8.268987341772153776e-01
4.685429044427524836e-01 8.420600000000023622e-01 5.352700269005022937e-01 8.252531645569617380e-01
nan 2.132999999999998786e-02 nan 2.075949367088604502e-02
nan 2.132999999999992888e-02 nan 2.075949367088605890e-02
nan 2.132999999999995663e-02 nan 2.075949367088605196e-02
nan 2.132999999999993582e-02 nan 2.075949367088603809e-02
nan 2.132999999999993929e-02 nan 2.075949367088604502e-02
nan 2.132999999999994276e-02 nan 2.075949367088604156e-02
nan 2.132999999999993929e-02 nan 2.075949367088604502e-02
