3.860695351416973065e+00 2.396999999999998091e-02 3.860747703902725814e+00 2.348101265822781156e-02
2.360791948683200303e+00 4.011800000000001476e-01 2.361963985394973431e+00 3.974050632911390046e-01
1.416467664588771491e+00 6.012599999999991285e-01 1.417738502979250192e+00 5.969620253164554802e-01
1.202539569941385222e+00 6.558800000000016839e-01 1.208736440207827556e+00 6.512658227848101555e-01
1.089754782845756331e+00 6.786800000000015043e-01 1.101577112133594438e+00 6.787974683544300003e-01
9.576649039492929338e-01 7.193100000000007821e-01 9.686632532563222986e-01 7.158860759493672621e-01
8.780733486131605536e-01 7.397500000000002407e-01 8.914411354566958989e-01 7.344936708860755337e-01
8.168816800572682446e-01 7.570499999999992236e-01 8.300515821136678074e-01 7.523417721518989021e-01
7.986388667138991648e-01 7.559699999999980324e-01 8.192047511897624368e-01 7.520886075949368976e-01
7.318810907168353808e-01 7.751399999999983859e-01 7.508009079852452361e-01 7.694303797468354800e-01
6.995968092807087757e-01 7.854499999999978721e-01 7.244008581932871449e-01 7.765189873417722710e-01
6.683122725471118963e-01 7.916599999999974768e-01 6.942231565595758935e-01 7.825316455696199602e-01
6.541684787212511676e-01 7.953599999999974024e-01 6.848821287352553355e-01 7.849367088607597243e-01
6.255517706294336788e-01 8.035799999999977405e-01 6.583100598061238928e-01 7.914556962025314224e-01
6.104923744903469895e-01 8.082699999999981566e-01 6.427215990010656244e-01 7.973417721518983869e-01
5.865057393952231024e-01 8.143399999999989536e-01 6.230705179604807409e-01 8.020253164556960801e-01
5.826022195789942737e-01 8.148299999999993881e-01 6.224787764450295802e-01 8.009493670886073113e-01
5.588990845479895331e-01 8.208799999999999430e-01 5.993020197958369710e-01 8.063291139240503780e-01
5.554232099104186027e-01 8.228200000000013281e-01 6.005692827473778639e-01 8.082911392405061068e-01
5.345315037137140513e-01 8.278900000000010140e-01 5.803758554415325843e-01 8.117088607594933336e-01
5.270929037755176516e-01 8.292000000000000481e-01 5.778679357011178297e-01 8.117088607594933336e-01
5.277435025429988436e-01 8.265200000000014757e-01 5.832284467787319793e-01 8.086075949367093063e-01
5.148356854518102432e-01 8.309600000000011422e-01 5.691234722815087244e-01 8.156962025316452092e-01
5.027972909429904158e-01 8.351400000000021029e-01 5.585540586312751632e-01 8.191772151898732979e-01
4.927393349260283384e-01 8.364200000000022728e-01 5.516563838349693993e-01 8.179113924050632756e-01
4.758362124548120575e-01 8.435400000000028431e-01 5.358719190066586480e-01 8.247468354430378401e-01
4.738723838617662776e-01 8.443000000000032701e-01 5.384076362683816175e-01 8.258860759493669157e-01
4.677333876266538404e-01 8.459100000000014941e-01 5.318777793827351719e-01 8.294936708860757291e-01
4.637807266811374562e-01 8.472600000000004572e-01 5.303932208130923698e-01 8.263924050632909246e-01
4.662778090306918255e-01 8.453100000000016712e-01 5.384624537131844635e-01 8.237341772151899333e-01
4.489980247385165768e-01 8.506100000000018646e-01 5.224448188383015168e-01 8.296202531645564537e-01
4.402504115222028447e-01 8.520200000000008878e-01 5.149985120315146991e-01 8.299999999999997380e-01
4.474409469016287222e-01 8.470800000000011654e-01 5.264563059181700533e-01 8.268354430379747377e-01
4.389774325549188894e-01 8.529400000000011417e-01 5.161848090499636665e-01 8.303164556962019383e-01
4.244099424757608041e-01 8.576200000000020474e-01 5.085140036804954855e-01 8.331012658227844314e-01
4.176100494007454200e-01 8.580900000000016847e-01 5.015292911455463409e-01 8.341772151898730892e-01
4.201257053890601334e-01 8.570100000000024920e-01 5.094166662584218574e-01 8.306962025316452225e-01
4.147030024663039272e-01 8.607500000000015694e-01 5.069645009386941625e-01 8.355063291139234183e-01
4.081768469776060893e-01 8.609700000000012343e-01 5.046132757800669832e-01 8.339873417721516136e-01
4.015139837485426910e-01 8.621100000000011532e-01 4.959277212623780517e-01 8.372784810126580046e-01
3.976120296138790922e-01 8.651400000000014634e-01 4.938050316912871440e-01 8.375949367088609820e-01
3.910144788621169321e-01 8.665000000000010472e-01 4.916078941017616444e-01 8.367088607594934668e-01
3.931082591566023021e-01 8.663900000000004376e-01 5.000110863567930330e-01 8.365822784810125201e-01
3.874606642652944077e-01 8.673899999999998833e-01 4.902241702007497093e-01 8.375949367088604269e-01
3.819682541391604680e-01 8.684599999999998987e-01 4.911737312411842971e-01 8.372151898734175868e-01
3.840351959394998071e-01 8.661600000000011512e-01 4.960237539148088515e-01 8.349367088607592136e-01
3.746640459894489128e-01 8.703300000000008252e-01 4.908605708472705276e-01 8.356962025316455600e-01
3.699137767698046364e-01 8.723300000000016041e-01 4.864999172111527659e-01 8.387974683544302534e-01
3.753568074354216022e-01 8.703299999999999370e-01 4.927057114165638296e-01 8.387341772151897246e-01
3.647727967235261382e-01 8.747199999999998310e-01 4.894874783452890510e-01 8.396202531645571288e-01
3.654287004039695197e-01 8.728000000000005754e-01 4.919858524184719806e-01 8.380379746835439070e-01
