[[ 0.07607369 -0.01157699 -0.05919841 ... -0.00802453  0.02234814
  -0.01010744]
 [-0.02201601  0.07024664  0.07793433 ... -0.01595764  0.01774636
  -0.02655261]
 [-0.03112026 -0.07640558 -0.07897251 ...  0.04411565 -0.05119516
   0.02538739]
 ...
 [ 0.01051207 -0.0307718   0.08003812 ... -0.02426278 -0.06296034
   0.03599035]
 [ 0.00306373  0.05361303  0.06975476 ... -0.06154116 -0.01965261
   0.06384965]
 [-0.01406028  0.02436719 -0.02952245 ... -0.03084453  0.02732846
   0.0253077 ]]
[-8.18552210e-02  1.55196440e-02 -2.46913404e-03 -1.47878093e-03
 -1.36059621e-04 -2.10634747e-02 -5.00888840e-03  4.30842876e-02
 -8.51342143e-02  1.24279453e-01 -3.63613126e-02 -6.33616896e-02
 -7.62638501e-02  1.80400915e-02  6.30209394e-02 -2.52267218e-02
  2.35558791e-02 -9.48632191e-02 -5.37098530e-02  9.28954369e-02
 -1.05493039e-01 -3.23053335e-02  1.25406110e-02  7.89113411e-03
 -1.18986156e-02  1.51212604e-01 -7.68249809e-02 -1.81118363e-02
 -7.41034520e-02 -7.81729430e-02  3.34257913e-02  8.75375908e-02
  4.08748727e-02  2.26524836e-02  7.09597132e-02  9.72710155e-02
  1.99642564e-02 -7.87633855e-02  1.05599820e-01 -7.37900523e-02
  1.17316803e-02  1.04794893e-01  1.05316528e-02 -1.96941236e-02
  2.12772661e-02  1.19270936e-01  4.55472138e-02  6.23496704e-02
  7.72241721e-02 -8.59760432e-04 -4.06954710e-02  6.94068348e-02
 -5.06938206e-02  8.17888884e-02 -3.00447312e-02  2.62767806e-02
  1.33071983e-03  9.88168636e-02  6.23700020e-02 -4.91454532e-02
  4.73526361e-02 -6.20354017e-02  1.81763506e-02  1.48626617e-02
 -2.75704250e-02  5.97363454e-02 -3.15501707e-02  8.39665757e-02
 -9.10259029e-02  1.09970811e-01  3.12979615e-03  3.22697589e-02
  8.80427274e-02  9.54913949e-02  4.05227918e-02 -6.66810067e-02
  2.97856992e-02 -7.35228688e-02  2.80425228e-02 -1.42874230e-02
 -6.33283696e-02  1.05607351e-01  1.51218541e-01  2.65930142e-02
 -1.15525970e-02  9.18909710e-02  7.61584795e-02  3.28760022e-03
  2.42699454e-02 -6.04292810e-02 -6.16384517e-02  1.57779951e-01
 -7.93113857e-04  2.12000677e-02  3.20457401e-02  3.68958737e-02
  4.44033313e-03  5.20338417e-02  2.93724541e-02  6.29038709e-03
 -8.19960347e-02 -1.16018596e-01 -1.80435293e-02  1.77307285e-01
 -4.19381988e-02  9.63082900e-02  1.32794197e-01  5.77419540e-02
  2.66852455e-03  5.32758953e-02 -2.90096926e-02  7.08382001e-02
  5.41197685e-02  3.67650854e-03 -5.50015494e-02  3.19244663e-02
 -4.75523323e-02  1.12181747e-02 -4.22357835e-02  2.03861250e-02
 -8.85556308e-03  1.41136590e-02 -3.44441119e-02 -1.03935488e-02
 -3.18648401e-02  5.12876239e-02  1.78876927e-02 -1.12206158e-01]
[2.85532604]
[[-0.01011688 -0.10078317 -0.14716929 ... -0.03798849 -0.10347019
   0.09913718]
 [-0.15191545  0.00696064  0.09176092 ...  0.11628549 -0.01659784
   0.14618203]
 [ 0.01113104  0.10972113  0.01328575 ... -0.0248315  -0.12900798
  -0.08536228]
 ...
 [ 0.05835781  0.00064909  0.03723964 ...  0.078559   -0.01854198
  -0.00273449]
 [-0.08049012  0.0083976  -0.00911763 ...  0.03847503  0.09012867
   0.02892536]
 [-0.02711926  0.12124043 -0.10775328 ...  0.0164216  -0.06379874
   0.13819797]]
[ 5.29123822e-03  6.69278742e-02 -1.12170085e-02  2.29050023e-02
  1.64059625e-01  9.45456514e-02  4.88953703e-02  9.48471226e-02
  4.07788341e-03 -3.50100729e-03  1.02454103e-01 -1.21336084e-02
  6.37568405e-02 -5.73527197e-02  8.04316826e-02  2.32196210e-02
  8.98828393e-02 -1.85172600e-02  8.76467369e-02  2.93077754e-02
  1.63416673e-01  7.61427742e-02  6.25439861e-02  1.19442471e-01
  2.96581366e-02  3.55444728e-02 -3.79962471e-02 -2.64548053e-02
  4.50019128e-02 -2.37016366e-02  3.32508748e-02  4.46499020e-02
  1.36153310e-01  2.54619022e-02 -2.02914615e-02  9.56336939e-04
  1.06527580e-02 -7.25495082e-02  8.07292876e-02  4.17087825e-02
  1.57307930e-02  6.14490560e-02 -5.46412753e-03  1.31025851e-03
 -2.31104815e-02 -7.62085547e-02  1.27626053e-02  1.41371537e-04
  1.18907815e-02  5.52785702e-03 -2.56669320e-02  2.92019103e-02
  8.59489658e-02  4.54690983e-02  5.30730259e-02  3.63133160e-02
  8.00915694e-02  9.22962004e-02  4.91272839e-02  5.65139182e-02
  1.06795633e-01 -1.62378754e-01  4.54449026e-02  8.53539241e-02
  7.24139255e-02 -2.87562225e-02 -3.00775079e-02  4.18892520e-02
  1.02249401e-01  8.08567766e-02 -6.08411956e-02  9.21721283e-02
 -1.40223483e-02 -1.31912231e-02  4.96847762e-02  5.11730360e-02
 -3.29636224e-02  2.00779138e-02  6.92079889e-02  2.06430080e-02
  8.67945554e-02  8.22284526e-02  7.41703468e-02  6.71562451e-02
  4.01673188e-02 -1.03834440e-03  7.02131496e-02  1.13340478e-01
  6.34181971e-02  8.28111014e-03 -1.51134897e-02  3.80148112e-02
 -2.00745767e-02  5.14970603e-02  7.77580289e-02  2.35950980e-02
 -5.36777801e-04  4.75930768e-03 -3.66436039e-02 -8.78020313e-03
  8.85073895e-03  5.45753014e-02  4.80419824e-02 -3.19569858e-02
 -1.67367914e-02  1.34230856e-01  2.32296495e-02  7.04206931e-02
  2.74669859e-02  5.08431152e-03  1.41768951e-01  1.34765435e-01
  6.06035228e-02  1.83195622e-02  3.04438511e-03  9.37614804e-03
  3.00915866e-02  2.59155749e-02  2.02059911e-02  8.04818183e-02
 -6.46491695e-02  2.82344168e-02  2.87587101e-02  6.31799667e-02
  6.33806069e-02  6.00641305e-02 -3.50877233e-02  2.74148028e-02]
[3.11795225]
[[ 0.11756654  0.09521118  0.05049466 ... -0.03753397  0.06054516
   0.14994505]
 [ 0.20338626  0.03430459  0.0127875  ...  0.04566115 -0.13316656
  -0.02040311]
 [-0.05723947 -0.12241127 -0.05475707 ...  0.11058877 -0.0136684
  -0.14697861]
 ...
 [ 0.05331829  0.13621168  0.16516688 ... -0.2049494   0.08003093
   0.03120475]
 [ 0.15577589  0.09172244  0.07104814 ...  0.05675244 -0.04642213
   0.02907755]
 [-0.08502078  0.03666227  0.07617266 ...  0.07719012  0.08224214
  -0.0840592 ]]
[ 0.03738234  0.04510691  0.06399103 -0.00208005  0.10743978 -0.01566249
  0.03556963 -0.01799408 -0.01128144 -0.00971355 -0.0257575  -0.04824684
  0.04316222  0.00736195  0.03918597  0.03288586  0.01760974  0.02690639
  0.00035119  0.02426974  0.00117011  0.04641756  0.04351534 -0.00748759
  0.05760872  0.0471839   0.00533437  0.0068443   0.0004168  -0.03439916
  0.10062688  0.05410481  0.07626965 -0.01026688  0.01432605 -0.02704899
  0.01223184 -0.01197919  0.06872524  0.02207707 -0.0095384   0.01717501
  0.06518109  0.04799339  0.01506537  0.0047391   0.05709491  0.04795396
  0.05579175  0.05671326 -0.00631098  0.11550535  0.01526388  0.06967377
 -0.05141139 -0.02506655  0.006554    0.03513637 -0.03928775  0.01627017
 -0.0061753   0.06134775  0.01151111  0.0302546   0.09311155  0.0378978
  0.04498223  0.00031545  0.01211977 -0.05226488  0.00902138  0.08743108
  0.0027866   0.00756728  0.00079423 -0.03512573 -0.00725615 -0.00745598
  0.03863184  0.04859587  0.01433062  0.00930247  0.07317719 -0.00205203
  0.03156226  0.08038805 -0.01556523  0.04189814  0.025083    0.03931819
 -0.01816861  0.06139458  0.01475852 -0.00105781  0.06311448  0.05673867
  0.02072383  0.0203214  -0.01330808  0.01837218 -0.00213082  0.02808961
  0.0047342  -0.00607435  0.06340565 -0.01623468  0.03024867 -0.02027978
  0.08287764  0.02806082  0.07166987  0.01732572  0.02572891  0.00511763
  0.01264637 -0.0092579   0.00659994  0.04378449  0.00166511 -0.00021145
  0.00458854  0.02304221  0.03932676  0.03523173 -0.01226419  0.00362744
 -0.0045276   0.01024392]
[2.51944297]
[[-0.11251995 -0.03052146  0.08816596 ... -0.03523747  0.06467522
   0.04895751]
 [-0.16689514 -0.12347244  0.04058738 ...  0.11741228  0.08967735
   0.1070234 ]
 [ 0.11345916 -0.16231891 -0.12698021 ...  0.12583477  0.00567561
   0.0449887 ]
 ...
 [ 0.14821931  0.02158119 -0.14039213 ... -0.1655642  -0.00888081
  -0.00195044]
 [ 0.10744369  0.10331101  0.05186714 ...  0.0985207  -0.0384339
   0.08820975]
 [ 0.14217178  0.15764703  0.03184233 ...  0.16837577  0.14042121
  -0.0805543 ]]
[ 2.16673573e-02 -2.90823624e-02 -8.46592697e-05  6.99353172e-02
 -5.49804030e-03  4.60765894e-02  2.53819235e-02  4.01419732e-02
  4.22749950e-02 -1.35339259e-02 -3.49071037e-02  4.58825894e-02
  4.30397748e-03  2.52178769e-02  3.04447118e-02  4.49887381e-02
  2.65380628e-02  1.29804718e-02  3.50938231e-02  2.65120917e-02
 -1.06635738e-02 -1.96717132e-02  2.49042264e-02  1.46112608e-02
  8.72931181e-03 -3.34571986e-02  3.94374534e-02 -8.56827869e-03
 -5.92739918e-03 -7.75734862e-03  6.57329909e-02  1.95247422e-02
 -1.95554100e-03  3.14966998e-02  3.01548701e-02  3.80241263e-02
 -6.21562650e-03  3.51834040e-02  9.55408950e-03  1.27769703e-02
  6.04211470e-02  2.21202359e-02 -9.62606727e-03  2.75761514e-02
  6.04374188e-02  1.30516035e-02  3.46115830e-02  9.08136437e-03
 -8.23134144e-04  1.74317936e-02  1.11531469e-03 -1.26887667e-02
  4.71794936e-02 -1.54060696e-02  2.12496025e-02  1.06590973e-02
  1.43128612e-02  1.78614095e-02  5.26104313e-02  4.03817899e-02
  5.37518502e-02  2.40518445e-02 -3.08329539e-02 -1.13409737e-02
  5.63654633e-02  2.73675455e-02 -3.47755355e-02 -1.37600800e-02
  2.63075676e-02  1.70011421e-02  2.67297182e-02  6.98658553e-03
 -1.22369896e-02  2.53249526e-02  6.21888310e-02 -2.86835769e-03
  2.54020159e-02  3.77394292e-02  7.43944633e-04  7.28237749e-03
  1.56607054e-02  2.06884544e-02 -3.82080442e-02 -2.07224010e-04
 -1.38909554e-02 -7.08199856e-03 -2.48402492e-04  1.44605803e-02
  5.64879571e-03 -2.55416747e-02 -3.89192590e-02  4.22006690e-02
  3.85340807e-02  5.74300815e-03 -1.28157820e-02  7.38599678e-03
  3.76590084e-03 -9.60042041e-03 -2.78024349e-03 -8.62025916e-03
 -3.48703012e-02  4.88979256e-02  1.63268406e-02 -1.24213088e-02
  2.65213640e-02  2.03505999e-02  1.60914636e-02  3.63142766e-02
  4.35983458e-02  1.30775657e-02  1.33468955e-02 -1.09875154e-02
  1.30359469e-02  7.29521850e-03  2.00498308e-02  2.44841969e-03
 -1.67076019e-02 -3.75622092e-02  4.28896535e-02 -2.82696767e-02
 -1.85238707e-02  1.50298143e-02 -3.64117555e-03  6.71819650e-02
  1.77381220e-02 -2.20292281e-02  3.34269847e-02  2.78694573e-03]
[2.52146068]
[[-0.03629944 -0.11879119 -0.08970728 ... -0.05444805  0.04345791
   0.09786351]
 [ 0.17182421 -0.03942821 -0.06512928 ...  0.0178936  -0.0709064
  -0.19710652]
 [ 0.04262235 -0.09278936  0.01642121 ... -0.17454527  0.06833607
  -0.19091183]
 ...
 [ 0.02655579  0.14103598 -0.05546517 ... -0.06473137 -0.0844532
  -0.10808811]
 [ 0.04771645  0.02788965  0.09153122 ...  0.15669419 -0.2153215
  -0.0980247 ]
 [ 0.08777192 -0.20616373  0.18462995 ...  0.02858652 -0.09464149
  -0.21808483]]
[-0.02909109  0.01015571 -0.00988908 -0.06836839 -0.02316543  0.00067504
 -0.03204119 -0.01502462  0.00218226 -0.01093818  0.00143437  0.01240107
  0.00481149  0.00467445 -0.03765207  0.05769177 -0.00032247  0.02278918
 -0.0184507   0.03715903 -0.01529861  0.061011   -0.00959576  0.00156431
 -0.02897601  0.00737866  0.0281122  -0.00546775  0.0017866   0.01404966
  0.00166494  0.00357269 -0.00819922 -0.01115059  0.06781744 -0.0008556
 -0.01896174  0.01139616  0.01637448 -0.0359489  -0.05666118  0.04294178
  0.0221409  -0.01699153 -0.00699536 -0.01980834  0.04606864]
