[[ 0.02424074  0.02342624 -0.07789061 ... -0.04806479  0.08062918
   0.0146651 ]
 [-0.00052316 -0.02377452  0.06353067 ... -0.06246392  0.03737796
   0.01960729]
 [-0.05772258  0.03467973 -0.00769139 ... -0.06132253 -0.01900894
   0.06612848]
 ...
 [-0.04096251  0.01999001 -0.04451961 ... -0.00487253 -0.02683211
   0.07287983]
 [-0.01660177 -0.0433249   0.01667451 ... -0.06159124  0.04837347
   0.06120526]
 [-0.0167772  -0.04580144 -0.07651479 ...  0.01223071  0.06957373
  -0.04741157]]
[ 4.47567416e-02  5.84098158e-02 -2.28476749e-02 -9.52132186e-03
 -2.37901226e-02  4.89507090e-03 -5.57954304e-03 -6.32255869e-02
 -6.25479817e-02 -1.32363863e-01 -1.40959862e-01 -4.02622486e-02
  5.52108719e-02  9.95400978e-02 -5.22283267e-03 -5.17047734e-02
  5.47547019e-02  7.96532221e-03  1.69265639e-02 -7.53645780e-03
 -1.19841400e-01 -2.75000478e-02  1.95901045e-02 -4.68093497e-02
 -1.80093966e-02  2.46759515e-02  1.88579957e-02 -2.02307421e-02
  5.65444665e-02  7.86367229e-02 -3.41374234e-03  6.06117743e-02
  6.88510370e-02  2.68972363e-02  1.49662896e-02  8.45237633e-03
  5.37901092e-02  2.60448019e-02 -9.47465521e-04 -8.97711908e-03
 -2.65005584e-03  1.30994880e-01  4.75133470e-02 -1.15834333e-01
  2.08518760e-02  1.20259302e-02  1.38002805e-03 -2.33549074e-03
  2.44383133e-02  8.15463985e-02  1.83149903e-02 -6.94485756e-05
  9.70613636e-02  6.14779311e-02  2.02770075e-03 -9.54405601e-03
 -3.56791244e-02  9.98037746e-03  8.96404127e-02  3.26781843e-02
 -3.11907173e-02 -5.04819510e-02 -3.78654347e-02  3.97367134e-02
  3.46287605e-02 -1.44101594e-02 -6.32843554e-02 -7.39001521e-03
 -3.93851112e-02 -4.10898871e-02  2.03692484e-02 -6.19508285e-02
 -8.64446860e-02  2.88420401e-03 -4.63481304e-02 -7.94661049e-02
 -3.14118059e-02  1.05705291e-01  5.22712329e-02 -2.20320231e-02
  8.06682475e-02  1.46114210e-02 -3.85720087e-02 -6.07885692e-02
  2.29341816e-02  8.14639752e-02  1.07040920e-02  5.43878037e-02
  4.69603129e-02  2.10296158e-02 -1.11987981e-03 -1.16026515e-01
 -3.37832196e-02 -6.71098088e-02  7.59373013e-02  5.50897992e-02
  2.66884551e-05  1.97101839e-02 -2.69079137e-02 -3.23098648e-03
 -2.14909325e-02  3.78902522e-02  9.36836224e-02 -6.86328213e-03
 -3.83129800e-02 -1.14238622e-01 -7.37044137e-02  4.61275365e-02
 -1.03665350e-01  1.13385317e-01 -1.98428269e-02 -2.76723763e-02
 -8.46994632e-02 -1.98678752e-02  3.00579748e-03  1.34431709e-04
  8.16535265e-02  5.83670032e-02 -1.20934765e-01 -5.64660775e-02
  4.21532315e-02  1.21474314e-01  2.38865167e-02  8.65513875e-02
  1.93687161e-02  5.62242673e-02  7.62572777e-02  5.74574305e-02]
[0.01088658]
[[ 0.13129333  0.15479062 -0.01669115 ...  0.12800686 -0.03351956
   0.13135776]
 [-0.07731731 -0.10154007 -0.05118078 ... -0.11568667 -0.08686649
   0.13455563]
 [-0.0606033   0.08814204 -0.11547024 ...  0.18483356 -0.14661039
   0.01161687]
 ...
 [ 0.06864614 -0.0392806   0.121263   ...  0.14644669 -0.02992662
  -0.02009653]
 [ 0.00513648  0.20729793  0.09007181 ... -0.02068713  0.01609772
   0.06475058]
 [ 0.0639901   0.01114335  0.03700922 ...  0.03046562 -0.07567852
   0.12733012]]
[ 5.04986737e-02  1.19520740e-01 -5.15776098e-02  1.75721788e-02
 -2.77825527e-02  3.28243344e-02  4.04319128e-02 -8.65018910e-03
  5.71570958e-02 -3.28456670e-02  5.76383445e-03 -1.37767845e-01
 -3.64904374e-02 -9.13775842e-02 -4.05395890e-02 -6.51865200e-03
 -6.16303645e-02  3.43286373e-02  2.83462481e-02  6.71711437e-02
  6.11728080e-03 -3.16732493e-02 -4.10767012e-02 -1.78978596e-02
 -1.21254327e-02  5.41937998e-02  4.49019577e-02 -3.05106524e-02
  1.21842875e-01  6.93680456e-03 -6.87195119e-02  4.76511411e-02
 -6.82869395e-02  8.42890765e-02  5.16118353e-02  6.54152799e-02
  1.30293287e-02  4.78770111e-03  1.23332855e-01  2.68027144e-02
  1.21925857e-02 -4.41130784e-03  3.66987359e-02 -1.08319207e-01
  2.00554953e-02 -1.57354617e-02  4.40459947e-02  1.62723150e-02
 -2.98985151e-03 -4.44807299e-02  1.10394946e-02  1.97336523e-02
  3.96157391e-02 -3.07399706e-02 -3.23017922e-02 -3.46777755e-02
 -4.12922079e-02  2.17537098e-02  6.11430526e-02 -9.12317841e-02
 -1.32669634e-02 -4.30905118e-02  9.47373817e-03  5.83747964e-02
  3.36034768e-02 -8.78522725e-02 -4.56271099e-02  9.62160456e-03
  2.54723582e-02 -5.10694274e-02  2.70349242e-02  1.89760809e-02
 -1.64051331e-03 -7.82274223e-02  3.67331249e-02 -2.80955442e-02
 -6.69286450e-02 -5.58789033e-02 -5.90993648e-02 -7.22683582e-02
  4.79794550e-02 -4.31256113e-02 -4.33699772e-02  9.12041387e-02
  8.43773072e-03  2.11419095e-02  2.47540315e-03 -6.16300865e-02
  9.30998650e-02 -4.69717287e-02 -1.71646515e-02 -5.01661046e-03
  1.55455962e-02  8.62906068e-03 -4.33636304e-02 -4.44253046e-02
  3.32399866e-03  3.97310578e-03  6.60755299e-02  4.83549452e-02
 -4.20642189e-02 -1.35835009e-02  4.12476680e-02 -3.71455788e-02
  8.55777948e-02 -8.96844189e-02 -7.96401220e-02 -1.06595922e-02
 -7.73137073e-02 -5.16684146e-02  1.43252316e-02 -3.73724372e-02
 -1.12421898e-02  2.19948242e-03  5.36900501e-02 -5.33644988e-02
  4.94878611e-02  5.65328189e-02 -5.47601154e-02 -5.01933800e-02
  3.09648060e-03  2.17670754e-02 -4.12135317e-02 -5.63758399e-02
  8.28487463e-02 -7.50083510e-02 -1.44411512e-02  5.91270628e-05]
[4.00066645]
[[ 0.13890833 -0.13272939  0.00162325 ... -0.04110657 -0.02701809
  -0.1248661 ]
 [ 0.05346425 -0.0647053  -0.01459831 ...  0.07534017  0.1699172
  -0.0156202 ]
 [-0.1245229   0.1967853  -0.16329823 ...  0.0920872   0.0482078
  -0.07930477]
 ...
 [ 0.002174   -0.03364442  0.11446915 ... -0.09842945  0.08180061
   0.02937685]
 [-0.10416296  0.14998219  0.10983681 ... -0.06546793 -0.08215646
  -0.02562328]
 [ 0.17393743  0.06177748 -0.08175798 ...  0.05975215 -0.17040224
   0.06068088]]
[-9.99822228e-02  5.80621605e-03  1.47052114e-02 -2.73417656e-03
 -7.95457156e-04  9.26058043e-03  9.95561870e-02  7.11740404e-03
  5.16609285e-02  5.60852018e-03  9.74780292e-03 -8.11999395e-03
 -3.46737247e-02  2.91472357e-02 -3.37454367e-03 -2.94935359e-02
 -1.13561621e-03 -8.71775167e-03  1.79715274e-02  2.88681376e-03
  4.10883804e-02  1.77489814e-02  3.79996349e-02 -1.49123486e-02
  1.39610811e-02 -3.37942820e-02  4.00117718e-02 -7.50001718e-02
  1.56564813e-02  4.44171190e-02  1.98190890e-02  6.80109649e-03
 -9.67203773e-04  8.18507786e-02 -6.47268384e-02  1.22193780e-03
  2.21455948e-02 -1.67146102e-02  5.30044382e-03  8.97346209e-02
  1.31285294e-02  3.99989310e-02  2.90492789e-02  2.90250995e-02
 -1.09735276e-02  4.60535606e-02 -3.69124693e-03 -5.62943724e-03
  2.53241256e-02  2.59641682e-02 -4.11905232e-02  1.23091918e-01
 -1.71785099e-02  8.01589154e-04  4.72625041e-02 -3.95323584e-02
  4.75811027e-02 -4.26606172e-02  1.05843862e-01  1.74654751e-02
 -5.13593734e-02  4.55337103e-02 -2.71459460e-02 -1.73798629e-02
 -3.78343435e-02 -5.20562609e-02 -2.23768224e-02  2.34516534e-02
 -2.21040615e-02  2.30618413e-02  9.98055607e-02  2.60241903e-02
  1.19796357e-02  5.57015500e-02  8.82680836e-02  2.62180672e-02
 -1.23946965e-02  4.20223886e-02  4.40173010e-03  2.93125018e-02
 -3.08952544e-02 -2.14562934e-02  6.85583302e-03 -4.32781525e-02
 -2.77908349e-03 -6.07368137e-02 -1.34366172e-02  1.94021175e-02
 -2.09025757e-02  4.16827578e-02  5.51317060e-02  4.84787661e-02
 -5.34523749e-04 -1.58741680e-02  1.46192726e-02  4.31993854e-02
  2.42744720e-02 -1.54984786e-02  3.72315448e-02  4.00188130e-02
 -1.08793626e-02  4.64078921e-02  5.37881190e-02 -1.80978822e-02
  2.19160539e-02  1.53075491e-04  6.39338437e-02 -2.23693971e-03
 -7.29069910e-02  1.24393192e-03 -9.30432600e-03  2.90279026e-02
 -5.47092044e-03  1.08547867e-01  7.56999237e-02  5.73390194e-02
 -4.75262130e-03  1.43956043e-02  4.87195566e-02  2.14797027e-02
 -8.99705736e-04  7.04419647e-02 -4.97763147e-02 -2.04841780e-02
  2.67776954e-02 -1.19201116e-04  5.69856577e-02  1.70166031e-02]
[0.00470561]
[[-0.02142026  0.11019929  0.05461923 ... -0.04585958  0.01638355
  -0.05386271]
 [-0.11618028 -0.10916734  0.12969461 ...  0.0177599   0.01725608
   0.16309315]
 [-0.03156101  0.14809818 -0.12764832 ... -0.11760391 -0.02925745
  -0.03298719]
 ...
 [ 0.04621191  0.0298546  -0.00401465 ...  0.00371509  0.2021285
   0.0606067 ]
 [ 0.05955103 -0.13522663  0.11974602 ...  0.14019029 -0.11332123
  -0.06481492]
 [ 0.12194427 -0.04192464 -0.12639917 ...  0.0298313  -0.12145765
  -0.05977321]]
[ 0.01167138  0.10001688  0.03766311 -0.02180486  0.00140054 -0.02770122
  0.08636167  0.00299351 -0.01589425 -0.00613281  0.02673599 -0.08754263
 -0.02886119 -0.00473936  0.01400501 -0.00088186  0.00904785  0.04339315
  0.04680681 -0.01367664  0.0519392  -0.04982039  0.08295578 -0.03819416
 -0.01504709  0.01331629  0.01523426 -0.09271362 -0.01739819  0.00818157
  0.01850498  0.00795934  0.04459628 -0.00870597  0.0332929  -0.02024269
  0.01754878 -0.03479101  0.09982304  0.08096725  0.01137976  0.05322145
  0.01350514  0.01173563  0.01117289  0.00126911 -0.05109585 -0.01883675
  0.00432296  0.0012697  -0.01990511  0.05019713  0.00820993 -0.01019165
  0.0072263  -0.01998412  0.00491252 -0.07677716  0.04594806  0.01558047
  0.0277382   0.03930154 -0.08741709 -0.0031779   0.01393134 -0.0375673
  0.01323781  0.01530694 -0.04855368  0.02402469  0.03653416 -0.07623183
 -0.02143091  0.0189644   0.00806292  0.05621189 -0.02237824  0.08977246
 -0.00322648 -0.01687261 -0.00118635  0.00673584 -0.01281379 -0.00275417
 -0.02218523  0.04900358 -0.07609354 -0.00641049  0.01533475  0.04389707
 -0.01984046  0.05064849  0.06495145  0.03179569 -0.03630025 -0.00773038
  0.0596618  -0.00591484  0.02946737 -0.00068168  0.01677527  0.01892679
 -0.04972289 -0.02408836  0.01929811  0.08044091  0.04338799  0.07699992
  0.01402104  0.05569508 -0.0595393   0.01741386  0.00752179 -0.01700631
 -0.07999928 -0.01428958 -0.01048879 -0.00285263  0.01098416  0.06883366
 -0.01848452  0.03107406  0.02582237  0.0285412  -0.03233921  0.01238477
  0.02506023  0.01769367]
[0.11919665]
[[-0.06578764  0.02925487  0.13513455 ... -0.08027538  0.14616188
  -0.10346908]
 [-0.06878708  0.28173726  0.10283348 ... -0.01087123 -0.14990144
  -0.2754524 ]
 [ 0.12245914  0.06951505 -0.26619944 ...  0.16071784  0.29440846
  -0.06972355]
 ...
 [ 0.0473145   0.09657816  0.04799225 ... -0.14507873 -0.02692727
   0.0972762 ]
 [-0.23401795 -0.21826328 -0.14863023 ... -0.10961069 -0.147368
  -0.14246442]
 [-0.21601448  0.06262893  0.14445556 ...  0.02662263  0.03145854
   0.06359081]]
[-0.05982318  0.02240103 -0.03466401 -0.06893519  0.02604287  0.04350313
 -0.07046992  0.00995784 -0.10840616  0.01875056 -0.04543177 -0.02273437
  0.06300121 -0.01801452 -0.07299585  0.10822283  0.03489185  0.04487913
  0.03123929  0.13048337 -0.00086248  0.12246278 -0.06952627  0.0298464
 -0.04467953  0.05371663  0.03019897 -0.03562039 -0.00992738  0.08352399
 -0.00747454  0.05067401  0.01747567 -0.0256419   0.08298093 -0.02151152
 -0.08118496 -0.0176565  -0.0039238  -0.04113412 -0.01371298 -0.04131943
  0.09013954 -0.07762833 -0.06222896 -0.07405371  0.03516976]
