[[ 0.0713036   0.02084617  0.00295399 ... -0.03767794  0.03048799
  -0.00372467]
 [-0.0551928   0.03283372 -0.00578668 ... -0.01852942  0.02504593
  -0.06911947]
 [ 0.00800492  0.07123486 -0.06173546 ... -0.05136476 -0.00625538
   0.06045786]
 ...
 [ 0.05962413  0.04055809  0.07499749 ... -0.0141823   0.01511103
   0.00462241]
 [-0.00180565  0.03344475  0.0385528  ... -0.06060179  0.0141454
   0.04970112]
 [-0.02181943  0.05913494  0.01061125 ...  0.05628736 -0.04073222
   0.05224571]]
[-0.04908153 -0.09935562  0.04894023  0.0126601   0.05335998  0.01818283
  0.05374194 -0.02635666  0.12427955 -0.08173647  0.10626013 -0.0588115
 -0.06763352 -0.02233342 -0.00076332 -0.03071755 -0.05436843  0.09145356
  0.08088458 -0.11036431 -0.00223084  0.05255695  0.14793533  0.10371265
  0.20278343  0.0563778  -0.02517897  0.00353361  0.03442792  0.07109573
  0.11850408  0.14714135  0.15664629  0.05884847  0.00985315 -0.13530251
 -0.11032838  0.0389236   0.01144332 -0.08775202 -0.30713809 -0.00357685
 -0.05367561 -0.01320843  0.13091963  0.02629753  0.0388684   0.0508885
 -0.06695782  0.08614661  0.00105633 -0.07184985  0.13646556 -0.0607853
 -0.03878345  0.01464522  0.05299081  0.07455121  0.00040371  0.19762474
 -0.02586058 -0.20639228 -0.05137265  0.06239594  0.17658094 -0.02130446
 -0.03532093 -0.10697413  0.08732459  0.06033081 -0.04146502  0.05840035
 -0.02280934 -0.02449728  0.12524437  0.1295337  -0.17995983 -0.31829351
 -0.19578459  0.07250716 -0.08993775  0.01388576 -0.06300046 -0.05650853
  0.01395208 -0.00951999 -0.00243975 -0.00659635  0.01058582 -0.15573619
  0.08150932 -0.0198169  -0.04229403  0.07161655 -0.03929332 -0.10186794
  0.0773843  -0.04653262 -0.07722632 -0.0590218   0.12749978  0.07724662
  0.0880203  -0.05844851  0.08957693  0.02622213 -0.09440876  0.04767927
  0.02634654  0.19523221  0.07184304  0.0882507   0.00380759 -0.19380129
 -0.02003449 -0.11177055  0.05854392 -0.16489243 -0.0286916  -0.16940361
 -0.15098702 -0.03923206  0.07407117 -0.00035687  0.03090324 -0.20326657
 -0.04405838 -0.05630603]
[-0.01369735]
[[-0.2130709   0.19974369 -0.13272962 ...  0.0439353  -0.07417543
  -0.10942807]
 [ 0.24118211 -0.03375657  0.02216506 ...  0.0755858   0.0991558
  -0.11499999]
 [ 0.09278172  0.04577641 -0.24630857 ... -0.14747763 -0.20079228
  -0.04516212]
 ...
 [-0.18441356 -0.02655336 -0.04168219 ...  0.02718993 -0.14869181
  -0.21007837]
 [-0.07539423 -0.14336723 -0.06944544 ...  0.11483978  0.0606243
   0.04349044]
 [ 0.20903282 -0.04216381  0.03408192 ... -0.08062695  0.13580955
   0.03334504]]
[ 3.33956727e-02  1.76507362e-02 -3.77863416e-02 -5.45810393e-02
 -2.17358238e-02  3.76203499e-02  8.25004503e-02 -3.02443421e-02
  5.71516985e-02  3.82423469e-02 -8.68536711e-02 -7.44080273e-03
  3.82119190e-02  1.03444638e-01 -9.28320709e-02 -1.76268943e-02
 -8.49128394e-02  4.12515766e-02  8.85462542e-02  2.58795577e-02
  2.02084297e-01  5.34949753e-03 -5.46155214e-02  2.96876914e-02
 -1.05091987e-01 -2.64594061e-02  1.38286586e-01  2.65337343e-02
 -2.95003030e-02 -3.10608104e-02  3.54085270e-03  5.37749472e-02
 -5.67278416e-02  3.28730816e-02 -4.06394967e-02  4.53530285e-02
  1.56142571e-02 -6.60204945e-03 -6.50489386e-02 -6.96023875e-02
  1.25261939e-01  5.55184695e-03 -2.25548348e-02 -3.24194115e-02
 -6.09763176e-03  8.99549047e-02  3.66098193e-02 -3.90976149e-02
  4.39195186e-02  7.00522752e-02  1.82167514e-01  2.77079757e-02
 -1.38151733e-02 -6.27326310e-02 -1.40876658e-02  2.02081917e-01
  1.00758101e-02  9.05049654e-02 -3.22148706e-02 -9.68410999e-03
  3.70514812e-02  4.25263547e-02 -6.55074054e-02  5.07551861e-02
 -6.32874522e-03 -1.55271211e-02  6.15423243e-02  3.71401560e-03
  1.90925955e-02  7.75503525e-02 -3.49101473e-02  5.66003637e-02
 -3.01131415e-02 -3.87996099e-03 -1.79195058e-02  7.70004162e-02
 -3.04118707e-02  4.26844643e-02  2.38212828e-02  1.12093157e-02
 -4.68374540e-03  1.13866000e-01 -7.82071234e-02  2.89211142e-02
 -3.46527072e-03 -3.13791163e-02 -1.59383211e-02  2.97364791e-02
  2.43454480e-02  2.01625640e-02 -1.89480466e-02  8.95184746e-02
 -9.55883520e-02 -8.21094766e-02 -1.83510480e-02  1.32227452e-02
  6.19258956e-02 -9.13794918e-03  8.08013464e-02 -9.76093103e-02
 -4.56531835e-02 -6.35143555e-02  7.02589049e-02  4.04620822e-02
 -5.04631512e-02  7.44683837e-03 -3.59565801e-02 -1.38739711e-02
  5.42718255e-02 -4.11537796e-02  2.50097423e-02  3.62076934e-02
  4.57779178e-02  1.44500271e-01 -1.09328720e-02  6.55142798e-03
 -7.80476426e-03  1.65815666e-01 -9.03696708e-02 -3.48527882e-02
  3.53699745e-02 -7.64721725e-03  7.29474616e-02 -4.54336251e-02
  5.60802313e-02  1.49331113e-04  4.61496927e-02  6.68447932e-03]
[0.03086708]
[[ 0.10069505  0.24126501  0.07560448 ...  0.07702058  0.15162195
  -0.18986205]
 [-0.22629673  0.15685072 -0.11425167 ...  0.24096735  0.13407509
  -0.08311756]
 [-0.01165805 -0.17455727 -0.05004409 ... -0.09328501  0.14213272
  -0.04975977]
 ...
 [ 0.19341831  0.11734876 -0.03223171 ... -0.07936903  0.00619151
   0.03479621]
 [ 0.02411111 -0.22526285  0.14492631 ...  0.00769623  0.20913007
  -0.07971081]
 [ 0.03296865  0.12779112  0.04027681 ...  0.14968032  0.12005272
   0.18966541]]
[ 0.01561285 -0.0992644   0.18027616 -0.03517073  0.00759296 -0.04831467
  0.01561256  0.05686278 -0.01203687  0.10914544  0.03913126 -0.07014798
 -0.01010545  0.03067262 -0.10629736  0.03645527  0.13543504  0.02387647
 -0.00213675  0.06706405 -0.0178295   0.12161648  0.07942894  0.04230912
 -0.05727604  0.08036718  0.1142656   0.04864706 -0.00348258  0.02006205
 -0.0280536  -0.05465472 -0.00882304  0.05826326  0.15180935 -0.01004606
  0.04011751  0.02192032  0.06623919  0.00931582  0.0840196  -0.00337332
  0.05324667 -0.04661596  0.04885507  0.11979688 -0.00460071  0.0369406
 -0.01253178 -0.05524155  0.05051406  0.01125138  0.0263101   0.06379601
  0.03231953  0.04007343  0.05179888 -0.00805766  0.0141543   0.11248241
  0.06465946 -0.01017699 -0.05524756 -0.00528237 -0.00132179 -0.07060316
  0.04529925 -0.07123884  0.05665981  0.04017259  0.01950679 -0.0181516
  0.03842924  0.04614161  0.02584285  0.00230528 -0.02719062 -0.00496382
  0.10185533 -0.05419991  0.02825885  0.06268994 -0.03268415  0.071106
  0.09172056  0.07438072 -0.00586402  0.00831671 -0.00413151  0.07203353
 -0.01412264  0.03725395  0.00350613  0.03564734 -0.00569778 -0.00176662
  0.01900804 -0.00772634  0.06964956 -0.07240364  0.06973777  0.02337255
  0.04127063 -0.0398653   0.0605255   0.07520818 -0.02260292 -0.00826272
 -0.00958704  0.00377756 -0.02515751  0.079099   -0.04104823 -0.04047077
 -0.05842099  0.0227289  -0.03670903  0.070568   -0.0526671  -0.07901221
  0.01317799  0.04079174  0.04872927 -0.01627897 -0.04747658 -0.03610027
  0.04582234  0.02629517]
[0.00814801]
[[-0.1057412   0.02376726 -0.15437912 ...  0.16225954 -0.05760205
  -0.0823654 ]
 [ 0.15803454  0.05301518  0.00633288 ... -0.06617127  0.19850923
   0.01838695]
 [-0.16467147  0.09404938  0.0855975  ... -0.06681497 -0.18163193
   0.17631069]
 ...
 [-0.00080948 -0.07334226  0.0239889  ... -0.14255177 -0.03636138
  -0.02931693]
 [-0.07322215  0.0834409   0.24136197 ...  0.05590845 -0.01848832
  -0.10028764]
 [ 0.19318231  0.23298818  0.09137469 ...  0.13228408  0.132388
  -0.12696887]]
[ 0.00175769  0.01757384  0.08783154 -0.04646918  0.08837928 -0.0533843
 -0.03637299 -0.01536886 -0.02606816 -0.10852469  0.00825886 -0.05765115
  0.05941613  0.05243424 -0.0234683   0.08976355  0.17292649 -0.05862253
  0.06191444  0.03185461 -0.11161298 -0.01731785 -0.05448192 -0.02874374
 -0.03836809 -0.0137767   0.03757722 -0.00859089 -0.04031003  0.01068615
  0.01409319  0.21922374 -0.05942833 -0.01719754  0.04255009  0.0411984
  0.02078982 -0.02365091 -0.02672952  0.06554447  0.08478065  0.03943251
  0.01008439  0.00830266 -0.00701339  0.04530573 -0.0557806   0.04255381
  0.02566105  0.01780521 -0.00742033 -0.0159267  -0.02137161 -0.05479258
  0.08236468  0.08650899 -0.0451064   0.03375354  0.00056199 -0.00738323
 -0.04561911 -0.0360759  -0.04517515 -0.05010208 -0.02990563  0.00748164
  0.05516633 -0.05650091 -0.03919935 -0.01974549 -0.06730112 -0.01608612
  0.08106632  0.01657892  0.03617154  0.07955956 -0.06374971 -0.03354464
  0.0203943  -0.06308378  0.02760826 -0.00119276 -0.01186544  0.06921859
 -0.02033816  0.0503959   0.07506119  0.0234902   0.04464802  0.00539266
  0.07558949 -0.00217198 -0.00043781  0.0257024  -0.02029389  0.01752452
  0.02512048  0.09120865 -0.00712787  0.01355487 -0.0096382  -0.06041781
 -0.00200792  0.02207463 -0.02133421 -0.04022584  0.08666614 -0.0038858
  0.00679551 -0.02097294 -0.06263611  0.0284559  -0.00260615 -0.03452619
  0.0717851   0.00866499  0.0267369   0.02436423 -0.10103624  0.00561361
  0.0091539   0.09835637 -0.02953237 -0.00522794  0.03160722  0.02681979
 -0.00176045 -0.04790608]
[0.07804304]
[[ 9.13796138e-02 -2.43818126e-02  7.94695651e-02 ...  2.33694765e-01
  -2.15970899e-01 -7.40542837e-05]
 [ 1.39612116e-02  1.01327572e-01 -3.22261185e-01 ...  6.71439966e-02
  -1.83337507e-01  2.80798452e-01]
 [-1.36754932e-01  1.01268026e-01  2.88777982e-02 ... -1.49329961e-01
   1.06801083e-01  2.20387511e-01]
 ...
 [-3.09638759e-02 -1.52347342e-01 -1.12361235e-01 ... -7.56323967e-02
  -6.55440248e-02  4.82919993e-02]
 [ 1.14119695e-01  6.23273561e-02  1.27792736e-01 ... -1.47004455e-01
  -2.16482119e-01  1.24357145e-01]
 [-1.09838736e-01  1.14497806e-01 -3.17519512e-02 ... -1.64045532e-01
   2.82997971e-01 -2.30560951e-01]]
[-0.03304788  0.02370979  0.00988473 -0.13965537  0.01667963 -0.02007275
 -0.0585742  -0.0256885  -0.09821408  0.0079265   0.00291056 -0.05654954
  0.05820801  0.0072028  -0.09956056  0.12183721  0.01510088  0.07310765
  0.01468211  0.14643997  0.01754537  0.13555976  0.02184085  0.04000956
 -0.11991362  0.05223629  0.09445974 -0.03944338 -0.01901218  0.08713111
 -0.0261008  -0.02701992  0.07515495 -0.02147902  0.11255265 -0.05446231
 -0.11691003 -0.02731489  0.04646516  0.0063567  -0.06668694 -0.05629346
  0.08869113  0.0297248  -0.10323755 -0.1666891   0.07050818]
