[[-0.03136416 -0.03071209  0.06924459 ... -0.02754406 -0.06101947
  -0.05489381]
 [ 0.03635562 -0.08077897  0.06534319 ... -0.06142999 -0.03865911
  -0.05901909]
 [ 0.07349786 -0.01003844  0.0464821  ...  0.02393916 -0.00550514
   0.0389914 ]
 ...
 [ 0.03967986 -0.0409048   0.01182881 ...  0.03149238  0.01927939
  -0.01878917]
 [-0.0742983   0.04287658  0.0175645  ... -0.04917986 -0.04655949
  -0.04354175]
 [-0.00283583  0.0292008  -0.06879613 ...  0.05978042 -0.00242078
  -0.02512229]]
[ 0.09641003  0.10363715 -0.1041431  -0.05083923 -0.01958183  0.0064871
  0.09152194 -0.03586258  0.01917168 -0.02008368 -0.01379024  0.09845923
  0.04057293  0.01729157 -0.02507564 -0.09275882  0.00888332 -0.09165772
  0.09695443  0.05942606  0.01396449 -0.0081219   0.05552668 -0.03946331
  0.02656095 -0.02855355  0.05097917  0.0145977  -0.04434752  0.02728563
  0.0792223  -0.00517289  0.02184789 -0.09238644  0.06147621  0.00771212
  0.08842322  0.08495348 -0.0262555  -0.0570462  -0.02514674  0.01844266
  0.038529    0.00568384 -0.04374815 -0.01336027  0.08551382  0.03778694
 -0.05340063  0.0334408   0.0115609   0.02053073  0.0201988  -0.11076735
 -0.09819063 -0.09502995  0.03427327 -0.04061845 -0.22085514 -0.07118755
  0.01254283  0.01596846 -0.04856125  0.01227229 -0.00303635 -0.05564432
  0.0807971   0.03930677  0.00717188 -0.10188322 -0.0534922   0.00878606
 -0.09034648 -0.022558    0.10858566 -0.00808352  0.00311267  0.0550901
  0.06959265 -0.03881441  0.0771402  -0.05008042  0.07077033 -0.0356403
  0.00434405  0.05515308 -0.01785591  0.09392791 -0.04781404 -0.01279852
  0.05534868  0.02520724 -0.14546905 -0.08592584 -0.05588762 -0.02020375
  0.0316812  -0.06187094  0.06877019  0.03166015 -0.02702932 -0.02345397
  0.03064946  0.04372483  0.0930958   0.00795496  0.0231394   0.03182989
 -0.08695536 -0.03179416 -0.02493901  0.03491979 -0.04811558  0.03170858
 -0.1153765   0.0582067   0.10251974 -0.01402245  0.03167944 -0.04793848
 -0.07425068  0.03756876 -0.03098038 -0.06538292  0.08113171 -0.04602565
 -0.04109902  0.00591919]
[0.04024532]
[[ 0.07752751  0.09635604 -0.05837596 ... -0.01832594 -0.03208169
  -0.15671347]
 [ 0.18025447 -0.11992264 -0.11501864 ...  0.04966861 -0.19276353
   0.10498815]
 [-0.17406703 -0.02751249  0.04045648 ...  0.07866081  0.16425152
   0.03941595]
 ...
 [-0.00947685 -0.05653221  0.04731834 ... -0.22525079  0.00418302
   0.00309019]
 [-0.12237951 -0.1584263   0.07034763 ...  0.1979169   0.13667525
   0.18607002]
 [-0.06678995 -0.00765356 -0.14381076 ... -0.00595822 -0.08611403
   0.1019131 ]]
[ 0.09183826 -0.03257967 -0.04034781  0.06414242  0.01024025  0.00035663
 -0.01397018  0.01864378 -0.00313628 -0.00150926  0.02910807  0.04969674
 -0.0129336   0.03281638  0.01112402  0.01149199  0.07997996  0.06131927
 -0.00520607  0.01412355 -0.00071399  0.0054357   0.09190824 -0.07942477
 -0.05389494  0.04376214 -0.02732866  0.01861206 -0.07042538  0.12243255
  0.06197565 -0.00919287  0.08166337  0.02108305  0.02409533 -0.05165673
 -0.01006881  0.04221748  0.02042688  0.00908528 -0.00762275 -0.03241906
  0.04679218 -0.03540902  0.03461898  0.10114456 -0.01238977  0.02311093
 -0.01001517  0.05498482  0.01844324  0.0763055  -0.00941701 -0.0398916
  0.00865699  0.0490006   0.02521267  0.02271878  0.0265364  -0.00875935
 -0.05272781  0.01045198  0.04859108 -0.03565876  0.01260953 -0.00149947
 -0.03338068 -0.03425875  0.00209663  0.02183707  0.09840031 -0.06069624
  0.01510857  0.06860337  0.01900471  0.09550668 -0.0349579   0.0491287
 -0.09059511  0.00224526  0.07995859  0.03896189 -0.00659322  0.05818573
  0.02875033  0.14250773 -0.04413655  0.00809023  0.06222143 -0.01258833
 -0.02087264  0.0265148   0.01426188 -0.01629897  0.01126627 -0.06004492
 -0.09587632  0.04130457 -0.01810756  0.00979275  0.03569875  0.01098613
 -0.0008285  -0.06269047 -0.05922809  0.02035751 -0.0023553   0.01246622
 -0.00805734  0.03642149  0.07441015  0.01084857 -0.01254773  0.01866115
 -0.02149332 -0.02966587 -0.01269991  0.03792583 -0.01076706  0.0534308
  0.02418406  0.03140615  0.02949502  0.02929537 -0.03861403  0.02121962
 -0.07577859 -0.05354155]
[-0.00024359]
[[-0.08079029  0.14483638  0.0579841  ...  0.02708218 -0.00842523
  -0.13711455]
 [-0.0081381   0.12235234 -0.05719247 ...  0.02702652  0.03636332
  -0.14590276]
 [ 0.08800324 -0.10004915 -0.08187808 ...  0.14329978  0.0325059
   0.16775514]
 ...
 [ 0.06734584 -0.06898611 -0.07112292 ... -0.07507342  0.08652792
   0.01175227]
 [-0.18833823 -0.07394903  0.05149815 ...  0.19335392  0.02039974
   0.04881092]
 [-0.01261988 -0.12411571  0.05240721 ...  0.18926788  0.03644357
  -0.00292493]]
[-5.09799117e-02  6.89665342e-02 -4.24049713e-02  3.24472726e-02
  2.43402056e-02  2.50975751e-02  1.90947892e-02  2.00580400e-02
  5.17295817e-02  1.03772274e-02  5.29281442e-02  5.16864969e-02
  3.87011303e-02 -5.75153851e-02  4.99271187e-03 -5.07575889e-02
  1.13035196e-02  1.47232186e-02 -3.42335931e-02  2.54896795e-02
 -3.89185826e-02  2.65622517e-03  3.12256812e-02 -1.19152806e-02
  2.42124870e-02 -5.81352902e-02  3.81313864e-03 -3.95502003e-02
  4.60603698e-02  2.97393102e-03  8.02408576e-02  3.30375478e-02
  3.29471618e-02 -1.68965813e-02 -2.01488122e-02 -4.28653578e-02
 -3.06667058e-03 -2.63967775e-02 -1.63059249e-02  2.26425777e-03
 -4.30696883e-02 -8.06371238e-02  9.32560645e-02  1.38066568e-02
  1.04091808e-01 -2.04044801e-02  5.17167778e-02 -1.45866635e-02
 -7.31078108e-02 -7.38850422e-02  6.46977492e-02  1.58785226e-02
  1.53573915e-02  4.62548511e-02  3.34793553e-02 -3.16315918e-05
  3.19765917e-02 -8.30526925e-02 -7.39433111e-02 -2.61556544e-02
  2.28028563e-02  2.28053146e-02  4.38256302e-02 -5.46603128e-02
  4.45801172e-02  5.02881479e-02  8.99817429e-03 -2.38093627e-02
  6.34457688e-02 -2.47029825e-02 -8.01721159e-03 -5.06475000e-02
 -2.83678706e-02  1.60400553e-02  1.78910153e-02  3.90849716e-02
  5.03858823e-02  1.42379724e-04  4.68533617e-02  2.71213203e-02
 -5.09719476e-03 -3.82873096e-02  7.01815072e-02 -3.48406855e-02
  3.28955600e-02  3.19117191e-02  4.18165413e-02 -1.07841346e-02
 -6.74703051e-02 -1.24124973e-02  1.59276597e-02 -5.18587818e-02
  5.67601454e-02  1.58645654e-02 -4.38731820e-02 -2.38598881e-02
  4.40112025e-02  4.22850629e-02  4.04265252e-03  3.71610486e-02
  1.76317345e-02 -3.42173946e-02 -1.89847511e-02 -1.20900477e-02
 -1.31132059e-02  3.00796596e-03  1.33741697e-03  2.80842986e-02
 -1.22263593e-02 -3.05834499e-02  3.73222429e-02  4.97154926e-02
  2.66672518e-02 -3.76016165e-02  4.28122707e-02 -2.83211649e-02
 -9.82979879e-02  7.72008911e-03  1.64286901e-02 -3.86606627e-02
 -2.04462569e-02  6.70633144e-02 -1.26950487e-02 -2.07979319e-02
 -9.91618690e-04 -7.80121276e-02 -6.05780063e-02  1.62819348e-02]
[2.80130612]
[[ 0.12392217  0.15039088 -0.10153799 ...  0.02860401  0.17582793
   0.05623811]
 [ 0.10632566 -0.05395781 -0.14850604 ... -0.18122805  0.05629012
  -0.08687037]
 [ 0.12605342 -0.17409887 -0.12390823 ...  0.09914096 -0.1585847
  -0.15375266]
 ...
 [ 0.11352886  0.07831398  0.05834269 ...  0.07706675  0.05022384
   0.02465717]
 [ 0.0812338  -0.1381938  -0.10754948 ... -0.10099951  0.07854787
  -0.15900955]
 [ 0.12049559 -0.04961243 -0.00844511 ... -0.04242066 -0.03454831
  -0.08980877]]
[ 0.03915682 -0.02342611 -0.00187452  0.02839651  0.06915621 -0.02624696
  0.02266029  0.04166473 -0.0120735  -0.02969521  0.06106164  0.03308776
 -0.05101772 -0.00703015  0.10725521  0.10078348  0.04520468 -0.00682875
  0.04684502  0.00970694  0.01059934  0.05424049 -0.03648348  0.05371034
 -0.01076809  0.0164918   0.00770698 -0.05395092 -0.05423515 -0.00199761
  0.00075468  0.00599144  0.07042015 -0.02478668 -0.02085686  0.02782783
  0.01123104 -0.05081757  0.01514416  0.02422298  0.01841887 -0.02390515
 -0.00120686 -0.03194725  0.01703587  0.05349772 -0.00612485  0.05572336
  0.02728083  0.03307096 -0.00077757 -0.04663459  0.06199634 -0.0343908
 -0.01234013  0.03059123  0.03432986  0.01437599  0.05763753 -0.02330672
 -0.00788283  0.00128196 -0.01727144  0.00404463 -0.0466428   0.00938148
  0.03091483 -0.00787953  0.08595656 -0.03033794 -0.02921079  0.0075107
 -0.01188494  0.00752735  0.01745887  0.00180819 -0.03881398  0.01360423
 -0.00668459  0.0147116   0.03007407 -0.03590386  0.00558222 -0.01571041
  0.01634837  0.04101075  0.04667187  0.00289246  0.04954492 -0.00222089
  0.04461412  0.06631928 -0.00768478  0.00335637 -0.06546882  0.12986916
 -0.04513541  0.0667079  -0.04871954  0.04247868  0.02920056 -0.04650213
 -0.03013247 -0.02541274  0.04500671  0.01704294  0.01331204  0.05119205
  0.01309283 -0.00600909  0.01819975  0.02840648 -0.01885826  0.06977745
 -0.02955613  0.02069691 -0.00444346  0.03318132  0.00339204  0.07012651
 -0.01045651 -0.03242075  0.02174503 -0.02791482  0.01027872  0.00877793
  0.01533652 -0.03868115]
[0.02067006]
[[ 0.05016429 -0.19062706  0.08314649 ... -0.06656233  0.08498927
  -0.11887119]
 [ 0.05384042 -0.06867094  0.07931077 ... -0.00131158  0.28218397
   0.13431922]
 [ 0.01105962  0.12368924 -0.0845236  ... -0.12770744  0.00217722
  -0.01652227]
 ...
 [ 0.17221537  0.11063836 -0.13076061 ...  0.2072989  -0.05297007
  -0.07188456]
 [-0.15602123  0.23254183  0.11174074 ...  0.14536222  0.07881384
  -0.0442605 ]
 [ 0.20528529  0.03278136  0.18405028 ...  0.01619735  0.31042008
  -0.03325309]]
[-0.03054842  0.03171334 -0.0320146  -0.01068798  0.01702345  0.04916126
 -0.07383392  0.0361254  -0.07310313 -0.00934877 -0.06453287  0.01619661
  0.06037774  0.0237779  -0.09205719  0.097438    0.00897772 -0.02151877
  0.0067254   0.16445507 -0.00570823  0.12841255 -0.00593906  0.0165271
 -0.06853155 -0.01281277  0.01582967 -0.02837542 -0.01976718  0.05964638
 -0.00413571 -0.03420815 -0.00082043 -0.0611438   0.09879416 -0.01675922
 -0.07913472 -0.01639887  0.04442552 -0.06982815 -0.00229799 -0.00874556
  0.10709604 -0.01278386 -0.04896075 -0.09359182  0.01488557]
