3.856900872281557646e+00 1.562999999999980377e-02 3.858617665477764636e+00 1.620253164556960737e-02
2.264665587528958302e+00 4.166700000000005399e-01 2.266220050501583927e+00 4.091139240506328489e-01
1.461648633637108174e+00 5.858899999999999109e-01 1.467198265149365799e+00 5.814556962025317910e-01
1.216994374319450012e+00 6.491299999999990966e-01 1.221928169255766417e+00 6.441772151898732535e-01
1.071075568946582068e+00 6.888100000000014766e-01 1.082788931149026412e+00 6.807594936708862843e-01
9.568729201403369800e-01 7.166400000000018311e-01 9.692602161101474545e-01 7.103797468354428046e-01
8.832505108566925944e-01 7.371700000000002140e-01 8.983388247245613911e-01 7.334810126582276268e-01
8.323745978779777399e-01 7.516200000000003989e-01 8.536033535720138898e-01 7.436708860759485562e-01
7.835402918957704577e-01 7.628699999999992709e-01 8.041144153187514965e-01 7.563291139240503336e-01
7.286119726001978325e-01 7.756699999999979722e-01 7.521234311400242234e-01 7.660759493670887821e-01
6.975097456596920376e-01 7.860399999999974074e-01 7.264893312541441661e-01 7.768987341772148891e-01
6.791478043487468863e-01 7.888199999999986334e-01 7.071668731098330607e-01 7.806962025316452891e-01
6.475744960434133279e-01 7.989599999999977831e-01 6.791593642716998724e-01 7.880379746835444177e-01
6.283416767362404176e-01 8.003999999999980020e-01 6.612837990140659761e-01 7.913924050632906715e-01
6.062641128596834017e-01 8.061399999999996346e-01 6.442899769023537893e-01 7.970253164556960757e-01
5.899578959817444179e-01 8.126999999999992008e-01 6.294090944411068200e-01 8.018987341772152444e-01
5.730534181321380593e-01 8.168199999999982142e-01 6.168023302063643243e-01 8.062025316455693202e-01
5.560926036184019594e-01 8.212200000000008382e-01 6.005750350144815064e-01 8.081012658227845202e-01
5.471656198253207481e-01 8.229999999999992877e-01 5.978984466876441362e-01 8.065822784810126045e-01
5.316598922826318852e-01 8.287400000000013645e-01 5.830353134444539176e-01 8.136708860759486184e-01
5.306425771458115337e-01 8.256500000000009942e-01 5.830598332893880409e-01 8.063924050632905738e-01
5.241985960263803035e-01 8.274500000000002409e-01 5.819013379669543129e-01 8.114556962025318843e-01
5.121248527752711999e-01 8.322600000000019982e-01 5.714167799338383258e-01 8.150632911392406976e-01
5.077668336298591933e-01 8.319800000000017182e-01 5.715551844586005403e-01 8.136708860759491735e-01
5.178445646167135763e-01 8.274800000000009925e-01 5.808949255644988430e-01 8.093670886075947646e-01
4.826186612846896651e-01 8.407200000000008000e-01 5.513135627806785566e-01 8.194303797468356354e-01
4.682498210952459328e-01 8.435200000000020459e-01 5.363610207106392913e-01 8.243037974683541380e-01
4.621363886560740930e-01 8.466900000000014970e-01 5.351523162292020075e-01 8.253164556962025999e-01
4.626255980190942529e-01 8.465400000000018466e-01 5.379723293944663753e-01 8.255063291139239645e-01
4.466809534319946540e-01 8.506000000000010219e-01 5.233487088156086875e-01 8.293670886075946713e-01
4.478203261844527772e-01 8.500900000000023438e-01 5.267417433664342008e-01 8.274050632911393865e-01
4.348321379723870117e-01 8.546200000000011565e-01 5.161548333640119113e-01 8.337974683544304710e-01
4.351292284874949123e-01 8.529700000000023374e-01 5.196344355860856856e-01 8.277215189873418089e-01
4.233020933262894858e-01 8.581800000000008311e-01 5.120254397807175728e-01 8.334177215189868537e-01
4.195021673307186560e-01 8.581800000000006090e-01 5.105463518328003936e-01 8.338607594936703338e-01
4.138961261631018407e-01 8.606100000000008743e-01 5.084092213902110524e-01 8.357594936708857558e-01
4.202208063836042617e-01 8.562000000000009603e-01 5.149951856445296183e-01 8.299999999999999600e-01
4.066881580781255279e-01 8.611700000000012123e-01 5.059808446743325749e-01 8.346202531645564582e-01
3.992836336312202139e-01 8.650700000000013379e-01 4.986885819330450498e-01 8.364556962025317954e-01
3.982515592571838625e-01 8.655300000000005767e-01 4.994623394739362565e-01 8.387974683544296983e-01
3.979258589208281016e-01 8.645400000000009744e-01 5.063838107768454666e-01 8.346202531645571243e-01
3.947178695816594418e-01 8.653100000000012448e-01 5.056300881073066966e-01 8.331012658227840983e-01
3.830931003731251616e-01 8.689100000000008484e-01 4.965267036854374982e-01 8.384177215189871912e-01
3.978268606496756510e-01 8.638300000000015411e-01 5.151819015998989615e-01 8.322151898734178044e-01
3.833270238155656040e-01 8.674700000000000744e-01 5.030497705096480532e-01 8.332278481012657112e-01
3.736906771098854607e-01 8.697600000000001996e-01 4.940328909168836269e-01 8.389240506329114222e-01
3.810295240709163922e-01 8.674200000000009680e-01 5.028559333107938123e-01 8.327215189873413692e-01
3.705335438828165073e-01 8.699999999999992184e-01 4.962020717902221323e-01 8.366455696202531600e-01
3.722184826231915711e-01 8.704700000000005211e-01 5.017739306328846682e-01 8.353797468354426936e-01
3.656312951028881097e-01 8.728199999999999292e-01 4.982327486216820422e-01 8.353164556962022758e-01
3.571042981132229177e-01 8.768899999999991701e-01 4.923302242603655454e-01 8.390506329113918138e-01
