3.853844942455411982e+00 2.206999999999997505e-02 3.852489185509265113e+00 2.183544303797464378e-02
2.350282194668220637e+00 3.971299999999997055e-01 2.357052259675994854e+00 3.957594936708859756e-01
1.418143560825338767e+00 6.038299999999999779e-01 1.423360618390336674e+00 6.004430379746833468e-01
1.205137975973639586e+00 6.549399999999999666e-01 1.208723351712422289e+00 6.545569620253165466e-01
1.053361556834951029e+00 6.944300000000013240e-01 1.059961109057509621e+00 6.908227848101266000e-01
9.479897515176390899e-01 7.209200000000010045e-01 9.579640853741991924e-01 7.170253164556961156e-01
8.699982661601616263e-01 7.425200000000011791e-01 8.826551412219928450e-01 7.366455696202530712e-01
8.164711102571756696e-01 7.551799999999998514e-01 8.334296197692678820e-01 7.463924050632914087e-01
7.702441615848464318e-01 7.661699999999974642e-01 7.894131139924421836e-01 7.577848101265823866e-01
7.305225779563698785e-01 7.783699999999971197e-01 7.542680756191698643e-01 7.700632911392404356e-01
6.961330037972383034e-01 7.864299999999975199e-01 7.235926484160266625e-01 7.755063291139238091e-01
6.745197980959176665e-01 7.899099999999976696e-01 7.057623412981055555e-01 7.800632911392404445e-01
6.598869298578764475e-01 7.956899999999976769e-01 6.920049819015529069e-01 7.857594936708859334e-01
6.198159586849241176e-01 8.066499999999985349e-01 6.559168631694236584e-01 7.945569620253163379e-01
6.091195287502131350e-01 8.076799999999972890e-01 6.504303566130507086e-01 7.946202531645570888e-01
5.942485628519580398e-01 8.120699999999988483e-01 6.347211566708064190e-01 8.015822784810126000e-01
5.759526888034159908e-01 8.163200000000002676e-01 6.200478103232776039e-01 8.048101265822783512e-01
5.676055759347590213e-01 8.177399999999998004e-01 6.157393742365013800e-01 8.022151898734177777e-01
5.500681536958663687e-01 8.239499999999997382e-01 5.995514720524736108e-01 8.084810126582276935e-01
5.379720804118778288e-01 8.269900000000017792e-01 5.931398945451090698e-01 8.102531645569619467e-01
5.282766694949840858e-01 8.291600000000011184e-01 5.858024490733846346e-01 8.121518987341770357e-01
5.169633093466787788e-01 8.332200000000016260e-01 5.750212412244710691e-01 8.159493670886071026e-01
4.993109915599852067e-01 8.382300000000022511e-01 5.603665244108793075e-01 8.165189873417720845e-01
4.991138661225309470e-01 8.349899999999994549e-01 5.624116749857785980e-01 8.181012658227844181e-01
4.847241168891918695e-01 8.417000000000005588e-01 5.511307888856916692e-01 8.206962025316456577e-01
4.892284299073824672e-01 8.388300000000014078e-01 5.580085857751498901e-01 8.171518987341771512e-01
4.729939167134803446e-01 8.436800000000010957e-01 5.467956505261608591e-01 8.210126582278477470e-01
4.671918547965826507e-01 8.453300000000025793e-01 5.431162339327895161e-01 8.215822784810125068e-01
4.629300504805488048e-01 8.458800000000016306e-01 5.429251316350388601e-01 8.226582278481010535e-01
4.497956238478605928e-01 8.513200000000010759e-01 5.308811190999688234e-01 8.277848101265820047e-01
4.446017598936749526e-01 8.527900000000013803e-01 5.292680945452161723e-01 8.275949367088605291e-01
4.350763726203283333e-01 8.541800000000013826e-01 5.222271497346987479e-01 8.272784810126578847e-01
4.339247384624083104e-01 8.546400000000008434e-01 5.237587499483661313e-01 8.296202531645566758e-01
4.307054848162281124e-01 8.549900000000015821e-01 5.217910108076673215e-01 8.299367088607598753e-01
4.221825758352479863e-01 8.560700000000004417e-01 5.151898558237560932e-01 8.292405063291139466e-01
4.180797078031557312e-01 8.582700000000019758e-01 5.161737609636068980e-01 8.322784810126584443e-01
4.134268819722508592e-01 8.600100000000010514e-01 5.139098364320275891e-01 8.306962025316450005e-01
4.139076243976159142e-01 8.607400000000003937e-01 5.181659347538517535e-01 8.297468354430377335e-01
4.098316712592443567e-01 8.618100000000010752e-01 5.135240014953840193e-01 8.344936708860755115e-01
4.020544622570552673e-01 8.626400000000009616e-01 5.101258982517743457e-01 8.310759493670883957e-01
3.941770820412350829e-01 8.673800000000014832e-01 5.022489928000593018e-01 8.356962025316453380e-01
4.046037871240204531e-01 8.593600000000010120e-01 5.181077888300019696e-01 8.279113924050623963e-01
3.863098024703484623e-01 8.683100000000026908e-01 5.004754115135143788e-01 8.366455696202534931e-01
3.787669120962606217e-01 8.717300000000000049e-01 4.969312741039941250e-01 8.403797468354430311e-01
3.866597384003841453e-01 8.671300000000001784e-01 5.118613952966981628e-01 8.318354430379744091e-01
3.736062431380757221e-01 8.713299999999998269e-01 4.976336505271781729e-01 8.367088607594932448e-01
3.756545766602388814e-01 8.694199999999998596e-01 4.993044424877255971e-01 8.337974683544304710e-01
3.636463345638553113e-01 8.756399999999994188e-01 4.915951713688637703e-01 8.396202531645569067e-01
3.730475521594338595e-01 8.684300000000010344e-01 5.024190191962080165e-01 8.332911392405061290e-01
3.601248164638952698e-01 8.747900000000008447e-01 4.962015735325551735e-01 8.367088607594935779e-01
3.588246974843185000e-01 8.762000000000004230e-01 4.967449745587885213e-01 8.379113924050630713e-01
