3.876137694436961212e+00 2.080999999999993619e-02 3.877294540867985972e+00 1.898734177215187849e-02
2.425268689406379963e+00 3.880100000000000771e-01 2.422539648973854653e+00 3.873417721518987999e-01
1.427702669402495461e+00 5.971399999999996711e-01 1.431355598300232845e+00 5.971518987341776219e-01
1.217923334050512896e+00 6.494699999999999918e-01 1.226164733561798004e+00 6.483544303797467157e-01
1.073313695881942698e+00 6.878600000000013592e-01 1.086403136492119170e+00 6.827848101265826530e-01
9.701303984053014640e-01 7.127800000000023006e-01 9.836144296762314720e-01 7.080379746835444577e-01
8.855155688694459348e-01 7.359800000000003006e-01 9.034482533383308978e-01 7.296835443037975599e-01
8.429759508964289605e-01 7.442899999999988969e-01 8.609734226948296820e-01 7.381012658227844581e-01
7.833672932373126896e-01 7.605699999999988581e-01 8.030609578866890752e-01 7.558860759493670756e-01
7.321182994979195113e-01 7.774999999999985256e-01 7.535940758530721428e-01 7.728481012658232618e-01
7.053071775244706965e-01 7.842499999999970051e-01 7.311030063222919706e-01 7.803797468354430888e-01
6.775833713005586789e-01 7.890099999999982128e-01 7.061249632027493117e-01 7.842405063291141287e-01
6.531332119264660063e-01 7.965099999999987190e-01 6.827392751084090383e-01 7.902531645569618179e-01
6.341199348674005920e-01 8.024299999999991995e-01 6.641044018729206355e-01 7.934810126582282352e-01
6.119233080516600642e-01 8.052899999999987291e-01 6.456800256805866889e-01 7.990506329113921113e-01
5.918621684443061692e-01 8.107599999999984819e-01 6.294954426719983065e-01 8.003797468354429956e-01
5.752362954516581084e-01 8.163999999999986823e-01 6.149260948245345304e-01 8.067721518987343021e-01
5.598137640306093399e-01 8.206700000000004547e-01 6.024827778774967113e-01 8.089240506329110625e-01
5.474817497314323766e-01 8.230099999999996863e-01 5.931121276242645735e-01 8.116455696202529158e-01
5.394852648408149376e-01 8.257700000000013363e-01 5.890524077333308961e-01 8.143670886075943249e-01
5.326901122961218427e-01 8.274900000000009470e-01 5.874807806448647529e-01 8.134177215189872800e-01
5.203153381962611901e-01 8.320700000000023078e-01 5.778674012693806317e-01 8.149999999999993916e-01
5.054102968449257771e-01 8.347499999999998810e-01 5.617562001715361575e-01 8.201265822784807868e-01
4.873916653467443294e-01 8.410200000000028764e-01 5.467713367080816456e-01 8.239873417721519377e-01
4.829666189433707846e-01 8.418100000000027228e-01 5.449247245727364408e-01 8.234810126582277068e-01
4.751523015190332599e-01 8.444200000000020578e-01 5.423278319587919727e-01 8.250632911392402624e-01
4.726210559700797509e-01 8.435800000000016619e-01 5.397200103270191063e-01 8.268354430379744047e-01
4.708699493865012298e-01 8.432100000000017914e-01 5.429598285185350814e-01 8.225949367088605246e-01
4.603768390178593628e-01 8.475000000000013634e-01 5.324892952969129123e-01 8.288607594936711065e-01
4.449334278065435466e-01 8.532300000000021534e-01 5.225983959814264335e-01 8.318354430379747422e-01
4.478274362200234116e-01 8.500900000000012335e-01 5.252978793837587146e-01 8.294303797468352002e-01
4.353754681579505847e-01 8.551900000000022262e-01 5.189125935214168317e-01 8.317088607594937955e-01
4.474961541146204036e-01 8.504300000000010185e-01 5.328326539849094212e-01 8.277848101265818936e-01
4.271598765012750709e-01 8.565200000000016134e-01 5.118736399733869735e-01 8.332278481012657112e-01
4.183882372963887986e-01 8.584100000000021158e-01 5.070147429958767882e-01 8.332911392405063511e-01
4.132067129942736949e-01 8.606600000000014239e-01 5.058846612473615334e-01 8.352531645569619689e-01
4.189647898305430274e-01 8.586500000000014676e-01 5.140211835208624569e-01 8.339873417721519466e-01
4.204877515602876703e-01 8.578800000000017523e-01 5.188023562646628672e-01 8.296835443037970936e-01
4.043272236096570049e-01 8.632000000000010775e-01 5.043744241325914812e-01 8.355696202531640582e-01
3.942970853869978698e-01 8.650100000000005007e-01 4.969108187673222377e-01 8.377848101265821246e-01
3.869188219100711534e-01 8.686400000000008559e-01 4.920827288122172627e-01 8.382911392405059114e-01
3.868076026629501118e-01 8.687000000000003608e-01 4.942458288877736861e-01 8.388607594936707823e-01
3.965079362108568373e-01 8.622400000000012277e-01 5.070831241446865922e-01 8.344303797468356487e-01
3.850892776843208298e-01 8.659300000000003106e-01 4.987485778709150330e-01 8.345569620253161514e-01
3.764561493605890763e-01 8.712399999999996814e-01 4.955972394456665819e-01 8.403164556962018361e-01
3.724287480715546828e-01 8.729999999999986660e-01 4.917825246544186291e-01 8.399999999999999689e-01
3.663333029126771834e-01 8.760299999999986431e-01 4.874085399530208584e-01 8.424050632911388448e-01
3.672456915854048765e-01 8.745899999999997565e-01 4.927755593428838066e-01 8.391772151898732046e-01
3.612091473369176686e-01 8.754899999999979920e-01 4.912639717758207070e-01 8.402531645569619734e-01
3.628449374498040059e-01 8.738900000000000556e-01 4.945853847133143133e-01 8.385443037974683600e-01
3.607593454265271005e-01 8.748899999999992794e-01 4.910765535515754232e-01 8.389240506329114222e-01
3.558372727113399137e-01 8.765599999999986736e-01 4.946402797381737604e-01 8.374050632911392844e-01
3.464145285871862989e-01 8.812499999999983125e-01 4.844323556622400218e-01 8.427215189873421552e-01
3.530217757391032052e-01 8.769599999999987405e-01 4.954642134140267995e-01 8.418987341772147248e-01
3.411057215756273520e-01 8.813199999999982159e-01 4.850589379562993964e-01 8.399999999999999689e-01
3.406767557158095205e-01 8.825999999999967205e-01 4.851127699683288053e-01 8.443037974683542668e-01
3.361509130524811817e-01 8.828899999999991755e-01 4.853302746447135108e-01 8.433544303797469999e-01
3.333710725135788366e-01 8.837899999999988543e-01 4.852630405979239669e-01 8.420886075949367555e-01
3.289710162223302148e-01 8.853499999999977499e-01 4.825828181190868205e-01 8.433544303797463337e-01
3.354627673350281114e-01 8.804599999999992432e-01 4.932526928988553716e-01 8.387974683544300314e-01
3.277466571800969342e-01 8.840799999999964243e-01 4.875356264134220741e-01 8.428481012658223248e-01
3.220403394980841383e-01 8.864999999999977343e-01 4.836158749111686972e-01 8.457594936708860978e-01
3.209783963433117115e-01 8.881799999999974160e-01 4.850986411249967878e-01 8.427215189873410450e-01
3.203084060994101923e-01 8.869399999999965090e-01 4.875196920848064996e-01 8.425949367088607644e-01
3.196252026986626804e-01 8.880199999999964788e-01 4.922930622317365223e-01 8.442405063291141820e-01
3.127558195277383435e-01 8.902799999999972957e-01 4.862087625143417524e-01 8.446835443037975510e-01
3.080210182271252983e-01 8.927299999999963598e-01 4.839426950641065872e-01 8.449367088607591114e-01
3.062038786410370972e-01 8.916999999999960513e-01 4.831046275406514767e-01 8.443037974683542668e-01
3.074497909763149184e-01 8.911799999999963084e-01 4.892330884349429532e-01 8.431645569620249692e-01
3.085343124977864004e-01 8.909899999999966180e-01 4.928810815955211311e-01 8.416455696202534975e-01
2.968581561744893516e-01 8.958799999999954577e-01 4.808276155601760582e-01 8.455696202531639560e-01
3.053861069647572646e-01 8.920899999999981622e-01 4.951883422819721159e-01 8.406962025316454534e-01
3.031012302746367015e-01 8.907499999999972662e-01 4.987268083149581921e-01 8.387974683544302534e-01
3.011465586102767822e-01 8.925499999999960687e-01 4.982023411943900526e-01 8.409493670886075689e-01
2.961918319656863252e-01 8.941999999999956650e-01 4.934146331403806429e-01 8.418354430379746400e-01
2.942893586052470756e-01 8.954599999999963700e-01 4.929334626848177470e-01 8.431645569620253022e-01
2.887876489559514925e-01 8.974299999999971744e-01 4.902506667572948396e-01 8.439873417721515114e-01
2.933458190752873396e-01 8.954599999999968141e-01 5.004701832998784683e-01 8.399367088607589960e-01
2.989149722663960174e-01 8.903799999999960635e-01 5.070542108849548368e-01 8.358860759493668136e-01
2.878533519114285233e-01 8.969499999999959172e-01 5.009068170053195823e-01 8.397468354430376314e-01
2.819136690467871631e-01 8.987999999999963796e-01 4.988347445053347706e-01 8.420886075949362004e-01
2.814161371919030596e-01 8.992699999999960170e-01 4.991546242973902703e-01 8.426582278481009602e-01
2.815275304987764349e-01 8.977199999999959656e-01 5.026756530644043153e-01 8.401898734177218886e-01
2.784745014046485223e-01 9.002499999999955538e-01 5.014860654585971966e-01 8.442405063291138489e-01
2.745829355241545811e-01 9.021499999999946784e-01 4.976590642955425747e-01 8.446835443037971070e-01
2.838369236719952560e-01 8.977799999999961367e-01 5.137615996670021890e-01 8.380379746835442401e-01
2.731332952824169769e-01 9.007699999999941864e-01 5.036709202139370012e-01 8.403797468354426980e-01
2.722691181790896087e-01 9.025099999999951494e-01 5.031650003050012199e-01 8.420886075949369776e-01
2.674464076104834387e-01 9.029199999999975024e-01 5.048755214678296577e-01 8.431012658227845513e-01
2.702319429397942452e-01 9.022099999999957376e-01 5.081292420315857150e-01 8.411392405063288225e-01
2.684921268966074526e-01 9.028799999999954640e-01 5.126599250612094982e-01 8.425316455696197915e-01
2.587286128781411398e-01 9.076499999999961821e-01 5.041995110080850218e-01 8.417721518987343332e-01
2.627427212900073084e-01 9.056499999999961803e-01 5.103681924595959707e-01 8.417721518987340001e-01
2.561616611025657742e-01 9.080199999999958305e-01 5.068367396874168262e-01 8.439240506329110936e-01
2.525922248515267698e-01 9.092999999999951122e-01 5.058294469144676286e-01 8.425949367088605424e-01
2.566776203686041424e-01 9.068499999999971584e-01 5.120922473870961333e-01 8.436708860759490891e-01
2.545676066331073462e-01 9.067899999999959881e-01 5.102643774250772424e-01 8.406329113924044805e-01
2.558088067299471025e-01 9.068999999999957096e-01 5.207174261027702755e-01 8.429746835443038266e-01
2.493564865853575008e-01 9.092799999999947591e-01 5.126220658029606581e-01 8.404430379746831159e-01
2.584255948500284727e-01 9.040399999999955138e-01 5.243899418553897851e-01 8.367088607594937999e-01
2.487871095578920999e-01 9.080399999999956284e-01 5.198840915116758055e-01 8.377848101265823466e-01
