2.387087942330903712e+00 1.173999999999989288e-02 3.851037206376176858e+00 1.791139240506327279e-02
2.481677060749037711e+00 3.738499999999996826e-01 2.483549910338636479e+00 3.682278481012657423e-01
1.423611523293851100e+00 5.960399999999995702e-01 1.424819995471229284e+00 5.978481012658228844e-01
1.199547653999492036e+00 6.539200000000000568e-01 1.206562037676598198e+00 6.513291139240507954e-01
1.049539035311705337e+00 6.935100000000002929e-01 1.057679146601592013e+00 6.901898734177210892e-01
9.562487085854304292e-01 7.177000000000010038e-01 9.635870113318337760e-01 7.156329113924053686e-01
8.876753235000310882e-01 7.307300000000017670e-01 8.962767271069579378e-01 7.290506329113926043e-01
8.241960999120613307e-01 7.550899999999992618e-01 8.369211947451193900e-01 7.514556962025316089e-01
7.758544281989097069e-01 7.657599999999983309e-01 7.890921916499024080e-01 7.619620253164558488e-01
7.410500803133956982e-01 7.738299999999983525e-01 7.581617700607925503e-01 7.691139240506331687e-01
7.018051972066547961e-01 7.865199999999978875e-01 7.257554762771599721e-01 7.806962025316460663e-01
6.850433730087455153e-01 7.873799999999974153e-01 7.135250653975092616e-01 7.775316455696206219e-01
6.489257525007964267e-01 7.984599999999972830e-01 6.792774863649464478e-01 7.923417721518986045e-01
6.554274980632607273e-01 7.946299999999987262e-01 6.882629505423111249e-01 7.868354430379741471e-01
6.175957731279428931e-01 8.065399999999981473e-01 6.538175003245707551e-01 7.961392405063292266e-01
5.974843776937255324e-01 8.109699999999985254e-01 6.380832409844906516e-01 7.993037974683540048e-01
5.810836927596738644e-01 8.155199999999996896e-01 6.244838295958078378e-01 8.031012658227846268e-01
5.614821852918711054e-01 8.204000000000001291e-01 6.065254027401419945e-01 8.095569620253170173e-01
5.532377657643707813e-01 8.217699999999994454e-01 6.020426314509016441e-01 8.086708860759493911e-01
5.465331500620680405e-01 8.245000000000012319e-01 5.961764554141081307e-01 8.112658227848102976e-01
5.320275806167630295e-01 8.288999999999997481e-01 5.855014194183678633e-01 8.154430379746837598e-01
5.218599481746946100e-01 8.309100000000013697e-01 5.815347502174035288e-01 8.156962025316453202e-01
5.136424372490653312e-01 8.302399999999995339e-01 5.721407526772612773e-01 8.118987341772148092e-01
5.045576501080605292e-01 8.344500000000012463e-01 5.693517060778970906e-01 8.199367088607595333e-01
4.939067501810355809e-01 8.395500000000015728e-01 5.600072478367390527e-01 8.202531645569619556e-01
4.818684597557992833e-01 8.421300000000023767e-01 5.515394257885732898e-01 8.206329113924046847e-01
4.805663855099926995e-01 8.423700000000023946e-01 5.522037988127049823e-01 8.212658227848098624e-01
4.624428766588655759e-01 8.467400000000017135e-01 5.385456004715012401e-01 8.266455696202527070e-01
4.559767545451917647e-01 8.486600000000020794e-01 5.320431190336437632e-01 8.260759493670885023e-01
4.507403772959376886e-01 8.512100000000014655e-01 5.293755279617787801e-01 8.278481012658225335e-01
4.509589826982892125e-01 8.487000000000020083e-01 5.313979729976635591e-01 8.260759493670881692e-01
4.387264041475862908e-01 8.533700000000011832e-01 5.224776136159142714e-01 8.294936708860757291e-01
4.312046123087194260e-01 8.554200000000024007e-01 5.159238272086482668e-01 8.324050632911391689e-01
4.293974194600843064e-01 8.536700000000019273e-01 5.203950164464598016e-01 8.270253164556957692e-01
4.306914642711683339e-01 8.555300000000016780e-01 5.254537889484010016e-01 8.287341772151897157e-01
4.198341878257557669e-01 8.588500000000026668e-01 5.128939739080990989e-01 8.331645569620256264e-01
4.144965567991319988e-01 8.600300000000012934e-01 5.085214952610722650e-01 8.337341772151898311e-01
4.051918786701588227e-01 8.632800000000012686e-01 5.062882288653507423e-01 8.351898734177212180e-01
4.040204273814855251e-01 8.632600000000005824e-01 5.057245586810057425e-01 8.356962025316458931e-01
3.981607193983030535e-01 8.647800000000001042e-01 5.025801775892724255e-01 8.347468354430382931e-01
4.055114496444475747e-01 8.615600000000017689e-01 5.123534458540032199e-01 8.318987341772151600e-01
4.000191590310828160e-01 8.636400000000001853e-01 5.099482080223746161e-01 8.324683544303795868e-01
3.811372231770697172e-01 8.710399999999998144e-01 4.954312491267190421e-01 8.377215189873414847e-01
3.876961597306131657e-01 8.656000000000010353e-01 5.058163688092167654e-01 8.327215189873413692e-01
3.782565644232533386e-01 8.696899999999995190e-01 4.977672297221013564e-01 8.357594936708857558e-01
3.830584196057246760e-01 8.680600000000010530e-01 5.054053342418795003e-01 8.338607594936711109e-01
3.758545182882039870e-01 8.702299999999999480e-01 4.972283799100773449e-01 8.367088607594937999e-01
3.785817050116854210e-01 8.690900000000001402e-01 5.005707985338465615e-01 8.366455696202526049e-01
3.591227192353126929e-01 8.761199999999990107e-01 4.829582186220396922e-01 8.420886075949366445e-01
3.584963147011511198e-01 8.765999999999996017e-01 4.871604701218130162e-01 8.425949367088613196e-01
3.570338199398339629e-01 8.764599999999997948e-01 4.919171975972108091e-01 8.368354430379743025e-01
