[[-0.0773355   0.00545414 -0.00333529 ... -0.07472339 -0.05723545
  -0.0472566 ]
 [-0.06697807 -0.03648848  0.07534486 ...  0.01983858  0.08043086
  -0.01233902]
 [ 0.00973929  0.02339784  0.01558493 ... -0.02648662 -0.03862035
  -0.01424918]
 ...
 [ 0.03526756  0.01067351 -0.00629645 ...  0.04057958  0.0162255
   0.00496708]
 [ 0.0619274  -0.0032712   0.03473386 ... -0.00381307 -0.02460233
  -0.03397816]
 [-0.06064929  0.02821824  0.06063245 ... -0.0640211   0.05693126
  -0.07658262]]
[-0.08384921 -0.04348913  0.03390385  0.12608795  0.12127618  0.07847383
  0.03478473 -0.0248072  -0.0288139  -0.00923302  0.01091097  0.06512173
  0.05847705  0.0011064   0.02585576  0.01662042  0.01564218  0.05053321
  0.14241523  0.01058997  0.00170392  0.1306229   0.00513826  0.02361335
  0.00910129 -0.03446235  0.02927905  0.01025111  0.01303799  0.15464299
  0.05088725 -0.13347479 -0.0053101   0.01244899  0.05009927 -0.0179458
  0.09587087  0.04902911  0.08330871  0.11404546  0.03036762  0.17677173
  0.0505696   0.04976009 -0.0465928   0.04755168  0.17092504  0.19273648
  0.02777993 -0.0122526   0.02966335  0.03588453  0.03002002  0.04959511
  0.0563599   0.1246663   0.02954295  0.05376413  0.05412022  0.00691244
  0.05632979  0.0115715   0.1763429  -0.02570176  0.03721006  0.07756293
  0.1602976   0.07566557  0.01267012  0.00510428  0.07049603 -0.00268528
  0.03309503  0.03585815 -0.11107099 -0.09328934  0.04541573  0.04337624
  0.13073106 -0.09508416 -0.01666422 -0.00725371  0.03163175  0.0795605
  0.05455342 -0.02804807  0.0774471  -0.00266248  0.03323558  0.1138155
  0.00865381 -0.04521101  0.0248471   0.00342615  0.11833291  0.03481681
  0.03128082 -0.00889347  0.02910752  0.12068306  0.10533907  0.14761009
  0.01634576  0.08265626  0.07640589 -0.00856913 -0.00241501 -0.04107171
 -0.02259512 -0.00126618  0.10511758  0.02186209  0.03590156  0.13011299
  0.10092085  0.05872576  0.03192916  0.03599035  0.03201882  0.0709208
  0.13275484  0.06151013 -0.07920198  0.21392982 -0.06465501 -0.01893717
 -0.06374785 -0.01957132]
[[ 0.04325008 -0.02003097  0.13988189 ...  0.05657505  0.14512985
  -0.14595261]
 [ 0.17141319 -0.00671839 -0.04303792 ... -0.0599891  -0.13009168
   0.15086629]
 [-0.01922189  0.08908891  0.08476804 ...  0.01823719  0.13270578
  -0.00761321]
 ...
 [-0.09382102  0.04537762 -0.009855   ...  0.0979574   0.01909882
   0.05778358]
 [-0.03146602  0.03682785 -0.02126639 ...  0.00432367  0.01584549
   0.05223709]
 [-0.00702253  0.04833022 -0.12035021 ...  0.1278567  -0.03914113
   0.08774303]]
[ 0.02280196  0.04538133  0.01310155  0.04858171  0.02088731 -0.00485734
  0.05565304 -0.0239094   0.08297226  0.11744542  0.07083468  0.04195568
  0.05322619 -0.00624917 -0.00696359 -0.04196943  0.06563364  0.00314626
  0.00205637  0.06374951  0.09746819  0.03434573  0.04042248  0.05450546
  0.1148289   0.0762393   0.00178054  0.05867273  0.08888889 -0.00111844
  0.05907643  0.06226821  0.06136835  0.03395493 -0.00821272  0.09020548
 -0.00559657 -0.01999416  0.0466573   0.01110561 -0.03689525 -0.04769093
 -0.00999614 -0.01568615  0.04739903  0.0067649  -0.03965867  0.01742859
 -0.00282748 -0.0048345   0.06995317 -0.03088725  0.03752552  0.00998771
  0.00271221  0.0539932   0.01081242  0.04176495  0.04913851  0.00595601
  0.03833569 -0.02181397  0.05561746 -0.00469435 -0.01336971 -0.00286449
  0.00047058  0.03390073  0.08410269  0.00342646 -0.00092182  0.08480998
  0.09879763  0.00175772  0.00724179  0.00476126 -0.00033794  0.07029888
 -0.01628338  0.12345541 -0.02229247  0.05863265 -0.00038241  0.07825982
 -0.02665601  0.02205023  0.01234797 -0.02127612 -0.00612867  0.00654756
  0.08155845  0.03362693  0.04177906 -0.04064487 -0.01292734  0.01747906
  0.10168568  0.01778723 -0.0061968   0.05250197  0.04349605 -0.11560348
  0.06977117  0.01689454 -0.04902326  0.03087699  0.03674021 -0.0067054
 -0.01097041  0.02300297  0.04132121 -0.02025454  0.01299121  0.08090508
  0.02216679  0.01304763 -0.02492376  0.04059858 -0.0016643   0.01131917
  0.083594    0.09171702  0.08219779  0.04447814  0.00063979  0.03227899
  0.00192264 -0.00788798]
[[ 0.144131   -0.14807421  0.17428666 ...  0.09025678  0.133915
  -0.14549472]
 [ 0.06150025 -0.08598367  0.02702314 ... -0.06850812 -0.09780816
  -0.05654419]
 [-0.25027106 -0.08769041  0.07434691 ...  0.01929575  0.11967061
   0.16820057]
 ...
 [-0.02232286  0.03188343 -0.06766546 ... -0.16341343 -0.12422478
   0.10994085]
 [-0.06369179  0.10193237  0.03789976 ... -0.15893892 -0.10896123
  -0.03247744]
 [-0.13054041  0.08965023  0.01299008 ... -0.05862468 -0.18818409
  -0.17179304]]
[-0.00063296  0.04415643  0.10167241  0.00072188  0.03075718  0.03621625
  0.14278286  0.02305215  0.04076513  0.02524968 -0.02445326  0.00907223
  0.02493032  0.00221114  0.00932857  0.00423311  0.07032278  0.05731857
 -0.0091119   0.01047095  0.06774913  0.01434434 -0.00616434  0.00846637
  0.03057923  0.0223263  -0.00162782  0.06358356  0.06174243 -0.00874709
  0.07553495 -0.0058418   0.00432501 -0.00793835  0.01459903 -0.02249692
  0.10893784 -0.00312251 -0.06040747  0.06856557 -0.00101177  0.05220722
  0.01409301  0.01081583 -0.02404505 -0.05958688  0.03972601  0.01855248
  0.02105008 -0.01166471 -0.01111917  0.01540779  0.01930897 -0.03595428
  0.03174068  0.01877695  0.0737024   0.0235737  -0.02162887  0.00962418
  0.01158748  0.00771318  0.10266098  0.04493622  0.07674607  0.01696561
  0.03799042 -0.00927141 -0.00917049 -0.06879014  0.05598213  0.00198225
  0.05440515  0.04286585  0.03892499  0.05018553  0.04614723 -0.02255829
  0.02716187 -0.00020256  0.09461179  0.06228585  0.1006244   0.00144412
 -0.00045109  0.07755994  0.0002593   0.00038266 -0.00882656  0.0253776
  0.0011629   0.0026642   0.02737528  0.04900743  0.06326345 -0.00372076
 -0.0331854  -0.0199728  -0.00967229 -0.0131016   0.11547788  0.02657263
  0.04377661  0.09126736 -0.05112844  0.02494863 -0.01533918  0.01295039
 -0.01155097 -0.03408622  0.04282466  0.00511182 -0.00085578  0.01950434
  0.05716197  0.05473183  0.01035216  0.00511144 -0.01680287 -0.01375923
  0.01910952  0.05381895  0.00241049 -0.00018705  0.08630801  0.0128921
  0.01656729  0.05738874]
[[ 0.20017005  0.04161743 -0.19531893 ... -0.0755096   0.0538919
  -0.01064853]
 [ 0.13048759 -0.13332284  0.02763016 ...  0.10815948  0.06694116
   0.07455975]
 [ 0.25181336 -0.08828022 -0.15121322 ... -0.13348614 -0.10152114
   0.16262552]
 ...
 [ 0.00693853 -0.14789656  0.00755598 ...  0.10776128  0.04230478
  -0.11063525]
 [-0.13638528 -0.04492553  0.02604181 ... -0.09144297 -0.00140144
   0.21923831]
 [ 0.07127459  0.15344803 -0.06964214 ...  0.04454624  0.05320962
  -0.02681608]]
[-7.73964435e-02 -7.58855540e-02  9.17549662e-02  5.03759444e-02
 -4.81068257e-03  5.07979123e-02  3.51133050e-02  1.48599324e-02
  3.16011051e-02 -2.29657422e-02 -1.13791679e-02 -1.84982385e-03
 -1.68802836e-02  3.19448942e-02  9.52765264e-03  6.98371710e-02
 -6.59839209e-02 -2.32968561e-03  3.38020746e-03  1.04658767e-01
 -6.87751648e-02 -2.12053363e-02  4.87309661e-02  3.43000224e-02
 -1.29704701e-04  2.32728101e-05  1.06039505e-01  5.90089458e-02
  2.78479671e-02  5.65709468e-03  2.23526388e-02 -2.33677852e-02
  6.72300206e-02 -5.82263424e-04  1.20672572e-02  6.52199901e-02
  1.10029209e-02  7.26347615e-02 -4.13195904e-02 -3.35067525e-02
 -2.52481221e-02 -9.46743923e-04  1.37798721e-01 -4.93105067e-03
  1.51254512e-02  3.19949132e-02  1.65307042e-02  3.40517325e-02
 -5.46602173e-03 -5.89688355e-02 -2.80156377e-02  5.59285679e-03
  3.68231456e-03  1.16647902e-01  1.47467245e-01  4.97785553e-02
 -5.00496747e-02  1.84323724e-02  7.53043595e-02 -3.83095075e-02
  5.19623048e-03  5.25588900e-02 -5.66461202e-03 -1.80205982e-02
  7.93978736e-03  2.33569652e-02  7.06182608e-02 -7.54587681e-02
  6.14102428e-02 -3.53745834e-02 -5.15152764e-02 -9.73805805e-05
 -3.54812656e-02 -3.42231956e-03 -8.94350824e-04 -8.09917328e-03
  7.01411599e-02  2.05448120e-02  2.76862610e-02  4.53428147e-02
 -2.16933272e-03 -7.22500321e-02  9.03657643e-04 -2.68322481e-02
  3.87972419e-02 -2.31368119e-02 -1.89379939e-03 -1.18666041e-01
  3.31440384e-02  8.14494568e-03 -2.32279186e-02  5.27800187e-02
 -1.26895851e-02  6.36801995e-02 -3.22290657e-02  6.29459418e-02
  1.60413429e-02  6.02562402e-02 -5.14028909e-02  2.54367288e-02
  2.11560155e-02  3.94528576e-02 -1.64968415e-02  6.02385020e-02
 -3.93539138e-02  6.00455309e-03  1.03776806e-01 -4.65721530e-03
  3.73142438e-02  3.50843196e-02  3.22970377e-02 -2.05627390e-03
 -4.74209691e-02 -5.13268959e-02 -4.42630192e-03 -1.83853364e-02
  6.15811751e-02  7.64919550e-02 -4.24664586e-02 -2.98720619e-05
 -3.10128407e-02  2.56529231e-02  4.99126053e-02  3.05262627e-02
  1.25461202e-01 -3.32681687e-03  1.07909279e-02  3.20224148e-02]
[[ 0.38396776 -0.12523561  0.02876393 ... -0.03720754  0.00483899
   0.00601046]
 [-0.20656342 -0.03503934  0.14290617 ...  0.04455243  0.20535986
   0.07519592]
 [-0.00184301 -0.22942157 -0.05279588 ...  0.16206929 -0.13988899
  -0.30673494]
 ...
 [ 0.05124865  0.18261311 -0.20526257 ...  0.04094327  0.08533027
  -0.04790544]
 [ 0.23927051 -0.0459868  -0.08230728 ... -0.06527888  0.28181818
   0.12038571]
 [-0.16044773 -0.30041345 -0.27986102 ...  0.13835515 -0.30030423
  -0.2557005 ]]
[-0.00873979 -0.03540293  0.00453776 -0.0587604  -0.01823548 -0.01216035
 -0.01985287 -0.00392249 -0.05030601  0.00078027 -0.05405786 -0.00963197
  0.10673767 -0.01002649 -0.11004389  0.10896982  0.05392328  0.02105036
 -0.00818847  0.07763186  0.02870373  0.15937669  0.02879075 -0.01446203
 -0.09276991  0.08904467  0.05088322 -0.01583859  0.03411948  0.12691747
 -0.02996644 -0.02531366 -0.00173517 -0.08453505  0.11549704 -0.01294321
 -0.10119584  0.01242967  0.00832667  0.00325445 -0.04542129 -0.05040362
  0.0717036  -0.02780545 -0.05282763 -0.15495209  0.00682051]
