[[-0.02798317 -0.01564    -0.0764601  ... -0.01286166 -0.02279473
  -0.07903608]
 [ 0.03687875 -0.05039143  0.02450216 ... -0.02430572  0.02566662
  -0.02542612]
 [-0.07663852 -0.01517759 -0.02326023 ...  0.00331232  0.01163372
  -0.0443095 ]
 ...
 [-0.0527512  -0.01614233 -0.05690405 ...  0.02546394  0.00287719
  -0.0772607 ]
 [ 0.04276581  0.00539906 -0.06280466 ... -0.06662545  0.04244706
  -0.05343595]
 [-0.01907614  0.02776    -0.06155529 ...  0.04839579  0.05417043
  -0.01745519]]
[ 0.09468397  0.00471014  0.06479134  0.14662063 -0.04590963 -0.00805708
  0.10331067 -0.03314411  0.02171401  0.11590441 -0.08910559  0.14278919
  0.03082662  0.11405218  0.03026782  0.00996239  0.14116327 -0.14668128
  0.04574274  0.13267     0.05134313  0.09304193  0.17044912  0.08771084
  0.06437241  0.07566951 -0.02132726  0.11844847 -0.04775901  0.05957683
  0.0441831  -0.01597643 -0.0798791   0.0048813   0.05357024  0.0532113
  0.04641835  0.07360964  0.00202281 -0.03516685 -0.11003587 -0.01813951
  0.13593487  0.11205238 -0.03397366 -0.03586475  0.12129943 -0.05784907
  0.06046399  0.01262617  0.07450183 -0.04002829 -0.09696828  0.13001607
  0.13354823 -0.03663795 -0.14699787  0.06728988  0.00806014  0.10373191
  0.0938203   0.06446966  0.01935451 -0.02802042  0.06224828  0.08719559
  0.01909387  0.04988508  0.06241186  0.20964558  0.04777101  0.06226555
  0.07106849 -0.06283328 -0.10865741 -0.07471932 -0.00291883  0.00171012
  0.05559466 -0.04548657  0.03804817  0.0300984   0.0725584   0.10546616
 -0.02304701  0.05930728  0.15737024  0.08957446 -0.09155415  0.22699976
  0.06481187  0.15469962  0.07228059 -0.01583904  0.06086401  0.03816578
  0.0514721   0.06995516  0.00320739 -0.01007649 -0.02353748 -0.03113022
  0.16308391 -0.06133037  0.0600519  -0.11357157  0.06428145  0.1258831
  0.09669443 -0.07536384  0.16612908 -0.11272823  0.04202798  0.01002272
  0.18408868  0.04380495  0.07062143  0.09198946  0.08305305  0.05029482
  0.00678203  0.14196256 -0.03410296  0.1011721  -0.09105789  0.06056601
 -0.05030656 -0.04201004]
[[ 1.02258189e-02 -1.00787914e-01 -1.43494580e-01 ... -7.40136602e-02
   2.45192996e-02 -6.28059126e-02]
 [ 4.47430378e-02 -2.22109259e-01 -4.38979786e-02 ... -8.27398328e-02
   8.11075323e-02 -1.68643678e-01]
 [-1.40540357e-01 -1.08213243e-02  8.40770623e-04 ...  8.94331386e-02
   4.62927867e-02 -9.20067990e-02]
 ...
 [-6.54445005e-02  1.53709894e-01 -1.05216002e-01 ...  1.53081553e-01
  -1.27169615e-02 -2.60774076e-01]
 [-1.58944084e-01  9.99224758e-03  8.35319401e-02 ...  1.01376339e-01
   1.65139194e-01 -2.93508032e-02]
 [-1.34063627e-01 -2.78927193e-02  9.41007920e-02 ... -1.89328806e-01
  -1.81748899e-01  1.05721448e-04]]
[ 0.05703435 -0.03905956 -0.05037278  0.0470269   0.04167374  0.02634301
  0.00517061  0.0506865   0.065613   -0.00996985 -0.0090625  -0.01728901
 -0.00078394 -0.04228272  0.05830834  0.02627239  0.02934472  0.02669629
 -0.04356753  0.03186643 -0.00629243 -0.0073463   0.1419067   0.04800205
 -0.00478997 -0.00203782 -0.04174939  0.0592825   0.08462502  0.00514778
  0.07513657 -0.03520918  0.00704933  0.02280759  0.09485182  0.00424297
  0.04726267 -0.0231524  -0.00463978  0.01671955  0.01579381  0.04762912
  0.00991951  0.06079966  0.03704564  0.01014536  0.0300214  -0.00150508
  0.00044244  0.03120327  0.0734764  -0.00435535  0.01664544 -0.02095187
  0.00307977  0.05410734 -0.03412814  0.00998164 -0.01967023 -0.00069043
  0.08479858  0.08147856 -0.006501    0.18486201  0.04687036  0.04319167
 -0.04908463  0.0073109  -0.00713982  0.01045337 -0.06163272  0.04162977
  0.01605824  0.04595335  0.00072844  0.05214416 -0.0093544   0.06638689
  0.02172983  0.14794873  0.02513502  0.00627879 -0.01804629 -0.00424979
 -0.07103246 -0.01658894  0.01596568  0.01734965  0.02252199 -0.00343126
  0.0089794   0.09167813 -0.05946429  0.03977801  0.06617534  0.04726163
  0.03643992  0.0173027   0.04767613 -0.03491572  0.0868537   0.07818715
 -0.00549568 -0.00635678  0.06258852  0.05495249  0.01042493  0.12677998
  0.06590317  0.09906294  0.00746892  0.02197009  0.09534966  0.018782
 -0.03080338  0.04345763 -0.00409308  0.010949   -0.01290223 -0.01016134
  0.0950089   0.13023681 -0.00841889  0.08427459  0.00567288  0.01541971
 -0.00917023  0.00697261]
[[ 0.15930741 -0.00710102 -0.14887459 ... -0.12753461 -0.18883916
   0.14738132]
 [-0.09634603 -0.10190585 -0.09532815 ... -0.12622709 -0.12204391
  -0.01651398]
 [-0.05650864 -0.03488623 -0.07721764 ...  0.11145653 -0.09078431
  -0.08830069]
 ...
 [-0.19043491 -0.03659028 -0.01975552 ...  0.08734202  0.16543463
  -0.06575666]
 [-0.07066678 -0.00214753  0.13176472 ...  0.04097681 -0.06885527
   0.01876481]
 [ 0.12614998 -0.14955745 -0.13956365 ...  0.04483069  0.21930164
   0.02771786]]
[ 2.96318188e-02 -2.32103148e-03 -2.04280725e-02 -1.36090431e-02
  2.89586373e-02 -4.31665529e-02 -4.49526360e-02 -1.58361803e-02
  3.77146925e-02  1.38845643e-02  2.76152183e-02 -2.88228590e-02
  4.35973778e-02  2.28249004e-03  4.38098614e-02 -2.85986364e-02
 -2.53973483e-02  2.60123922e-02  4.79648858e-02 -3.14982745e-02
  3.29916591e-02  4.21676320e-02  6.43977443e-02  3.67057485e-02
  2.20910037e-02  2.39719364e-02  1.79513199e-02 -1.65073358e-03
  4.99474130e-02  1.08542835e-01 -2.25251977e-03  3.49344803e-02
 -9.13375176e-03  3.49562226e-02 -3.36143192e-02 -8.20154647e-04
  1.16615764e-02  4.15883496e-03  2.60465200e-03 -1.00339068e-02
  5.04536153e-02  2.22757724e-02  7.59564758e-02 -1.76642468e-02
  5.57333881e-03  5.02111619e-03 -1.11558763e-03 -6.47261614e-03
  2.68312233e-02 -5.59320193e-03  6.68168520e-02 -1.59479737e-02
 -2.93459422e-02  3.00341263e-02 -4.69475902e-02 -1.37562222e-02
  6.76722797e-02  1.00224410e-02  2.66392892e-03  4.13096597e-02
 -2.57931924e-03 -4.43124363e-02  1.13228440e-02  4.47654939e-03
 -1.64529043e-02 -1.64195655e-03  1.22749901e-02 -5.80443640e-03
  1.11286137e-01  1.88969493e-04 -9.80086127e-02 -2.58320234e-02
  6.38892402e-02  2.51135937e-02  5.31204919e-02  1.80933278e-02
  6.84035008e-02 -2.54273699e-04  2.04045273e-03  2.21256544e-03
  2.07723570e-02  2.41896614e-02  5.18274781e-02  7.00363614e-02
  1.80823800e-02  7.01873131e-02  1.40734759e-02  8.44595269e-05
 -1.36942697e-02  7.23066697e-02 -2.63542066e-03  9.12432803e-02
  7.04796398e-02  5.66170046e-02  3.63067567e-02  1.52690840e-02
  2.86500732e-02 -2.57379549e-02  7.48243139e-02  6.72491041e-02
  7.36873634e-03  1.87658530e-03  7.41212140e-02  5.41645576e-02
  2.29302555e-02  6.20836423e-03 -2.35752465e-02  5.31718976e-02
 -6.65251230e-03 -4.76803162e-02  3.94280276e-02  1.74974579e-02
  1.24529592e-02  5.58581455e-02  8.94990257e-02  2.25649719e-02
  2.50633358e-03  2.48610812e-03 -4.42369923e-02  2.76078302e-02
 -9.34927143e-03  1.09745792e-02  6.63993251e-05  6.28577671e-02
 -3.92634631e-02  4.80251757e-03 -1.84942638e-02  6.73891493e-02]
[[-0.14328801 -0.01540074  0.05395071 ...  0.00718996 -0.04907469
   0.01445451]
 [-0.044532    0.14783589 -0.07755098 ...  0.10684184 -0.00024969
   0.19543963]
 [-0.21436567 -0.06229253 -0.04318131 ... -0.15088294  0.05750368
   0.23289774]
 ...
 [-0.17585624 -0.08353683 -0.13273231 ... -0.06572572 -0.09465595
  -0.08538788]
 [ 0.06474991  0.01989276  0.07048067 ...  0.00127505  0.05833665
   0.06213023]
 [-0.11465513  0.05177619  0.14049948 ...  0.09678686  0.0032135
  -0.13034551]]
[-1.42774617e-03  4.48767802e-02  4.10274230e-02  2.98790982e-02
  1.77781157e-02  4.27380546e-02  8.06650141e-04  2.09242713e-02
  1.72216338e-02 -3.25289770e-04 -1.62954718e-02  1.07622595e-02
  1.22003727e-01 -2.72714718e-02 -9.33051964e-04  2.67818324e-03
  3.28781070e-02 -4.69075914e-03  6.43188517e-03 -1.47335767e-02
  1.16675248e-01  1.79896651e-02 -9.01362774e-03  1.10081086e-05
 -5.34321784e-02 -2.80378959e-04  1.81280084e-03  1.56068759e-02
  4.70291763e-02 -9.42778633e-04  2.63593846e-02 -9.44878938e-03
  8.44999652e-02  6.95209012e-02 -2.09592765e-03  8.67444235e-03
 -1.10418592e-02  3.54883262e-02  7.48324281e-03  1.92970621e-02
 -2.45402956e-03  2.36823345e-02 -8.89680520e-03 -3.61854602e-04
  3.88432419e-02  5.40110303e-02 -4.85091818e-05  4.58081068e-03
 -1.64739817e-02  7.12251458e-02 -1.23220911e-02  2.03892551e-02
  3.48362560e-02 -1.87520788e-03 -1.45633122e-02  4.09958621e-03
  1.72281814e-03  3.13910006e-04 -8.32508546e-03 -4.19801112e-03
 -2.56563510e-02 -2.32530094e-03  9.36490610e-03 -8.39793694e-03
  1.10750168e-02  2.51991450e-02 -1.41366691e-02  7.84223524e-02
  3.07441467e-02 -1.17399298e-02 -2.74344754e-02  2.71310568e-03
  2.54201826e-03  5.98702554e-02 -1.12762254e-02  4.77902414e-02
  4.11640476e-02  2.09890571e-02 -8.31126603e-03  1.70255711e-02
  7.23067166e-02  3.38669906e-02  8.06768760e-02  4.91563286e-02
  1.08780183e-01  3.19322701e-02  2.39478243e-02 -1.58780154e-02
 -3.08680700e-02  1.06919360e-03  1.61741330e-02  9.88630328e-02
  2.01913748e-02  5.89164296e-02  6.23795876e-02 -1.30876988e-02
 -4.33787247e-02 -6.67582065e-06 -2.51748143e-02 -5.18962237e-03
  2.75040603e-03  7.61919739e-02  1.05325191e-01 -1.97245189e-02
  1.11716874e-02  1.04997173e-03  6.78620807e-02  2.27001638e-02
 -6.20374532e-02  2.22763261e-02  8.11013209e-03 -8.84534167e-02
 -1.69435110e-02  2.37484098e-02 -6.07851604e-03  2.35410290e-02
 -1.94514539e-03 -1.57042740e-02 -8.38515938e-02  4.01479227e-02
  2.30002260e-02  5.37622363e-02 -6.99974021e-03  4.24783031e-02
  1.61378373e-02 -1.32075535e-02  2.25457580e-02 -1.02404603e-02]
[[-0.06201736 -0.19656859  0.05496997 ...  0.01443507  0.11655515
  -0.13750601]
 [-0.12191525 -0.06213574 -0.08320962 ... -0.11628556 -0.04292626
   0.06681223]
 [ 0.16188662  0.13204801  0.01565824 ...  0.09690381 -0.00728909
  -0.11761307]
 ...
 [ 0.04437717 -0.11169677  0.169918   ... -0.00925133  0.08392065
   0.1524279 ]
 [-0.12900641  0.22203588 -0.02328012 ...  0.09727242 -0.09088825
  -0.15638014]
 [-0.1821112  -0.11590258 -0.21449897 ... -0.07621059  0.15511496
   0.0989315 ]]
[-2.49807911e-02 -1.38955887e-02 -5.36146573e-03 -3.08116965e-02
 -3.12920833e-02 -5.28071797e-03 -6.97290238e-02  2.74439216e-02
 -1.13598497e-01  1.61398891e-03  2.19865773e-03  4.44059339e-02
  9.85392186e-02  2.46364534e-02 -1.11596348e-01  1.13217579e-01
  8.00166553e-02 -8.08455684e-03 -6.47314510e-02  1.31721849e-01
 -4.06505128e-02  1.73867228e-01 -3.42057629e-03 -6.68553141e-02
 -7.49363973e-02  7.01552322e-02  1.10415783e-01 -1.50436414e-03
  3.75228881e-02  9.72822074e-02  1.88238137e-02 -4.46475006e-02
  6.43419071e-02 -1.17260409e-02  1.20600387e-01 -5.66746367e-02
 -1.24946383e-01 -1.29797228e-02  2.93933318e-02 -8.85129063e-03
 -5.75546826e-02 -3.29787802e-02  7.81287015e-02 -3.19409016e-02
 -1.25678466e-01 -1.49585682e-01 -3.22654733e-05]
