[[ 0.01782666 -0.07556345 -0.00265722 ... -0.05840019 -0.04469971
  -0.00981205]
 [ 0.03972258 -0.06828052  0.05070845 ... -0.04135557  0.02740343
   0.03280669]
 [-0.02490394 -0.04576862 -0.01922147 ...  0.02401119  0.0786117
  -0.00477086]
 ...
 [-0.00524819  0.07340245 -0.04280262 ...  0.01909809 -0.04184154
  -0.08044958]
 [-0.02894226 -0.03910421 -0.05472815 ...  0.05742768  0.06828768
  -0.01182555]
 [ 0.07947558 -0.01376764  0.01044713 ... -0.02043241 -0.07167384
   0.07519645]]
[ 3.39634220e-03 -1.29334173e-02  7.98202027e-02  9.28079881e-02
  8.69492780e-02  8.80732786e-02  2.64279493e-02  9.90380120e-02
  7.26308431e-03  1.53034667e-01 -5.32205931e-02  5.86466976e-02
  1.48617807e-01  4.01445263e-02  6.46786623e-02 -8.69365329e-02
 -1.21848806e-02 -2.66882323e-03  1.15376341e-02 -9.14130446e-03
 -5.35972100e-02 -7.86356585e-02  3.84176233e-02 -4.33965138e-02
  1.39091156e-01 -6.53143199e-02 -2.37287701e-02 -5.28693333e-02
  3.45093052e-02  6.89179773e-03  1.22615684e-01  1.42775293e-01
 -3.31178332e-02 -1.51362416e-02  2.79362467e-02  3.41484502e-02
  1.65059807e-01  2.68470312e-02 -7.03816533e-02  1.01650231e-01
  5.99600305e-02  4.73449206e-02 -1.54152657e-02  6.97271632e-02
  2.98648884e-03 -6.99991806e-02  8.28490452e-03  9.54329100e-02
  8.41981025e-02  1.19558775e-01  1.71980116e-02  4.57183850e-02
  1.75694266e-01 -6.03506109e-02 -2.94530151e-02 -3.03980727e-03
 -1.10473815e-01  7.16724998e-02  7.10023925e-03  3.26719057e-03
 -2.28584884e-02 -5.43956458e-03 -2.30571765e-02  1.04697366e-01
  3.13818348e-02 -1.26548603e-02  1.16451659e-01  8.17934421e-02
  7.78559370e-02  4.71704691e-02 -1.24075421e-01 -5.62448745e-02
  7.56283247e-02  1.27726209e-01 -5.41679305e-03  1.26085442e-01
  7.70063330e-02  1.96109949e-02 -4.45102166e-03 -1.37217799e-02
  4.44931736e-03  5.00872131e-02  6.27775877e-03  1.27971801e-01
 -9.73640998e-02  8.79432904e-03  6.38058073e-02 -8.16765962e-02
  1.42969376e-02 -2.43298081e-02 -4.40356469e-02  2.74551752e-02
  8.29139745e-03 -1.42961367e-02  1.15945548e-01  5.77153556e-02
 -1.26689062e-02  4.82966437e-02  9.99688284e-02 -4.79611398e-02
 -6.61236459e-02 -3.87075042e-02 -1.10074857e-04  1.17720239e-01
  4.52319668e-02  3.35768670e-02  1.16103732e-01  1.19452218e-01
  5.60984855e-02 -8.57103521e-04 -1.02218174e-01  2.80551159e-01
  1.04782494e-01  1.04158809e-01  5.93412379e-02  6.32390267e-02
  1.86981854e-02 -5.55326399e-02  3.33197754e-02  1.43028802e-01
  7.00137449e-02 -2.39840936e-03  3.89570375e-02  1.53424160e-01
  1.00590329e-02  5.86032056e-02  8.24023173e-02  3.06213495e-02]
[[-0.09477043  0.01682533 -0.13113698 ... -0.19923197 -0.22272798
   0.14449775]
 [ 0.21289156  0.00381502  0.04342475 ... -0.01102916 -0.05267235
   0.10619726]
 [-0.0807676   0.0650869   0.10187972 ... -0.02892424  0.01899679
   0.1659622 ]
 ...
 [-0.1430206  -0.08919038 -0.03210926 ... -0.12575463  0.00881248
  -0.21542722]
 [ 0.13133256  0.04847784  0.06529966 ...  0.19131743 -0.04550946
   0.0302611 ]
 [-0.13640976 -0.00594638 -0.10651842 ...  0.05839984  0.11270248
   0.064339  ]]
[-3.69884591e-02 -6.48009787e-04  5.06354340e-03  1.97444717e-02
  2.81715122e-03  1.41804369e-02 -1.87995165e-02  1.04855012e-02
  1.30447609e-03 -1.02174425e-03  8.24376855e-03  2.07113648e-02
  8.76750935e-02 -5.18060269e-03  6.85140096e-02  7.17388701e-02
  3.02763824e-02 -9.62913275e-03 -3.02934917e-02  8.48639606e-02
  1.97248957e-02  4.04761024e-02  4.14857974e-03  4.04470120e-03
  7.11627823e-02  3.01820462e-02  6.33802802e-02  4.52754377e-02
 -5.53777759e-03  1.19876566e-01  7.22217791e-02 -1.15786351e-02
 -1.62471172e-02  2.06346805e-02  2.54821997e-02 -2.61973499e-02
  3.46739866e-02 -1.93552215e-03 -1.32874729e-02  2.31967248e-02
 -1.50987993e-02  1.17773265e-02  7.96463863e-02  9.24940248e-03
 -6.06277642e-02  4.78107922e-02  3.25026256e-02 -8.98955266e-02
  5.44955165e-02  6.54423917e-02  9.16936622e-02  5.35114852e-04
 -5.19364325e-03 -1.20077307e-05 -9.75811410e-04  1.49690691e-02
 -1.00533865e-01  3.93319551e-02  6.73828471e-02  5.68582369e-02
  7.74205790e-02 -3.66833877e-02 -7.86831992e-02  2.76413035e-02
  3.81794828e-02  1.41172609e-03  1.10567309e-02  3.56758163e-04
 -2.22687424e-02 -2.31640661e-02  2.89732001e-02  1.16860730e-03
  1.28961290e-01  4.62226888e-04 -3.89520222e-04  9.49423547e-02
  6.09099623e-02  5.87357349e-03  1.00030242e-03  3.16935239e-02
 -2.94172156e-02 -3.24342172e-02  3.19878318e-03  2.48032866e-02
 -5.14554639e-03 -2.17543123e-02  8.15692107e-02 -3.33119670e-02
  9.54254807e-02  6.88114318e-03  3.15356052e-02  1.25296659e-02
  8.38965866e-02 -5.66002332e-02  7.45850012e-02 -6.47716478e-03
  2.89504562e-02  7.07434548e-02  2.06695792e-03  4.03426210e-02
  1.32095432e-02  1.00013289e-01  6.04662272e-02 -3.62520574e-02
 -3.38167229e-04  7.69670219e-02  4.60314473e-02  9.14947237e-02
  7.73048606e-02  6.49785279e-02  2.19857043e-03  9.83428558e-02
 -6.09645096e-02 -1.61007126e-03  4.43935878e-02  1.06038083e-02
  5.56922248e-02  1.03103123e-02  6.93738139e-02  2.43685134e-02
 -3.78502599e-04  7.71564176e-02 -8.54119216e-04  3.95375418e-02
  7.83620782e-02  7.70309138e-02  3.98476421e-02  2.35323115e-04]
[[-0.13000565  0.07193542  0.09272686 ... -0.08212852  0.11379916
  -0.05695941]
 [ 0.06673385 -0.06184153  0.12226411 ...  0.08527502  0.1261116
  -0.14952046]
 [ 0.1422085  -0.0179316  -0.01777635 ... -0.21328589 -0.05319474
   0.0882443 ]
 ...
 [ 0.06231599 -0.09540462  0.08097243 ...  0.13853788 -0.22546012
   0.03089909]
 [ 0.13090672  0.05669063 -0.07723288 ... -0.04743313  0.16889315
  -0.01710166]
 [-0.07620337  0.1144081  -0.07303484 ...  0.16319164  0.16031234
   0.03759389]]
[ 2.64376708e-02  3.04306970e-02  3.35234745e-02  3.78612885e-02
 -3.01237359e-02  6.56146524e-02  2.70992691e-02 -1.98406212e-02
  1.06776348e-04  3.28162120e-02  4.32504342e-02  3.98859004e-02
  1.18749198e-02  3.15167838e-02 -1.11807202e-02  1.68049207e-02
  1.05151243e-02 -5.92784986e-03 -1.58813556e-03 -2.63829088e-03
  3.24373252e-02  4.66018074e-02  5.47299634e-02 -1.87747583e-02
  1.04722910e-02 -2.16280506e-03 -3.31339540e-02  2.25990586e-02
 -1.68987237e-02  1.43737133e-02  2.13293676e-02  6.11190664e-02
  1.13716887e-02  2.00696898e-02 -3.50159039e-02  5.15309519e-02
  5.79430987e-02  6.63179007e-04  4.85079550e-02  1.58693426e-02
  3.31330077e-02  2.38242739e-06  5.04725360e-03  2.99822405e-03
  1.83294197e-02 -5.26080229e-02 -8.69396625e-03 -4.59097146e-02
  1.14127381e-02 -2.46824577e-02  2.91801466e-02  2.97388515e-02
  6.71765507e-02  2.11031350e-02  4.30252864e-02 -7.25788980e-02
  2.80765898e-02  6.11636113e-02  1.11784847e-01 -5.23558371e-03
  6.37500225e-02  4.97049848e-03  2.58577206e-02  1.19098903e-02
  2.61372158e-02 -3.92255814e-02 -5.16706711e-03  4.58298059e-03
  1.44200105e-02  2.15518626e-02  6.86414935e-02  5.48324949e-02
 -1.17769324e-04  2.72280571e-02  8.73102796e-02  3.57013588e-02
 -1.36740851e-02 -1.52737059e-02 -1.54817267e-02 -3.13313378e-02
  7.87311749e-02  2.05587876e-02  6.51611483e-03  6.72627504e-03
  5.40419774e-02  5.58071182e-02  3.75195179e-03  1.01855021e-01
  1.78338479e-02  7.45625177e-02 -2.53827632e-02  6.60211638e-02
  6.03607630e-02 -3.46060292e-03  1.23579047e-02  8.35155347e-02
 -2.42321681e-02  8.03950635e-03 -4.92540556e-02  6.09703938e-03
  4.45400126e-02 -2.79445133e-02 -1.81600234e-03 -3.75992584e-02
  6.03256321e-02  2.01885988e-03 -1.33276798e-02 -8.75781561e-03
  2.25306649e-02  8.60792613e-02  3.66866827e-02 -7.58815811e-03
  4.37806402e-02 -5.14850381e-02  2.80165127e-02 -5.36071356e-03
 -8.14647495e-02 -3.19733476e-03  2.85940864e-02 -8.34110963e-03
  3.76884221e-02 -5.96704500e-02  4.46665699e-02  2.93715827e-02
 -6.61990398e-03 -5.37898576e-03  3.29671417e-02  5.38141645e-03]
[[ 3.36482648e-02 -1.09670059e-02 -3.51418122e-02 ... -5.41421747e-02
   1.72260343e-01  1.86314660e-01]
 [ 8.44736296e-02 -1.47276477e-01 -3.35536068e-02 ... -1.27995513e-01
  -9.93684592e-02  5.25289065e-02]
 [-2.02129325e-01  2.35996271e-02  2.44262690e-06 ... -7.36006934e-02
   1.36973837e-01  1.97939620e-02]
 ...
 [-9.45250283e-02 -4.85829155e-02 -8.07970630e-03 ... -4.58936530e-02
  -1.72843298e-01 -1.01351950e-01]
 [ 1.49649913e-01  1.19284353e-01 -1.41457090e-01 ...  2.18676997e-02
  -1.65077244e-01  1.59913534e-01]
 [-1.20141474e-01  5.19019360e-02  2.45353867e-01 ...  1.29209367e-01
   1.68217308e-01 -2.09321286e-02]]
[ 2.23564599e-02  1.99876613e-03  1.00731676e-02 -6.80787065e-03
  5.91118723e-02 -7.07645888e-03 -2.26273744e-02 -5.95598631e-03
  3.66944662e-02  6.14778499e-02  7.77006722e-02  3.03569081e-02
  2.83235420e-03 -1.66650541e-03 -5.48872646e-03  2.67775514e-02
  5.97462661e-02 -7.90277831e-03  7.41937013e-02  1.70964025e-02
  1.92067947e-02  4.58579429e-02  1.41995235e-02 -3.38533274e-03
 -4.65504736e-02  3.89619303e-04 -2.17941875e-03 -6.81831254e-02
 -6.41599355e-04 -2.01189628e-03 -9.96251674e-04 -5.39765521e-02
  3.30345237e-02 -1.23488152e-03 -8.55777475e-03 -1.86584955e-02
 -8.78147634e-03  7.34280959e-03 -3.96321631e-02  9.29085320e-02
  3.00013576e-02 -5.96251174e-02 -5.90105485e-02  6.95443520e-02
 -6.26292018e-03 -5.27189035e-03 -2.30590859e-02  2.91528412e-02
  8.12366177e-02  2.92631381e-02  8.33886706e-02  4.94031053e-02
  3.56862068e-02 -4.73559447e-02 -4.40596650e-02 -5.87093768e-02
  7.40768289e-02 -1.56181638e-02  3.79002939e-02 -4.05663953e-02
  1.97083274e-02  4.68466118e-03  3.64553714e-02 -6.73398843e-03
  8.21972420e-03  4.94865380e-02 -2.23856214e-03  1.91739825e-02
  1.50769099e-02 -7.25875634e-03  1.12622907e-01 -3.33128439e-02
 -3.66518373e-02 -4.23058673e-03  3.28397595e-02  3.00995189e-02
  4.00643227e-04  9.39163490e-04  5.39086083e-03 -4.70918755e-03
  2.57941258e-03  5.68567877e-02  9.60936305e-03 -1.36574176e-02
  5.46485073e-05  1.49587720e-02 -3.01537788e-03  9.14512518e-02
  9.43420238e-02  2.02865391e-03  2.41043357e-02  9.17963752e-03
 -5.99194759e-02 -3.78896779e-02  2.67341968e-02 -1.76440161e-02
  4.02052904e-02 -2.58421809e-02 -2.92634960e-02 -7.37650893e-02
 -3.68125499e-03  1.60301667e-02  6.59680943e-02  4.34427567e-04
 -1.17806785e-01  7.11553076e-02 -8.20017059e-03  8.30422710e-02
  1.09216877e-02  2.20090635e-02  3.41677746e-02 -2.89504197e-02
 -1.87958516e-03 -1.04561536e-02  4.67484334e-02 -2.66608446e-02
  7.89361487e-02 -6.22837762e-02  2.35041039e-02  6.87010726e-02
  8.09551447e-03 -1.84553248e-02  2.11525908e-02 -7.00624679e-02
 -1.64548064e-04 -4.64910230e-02  8.31590902e-03  3.72954021e-02]
[[-0.15683661  0.17226789  0.20704222 ...  0.13562111  0.21916644
  -0.23542294]
 [ 0.04158985  0.12262263 -0.21342444 ... -0.0506512   0.08234072
   0.07321567]
 [-0.01074202  0.08097169  0.26463443 ... -0.10489607 -0.17287966
   0.22786817]
 ...
 [ 0.08689749 -0.1671371   0.20711808 ...  0.27904643 -0.02477052
   0.22915155]
 [-0.10888462 -0.07842654 -0.12333402 ...  0.01587165  0.15060315
   0.04398414]
 [ 0.04835352 -0.08682911 -0.33417108 ...  0.22064403  0.17284654
   0.20056045]]
[ 0.03304642  0.05280028  0.02271818 -0.08721119 -0.04616451 -0.00085741
 -0.03920809  0.04299346 -0.10478372 -0.0456851  -0.01453669 -0.07586582
  0.10312215 -0.00237688 -0.10653212  0.08985067  0.03349763  0.02418611
  0.05428155  0.1252996  -0.00247898  0.23375424 -0.0302033  -0.04658102
 -0.07843956  0.05781575  0.05891156 -0.06691523  0.03407845  0.15038655
 -0.00336458 -0.023033   -0.0528489  -0.01385005  0.1325816  -0.07320625
 -0.06896978  0.0083789   0.0049431  -0.04054211 -0.06360078 -0.09962708
  0.0890719  -0.03497018 -0.06715718 -0.09081917  0.02811057]
