[[-1.68574407e-02 -6.54294118e-05  8.09482562e-02 ...  1.16633265e-02
   5.14191932e-02  6.27721759e-02]
 [ 3.07085587e-02  7.43277018e-02 -1.24212974e-02 ... -4.83923576e-02
  -4.51604751e-02  4.20444978e-02]
 [ 5.31803450e-02 -1.99695395e-02 -2.74281784e-02 ... -7.09780441e-02
  -3.90084123e-02  2.94063894e-02]
 ...
 [-1.15835091e-02  5.55122183e-02 -6.25094306e-02 ...  3.54390408e-02
   1.12820883e-02 -2.19901000e-02]
 [-5.78117676e-02 -2.47481661e-03  1.33395031e-02 ... -5.14169101e-02
   5.22006964e-04  5.18292974e-02]
 [ 3.26052970e-02  5.51355318e-02  1.68008454e-02 ... -2.64999662e-03
  -1.26772356e-02 -3.73715478e-02]]
[-0.0211923   0.02588566  0.14311114  0.13362204 -0.09109219  0.07773511
 -0.04700021  0.05791357  0.02416478  0.11989524  0.00950099  0.12232949
  0.06211114 -0.08836429  0.06307126  0.07425029  0.00213078 -0.0154411
  0.03519001  0.01354775  0.08861294  0.05543257  0.06600804  0.00966482
  0.07684648  0.08039748  0.10700746 -0.00366133 -0.03932788  0.11395256
  0.08821702  0.00829247  0.06014909  0.09502796  0.01445478  0.0834372
 -0.03666475  0.05958455  0.02336541  0.0215719  -0.04670802  0.13795336
 -0.03317798  0.06807311  0.06735961  0.03314761  0.02114993  0.11308187
  0.00378478 -0.00399627  0.02075729  0.12490325  0.01581032 -0.10608792
  0.12749083  0.00657859  0.0935729  -0.0076976  -0.0710579  -0.07130025
  0.07175836 -0.05990652 -0.0161765   0.05587187  0.11874997 -0.02623649
  0.02147267  0.11409088  0.01329925  0.12605268  0.07241524  0.12514478
 -0.0073157   0.05520253  0.11692317 -0.04282205  0.02714987  0.1690204
 -0.05657824  0.0682088  -0.06908224 -0.03851944  0.16755959  0.04540741
  0.10177809  0.06796998 -0.01778843  0.10610952  0.12490315 -0.05307305
  0.14379574  0.01738666 -0.01062662 -0.00928804  0.02346456 -0.11924768
  0.03379509 -0.03503943  0.02852888  0.07914026  0.11657991  0.02813986
  0.00541151  0.01646474  0.0668842  -0.02171436  0.01823957 -0.00340985
  0.0051136  -0.00686945  0.10364037  0.11071498  0.05065054  0.00968226
  0.08259488 -0.04373683  0.097353   -0.0128426  -0.02586456  0.01039203
  0.0562456  -0.09471595 -0.06362695  0.10843266  0.14993273  0.03276162
  0.08340808  0.00782403]
[[ 0.13281965  0.06910168  0.07306413 ...  0.17139012 -0.00856377
  -0.15051613]
 [ 0.13504079  0.05449143 -0.00261184 ... -0.1706802   0.08961789
   0.0853472 ]
 [ 0.13214486 -0.23486647 -0.05435855 ...  0.12292624 -0.0839486
  -0.09071791]
 ...
 [ 0.06167125 -0.10793446 -0.14338035 ...  0.01331535 -0.07040855
  -0.13787279]
 [-0.01155511 -0.11939599 -0.04610957 ...  0.03590714 -0.10353875
  -0.13856123]
 [-0.02037279 -0.00694016 -0.05520163 ... -0.00901437  0.02394199
  -0.00916697]]
[ 0.07938326 -0.0224753   0.05915813  0.06012565  0.05706982  0.09931062
 -0.01215704  0.00635552  0.07308142  0.03447852  0.04723391 -0.01393938
  0.00190048  0.01417561  0.04550765  0.08881599  0.02819315  0.10012693
  0.06093571  0.00361351  0.01115113 -0.06940176  0.10689826  0.06282442
  0.04864576 -0.04277888  0.0040374  -0.0817201   0.01582765  0.01784934
  0.05767602  0.01272154  0.05809479  0.00277829  0.02415624  0.00132386
  0.00710611  0.02561582  0.01070131 -0.05043267 -0.0052676   0.07769635
 -0.04919615  0.02732663  0.02560837  0.03286852  0.0316878   0.04752228
  0.01897525 -0.00175542 -0.01912101  0.03334435 -0.02671634  0.0340217
 -0.07545383  0.07374704 -0.031083   -0.02220125  0.00557174  0.03752879
 -0.04359737  0.07339086  0.06378766 -0.0029763   0.04754627  0.08229632
  0.0548992   0.0688062   0.02188878  0.03379369  0.01276831  0.08143692
 -0.02458022 -0.02552718 -0.00081187 -0.04657886  0.03788792  0.08391885
 -0.03151908  0.06270922 -0.04288621 -0.01140149  0.03364722  0.06814333
  0.09689978 -0.01258031  0.00140311 -0.00454823  0.08387264 -0.01068378
  0.01438757  0.00218306  0.07717322  0.0795628   0.0846841   0.07414907
  0.03583392 -0.04074278 -0.01192746 -0.01392371  0.00438693 -0.02921113
 -0.04676234  0.01565053 -0.11874947 -0.05978051  0.04311718  0.04970695
  0.03884393  0.03153954  0.16124239  0.02452688  0.04618022 -0.04280515
 -0.0271718   0.08036541  0.02826945  0.00308993  0.0070092   0.05627323
 -0.05013325  0.00030638  0.11787448  0.06166661  0.03131228  0.00177425
  0.06176177  0.02750537]
[[ 0.15252154  0.17628586 -0.13095369 ...  0.02427245  0.00339987
   0.04148304]
 [ 0.02500527  0.10966307  0.04918869 ... -0.01031434 -0.17086795
  -0.10292017]
 [ 0.09616738 -0.01822842  0.23552235 ... -0.11905307  0.01887264
  -0.08203839]
 ...
 [ 0.07609464  0.1317485   0.17282344 ... -0.09013927  0.041717
  -0.22692795]
 [ 0.04853475 -0.05522315 -0.10627196 ...  0.15010928  0.04432924
  -0.12567228]
 [-0.09912458 -0.05537131  0.23591356 ... -0.08475561 -0.10164293
   0.01735841]]
[ 3.13990579e-02  3.82316337e-02  7.30224802e-02 -2.04405835e-02
  1.42298492e-02 -1.86752506e-03  5.85425362e-02 -1.95703949e-02
  1.11092766e-01  4.22473283e-02 -3.54830268e-02  6.52015139e-02
  2.29104683e-03 -5.53579843e-02  3.70635102e-02  2.42341737e-02
  2.44309492e-02  1.97918312e-02  3.78950365e-02 -2.78756114e-02
  1.89719628e-02 -1.66232524e-02 -4.51069675e-02  1.37412597e-02
  5.39582374e-03 -4.51216993e-02  9.37725191e-02 -1.76233732e-02
  1.26133429e-02  1.66124617e-02  3.95699664e-02  8.24268365e-03
 -9.23713874e-03  2.03964461e-03  1.23806314e-03  1.01150617e-02
 -3.81727391e-02  8.04874166e-02  3.08847643e-02  3.01926496e-03
  2.25443125e-03 -3.55565338e-02 -8.08034354e-02  1.42081248e-01
  5.26288911e-03  6.18564731e-02  1.71205264e-02 -5.90440470e-03
 -3.79321098e-02  1.28675058e-02 -2.43962336e-03  1.29828670e-03
  1.48643634e-02  2.46275000e-02 -3.96048584e-02 -6.10001790e-03
  1.05958200e-02  5.45457494e-05  3.41385232e-02  4.38270785e-02
 -4.58041812e-02 -5.01414562e-02  3.16206323e-02  5.64600086e-02
 -4.36691138e-02  1.88971910e-02  2.19400775e-02  3.14164317e-03
  8.29763148e-03  8.10079306e-02  6.59779811e-03  3.81998432e-02
  2.12175033e-02  7.46338847e-02  6.22470293e-02 -8.30529771e-02
  7.15998641e-02  4.75024337e-02  8.16300228e-03  7.23307109e-02
 -3.84372898e-03 -2.88419194e-02 -1.64240571e-02  1.57122664e-02
  8.86813647e-02  6.45314177e-02  6.12165063e-02  3.45598789e-03
  7.54543761e-02  3.49577208e-02  4.06077934e-02  1.33640678e-03
 -2.62109472e-02 -3.40082829e-02  1.00003958e-01 -7.39857325e-03
  8.65370974e-02  3.97231243e-02  3.59688797e-02 -2.99250353e-02
  2.72006941e-03 -4.68052201e-02  4.35054342e-02  4.90192795e-02
  1.30598076e-01  3.96366800e-02 -7.58528014e-03 -7.86142142e-03
  4.83576381e-02  1.19564126e-01  4.04632682e-02  1.01198175e-02
  6.32012239e-03  1.10346475e-02  4.61602043e-02 -1.60747708e-03
 -8.78390403e-03  1.46469901e-01 -1.29336765e-02  1.43379529e-02
 -2.76361809e-02 -2.21535513e-02  6.03373603e-02  8.54754538e-02
  8.36418346e-03  8.87293565e-03 -1.17907961e-02  2.92703464e-02]
[[ 0.04544901  0.08433235 -0.15975582 ...  0.13618764 -0.06185791
  -0.11185693]
 [ 0.16723648 -0.11841419  0.03295717 ...  0.04201908  0.17945174
  -0.1053063 ]
 [-0.03245981 -0.18619508 -0.0254935  ...  0.13088493 -0.11228739
   0.10705028]
 ...
 [-0.09706899 -0.04502338 -0.05448317 ...  0.03891852  0.01742027
   0.05777597]
 [-0.04834957 -0.01632882 -0.21389719 ...  0.06560731  0.12991611
   0.02761271]
 [-0.11858736 -0.00625547  0.05609972 ...  0.10632544  0.03422593
  -0.05744041]]
[-0.0149452   0.14158285  0.06039078 -0.02590378 -0.00869419  0.02721232
  0.00708462 -0.07236883  0.04888966  0.1298016   0.02750465 -0.02853272
  0.02702575  0.04109689  0.03483298  0.02398379  0.00026148 -0.05094738
 -0.01176663  0.03413115 -0.05870295 -0.06533857 -0.00864785  0.06418867
 -0.05900764  0.03175711 -0.03594793 -0.05231545  0.05914874 -0.02943219
  0.01050672  0.02676543 -0.00711857  0.00432019 -0.03621021 -0.03137512
  0.05185939  0.0549239  -0.00334811 -0.0548991   0.06087235  0.00260947
  0.06683908  0.07680803  0.01402387  0.01179177  0.00340782  0.08279863
 -0.05225322 -0.04608361 -0.02114706 -0.00116789  0.01978262 -0.03171429
  0.01426868  0.04093065  0.02338638 -0.01469618 -0.06892674  0.09161596
  0.00513566  0.05427221  0.01064473 -0.0006251  -0.02987877  0.06002725
  0.04070796  0.01679227  0.00127162 -0.01020957 -0.03399194 -0.03326648
  0.01580717 -0.00547187  0.03059192  0.02690804  0.03467834 -0.01270667
 -0.0169458   0.00599612 -0.03083806  0.0396487   0.01009308 -0.01416304
 -0.00723452  0.02438039  0.09456226  0.01101101  0.01696645  0.01011249
 -0.02527903 -0.00654044  0.05703989  0.09044059  0.00793902  0.04219136
  0.01369883 -0.07667445  0.06721457 -0.02622713  0.00074657  0.0406388
 -0.00489171 -0.01138596  0.01973681  0.07237617 -0.01835238 -0.0012979
 -0.0204147   0.09045024  0.00458812 -0.02576898  0.04608816 -0.07815342
 -0.04264564  0.07337203  0.05422938 -0.01013057 -0.00022905  0.00178908
  0.00294696  0.05097283 -0.00884607 -0.00902945 -0.01059036  0.00768244
  0.02075349 -0.03074453]
[[ 0.06597375  0.05247239  0.12263321 ...  0.11485672 -0.1529357
  -0.07037596]
 [ 0.15437895  0.02192302 -0.04960391 ...  0.01807287  0.13224686
  -0.06849002]
 [-0.0267012  -0.12039213  0.21284406 ...  0.14851907 -0.11474329
  -0.08773902]
 ...
 [-0.08204208 -0.11585642 -0.17158253 ... -0.1974918  -0.18042216
   0.17071501]
 [-0.02318461 -0.32346019  0.02904545 ...  0.00819184  0.16830943
   0.08505163]
 [-0.17432389  0.2484352  -0.1038589  ... -0.01598887 -0.1388976
   0.10922911]]
[ 0.02094604  0.02353954 -0.00128112 -0.11011642 -0.00431201  0.03419458
 -0.09140864 -0.04165919 -0.09227778  0.01758052 -0.04849341 -0.01907886
  0.04796818 -0.06861114 -0.11258683  0.08284377  0.010362    0.03169866
 -0.02641382  0.11694873  0.03955416  0.12070687  0.0273582   0.01061305
 -0.11085627  0.07967787  0.08666058 -0.00772402 -0.00257073  0.05551004
  0.0394954   0.02736277  0.1253426  -0.02122035  0.06531186 -0.04433093
 -0.07572983 -0.03157288  0.06624429 -0.02935297 -0.04005012 -0.01801384
  0.08910017 -0.00500729 -0.09576701 -0.1165964  -0.003988  ]
