[[ 0.00366435  0.0760088  -0.0015405  ...  0.01343676  0.04995339
   0.03733903]
 [ 0.03588963  0.01317276 -0.02426692 ... -0.03951635 -0.0324685
   0.07448222]
 [ 0.04425348  0.07187255  0.0377565  ... -0.00202827 -0.0011929
   0.00353128]
 ...
 [ 0.01798458  0.05609509 -0.00915455 ... -0.03334969 -0.0795478
  -0.0157984 ]
 [ 0.06979918 -0.07936853 -0.03534057 ...  0.07072511 -0.02319208
   0.0318279 ]
 [-0.04105042 -0.0494587   0.00429989 ...  0.03062336 -0.06664407
  -0.06291721]]
[-0.03667446  0.120814   -0.02412135 -0.14026326  0.06003893  0.06819214
  0.09842347  0.05428539 -0.02600378  0.08846747 -0.0430299  -0.01716436
  0.01730748  0.02942699  0.11733586  0.08491551  0.02580643 -0.05742461
  0.03919139 -0.01000474  0.21959911  0.12077984  0.07588174  0.04234324
  0.03035608  0.0514175   0.0079789  -0.07533572 -0.05041364  0.00062731
  0.08650739  0.05089124 -0.01761191  0.0449006   0.00358968  0.01732189
  0.07249495  0.09324397  0.15221093  0.04014596  0.02781385  0.04031956
  0.02936807 -0.05297193  0.06283741  0.00651988 -0.0316304  -0.02782836
  0.0483783  -0.0052041   0.07208944  0.00886538  0.11149419  0.07365911
 -0.04271646 -0.00935897  0.02688704  0.01287215  0.03017235  0.11347064
 -0.02873775 -0.08853379  0.11136393  0.15372548  0.14247585  0.01731799
  0.0981548   0.05891018  0.06155442  0.20906964  0.03643124 -0.0078211
  0.12494995  0.11319926 -0.03218585 -0.01725501 -0.07239649  0.08391871
  0.0606388   0.12540249  0.0507205   0.0782158  -0.02965623 -0.01122034
  0.12940826 -0.01867841 -0.02186444  0.08303322  0.02566256  0.06808809
  0.0599343  -0.02395516  0.07863225  0.0933286   0.00243393 -0.0702862
  0.06254033  0.06086225  0.11179234  0.08622867 -0.07730706 -0.05493508
  0.05102415  0.03841174  0.03691042 -0.05854459  0.12099741 -0.02493621
  0.14210521  0.0362348  -0.06326928  0.02439043  0.08133905 -0.1101438
  0.02752632 -0.05347199  0.11023162  0.06122618  0.12270757  0.07479212
  0.06384162  0.03572503  0.02661583  0.04312454  0.09683262  0.00692043
  0.05403591  0.06285016]
[[-0.13146131 -0.17699234 -0.08922051 ... -0.00656599  0.02455451
  -0.15512593]
 [ 0.02703093  0.20870793  0.20646672 ...  0.19303985  0.10511474
  -0.07426361]
 [ 0.12462636  0.05674801  0.02942113 ... -0.1783928   0.03346943
   0.24172345]
 ...
 [-0.12080318 -0.17263531  0.16077849 ... -0.02128448 -0.04855937
   0.11717417]
 [-0.03225282  0.12371839  0.16438267 ... -0.08083595  0.00103782
   0.09047189]
 [-0.03477535 -0.09166772 -0.18220245 ... -0.12441122  0.00585066
  -0.01207063]]
[ 0.04056107 -0.00287047 -0.02875764 -0.00447057  0.08418554  0.0028802
 -0.05229554 -0.00569886 -0.00678049 -0.00319535  0.04064481  0.11815959
  0.01084778 -0.04174041  0.06223707 -0.0066473   0.06083434  0.0604675
 -0.0499602   0.07952225  0.09911366  0.00129258 -0.00351565  0.08462774
  0.02594973  0.10755362  0.00219328 -0.03638679 -0.01781785  0.00258728
 -0.01344324  0.00960049  0.04725255  0.02460729  0.01647253  0.09497792
  0.00549177  0.01607699  0.02053143  0.07440883  0.04727691  0.10096753
  0.01589939 -0.00256844 -0.06580649 -0.01144165  0.0255318  -0.01581499
  0.05324622  0.04981976  0.03793062  0.05179481 -0.04760472 -0.02326669
 -0.05555629 -0.02889921  0.01720874 -0.00180747 -0.03405361 -0.00757456
  0.02016535  0.08144939  0.03158699 -0.0020187  -0.09863041  0.03366658
 -0.04329254  0.00090564  0.0194916   0.00800911  0.11665838  0.02481314
  0.08693026  0.0998629   0.00781191 -0.00291304 -0.00169909 -0.00284117
  0.06959027  0.00152615  0.04145305 -0.00215473  0.08930328  0.10620095
  0.06255917  0.12138241 -0.02009624 -0.01225421  0.0532118  -0.00215178
  0.04011667  0.00937621  0.00804552  0.01666706  0.03918576 -0.0409224
  0.03694616 -0.02813118  0.03373909  0.02373336  0.09546588 -0.05744737
  0.01685923  0.01356735 -0.01477106  0.12041756  0.05794615 -0.05907477
 -0.05431222  0.0324895   0.057765    0.03658887  0.031168    0.01307318
  0.01939043  0.09474062 -0.00202574  0.03058572  0.03791492  0.05448785
  0.069563   -0.00365677  0.00038898  0.00703809 -0.02087659  0.08727987
 -0.00218504  0.0553992 ]
[[ 0.10920931  0.06908656 -0.12090035 ...  0.11953256  0.05509099
   0.07877852]
 [ 0.06898802  0.11339846  0.08786464 ...  0.1653808  -0.1594612
   0.12152841]
 [-0.10458412  0.16967242  0.23464258 ...  0.04775583  0.00272108
   0.10942153]
 ...
 [-0.18270828  0.09664689 -0.146723   ... -0.10775636  0.05021488
  -0.03022787]
 [ 0.12172202 -0.01821368 -0.04588835 ...  0.10695923  0.05516611
   0.1930105 ]
 [-0.07971429 -0.11961277  0.03430017 ... -0.07977607 -0.01061464
  -0.08057963]]
[ 0.13558486  0.02461287 -0.01225214 -0.06412015  0.02361834 -0.06471152
  0.01200608 -0.01845356 -0.02637874  0.08256627  0.00393463  0.03291413
  0.10332364  0.05375909 -0.00258171  0.04602475  0.03324618  0.00947531
  0.06582069  0.07123019 -0.00452251  0.04610082  0.04643226  0.03896639
  0.08295653  0.11416083  0.00265766  0.03132409 -0.01136269 -0.01277267
 -0.04933483  0.01933713  0.0208728   0.0366909   0.05771551 -0.01352384
  0.00540894  0.00719409  0.0498739  -0.00731128  0.04863649  0.0236
 -0.02827376 -0.0076126  -0.00396673  0.00266583  0.07421135 -0.0063378
 -0.00896711  0.00762605  0.05849015  0.04472729  0.035402    0.00450018
 -0.06184962 -0.10423305  0.04530711  0.08087033  0.01415927  0.06130049
  0.04563688  0.03197962  0.00321935 -0.00309497 -0.02732708  0.00293881
 -0.02064472  0.06011157  0.01039615 -0.06048695 -0.01643997  0.03846333
  0.06986505  0.03627717  0.02015072  0.06017382  0.05991107  0.02972145
 -0.00845254  0.00451923 -0.02182261 -0.0035406   0.00582023 -0.02146765
  0.03495946  0.00055567  0.00670478  0.05366717  0.06518064 -0.0011933
 -0.06012439 -0.02986274  0.01500742 -0.00926907 -0.05059139  0.00480124
  0.02466441  0.04439908 -0.05287636  0.00260585  0.09384923  0.11603592
 -0.00226571 -0.00557265 -0.01917218  0.04205302  0.03049128  0.01676074
  0.00564944  0.0228892   0.00453226 -0.00470712  0.02214508 -0.01401865
  0.02186283  0.01065767  0.05196411 -0.0538197   0.04056435  0.02505064
  0.02781727 -0.05260786  0.00426744  0.00166297  0.01594    -0.00214529
  0.05651477  0.07549192]
[[ 0.12173821  0.11384431  0.00959824 ... -0.05321782 -0.11837481
   0.097668  ]
 [-0.14907149 -0.04103683  0.21282025 ...  0.07444344  0.0556777
  -0.01677589]
 [ 0.04308054  0.01384522 -0.17657682 ... -0.16862118  0.01325374
   0.05907328]
 ...
 [ 0.08961809 -0.12572317  0.07024474 ... -0.1128425   0.07126124
   0.10953498]
 [ 0.08711871 -0.07245738 -0.15774794 ... -0.07647759 -0.04206456
   0.08643122]
 [-0.05340536 -0.06120444  0.0004893  ... -0.062191    0.00694796
   0.11301187]]
[ 1.57376657e-02  1.18720391e-02 -1.79839330e-04  7.12481153e-03
 -3.59309115e-03  1.30893292e-02 -7.41641185e-02  4.33626142e-02
 -2.27284148e-02  6.83135383e-03 -2.86104966e-02 -2.87581057e-02
  4.33423062e-02  9.86454638e-02 -3.21347689e-02  8.02210470e-03
 -3.39288673e-03 -4.73072125e-05  7.17013368e-04  2.11863791e-02
  1.85357792e-02  2.11707560e-01  4.47236926e-02 -9.83627241e-03
  3.97219191e-02 -9.12087725e-03  6.20990026e-02 -3.71218155e-02
 -5.42254271e-02  1.93820536e-02  2.05282305e-03 -1.37632694e-02
  4.82501985e-02  5.08726490e-02  3.79658085e-02 -3.67301297e-02
  1.05814529e-01 -1.00898204e-04 -2.25827967e-02  4.73628592e-02
  1.14831411e-02  4.98165901e-02  4.31655862e-02  3.40788696e-02
  1.95399499e-03  6.32602403e-02  2.42176175e-02  5.86902793e-02
 -5.12636302e-02  6.52934469e-02  1.76119116e-03  4.63579961e-02
 -1.51390680e-03  7.60494633e-02  3.76441831e-02  2.54243106e-02
  2.40625580e-02  8.34673634e-02  3.25169263e-03 -4.70686637e-02
  1.31373159e-02  3.04616832e-02 -2.14231304e-02 -5.69718332e-02
  4.56929125e-02  3.29736918e-02 -4.28194539e-03 -8.52519602e-03
 -6.48716925e-03  8.88129254e-03  4.97963322e-02 -8.60420438e-02
 -7.05296146e-02  2.30054705e-02  5.45801658e-02 -1.57217562e-02
  5.90400849e-04  2.09157887e-02  6.96248115e-03  3.02060472e-02
  9.48522349e-02  3.16549262e-02  2.24425347e-02  7.70606109e-04
 -2.00090375e-03 -3.53219308e-03  8.06570520e-03  4.45995208e-02
 -6.54006340e-02  1.56677708e-03 -2.68228419e-03  1.53493538e-02
  1.00829558e-02 -2.14241131e-02  2.23157938e-02  6.38516770e-02
  1.77606546e-02 -3.70761455e-02  2.36999713e-02  2.76210980e-02
 -2.14165751e-02  8.93957116e-03  2.99865685e-03  6.84668194e-03
  3.73153642e-02  7.80615781e-02  2.61090527e-02  4.13758749e-02
 -3.46821758e-02 -3.53450062e-03  8.90559315e-03  8.48648043e-03
  8.73753889e-02  1.93682596e-03 -1.45746890e-02 -1.01883542e-02
  5.13927871e-04 -2.94184417e-03  2.88023885e-02  7.07943745e-02
  5.99024109e-02 -4.42017134e-02  9.15551066e-03 -3.98180745e-02
  3.60454674e-02 -8.07778596e-02  4.55663702e-02 -4.24316149e-03]
[[-0.16252085 -0.1807397  -0.082081   ... -0.077452    0.01908924
  -0.10580491]
 [ 0.05848378  0.01664933 -0.1835637  ... -0.14953592  0.10097119
   0.13121133]
 [ 0.01173836 -0.05718097  0.28327541 ...  0.05286556 -0.1774257
   0.05965113]
 ...
 [-0.04776842 -0.11913709  0.09296716 ...  0.17759257  0.30027167
   0.18413376]
 [-0.02336258 -0.04333783 -0.23153402 ...  0.21899449  0.12110071
   0.12050253]
 [-0.16869359 -0.37664901 -0.1137757  ... -0.12251914  0.10076467
   0.13650625]]
[-0.0199548   0.09555654  0.02898844 -0.07586685 -0.07967986 -0.00545762
 -0.05284272 -0.00646734 -0.06822477 -0.0031919  -0.01972763 -0.03308573
  0.07991028  0.01100643 -0.04452583  0.0897582   0.01249824  0.04319211
 -0.00059066  0.12932225 -0.03422793  0.17562806  0.04763471 -0.06960264
 -0.13517445  0.04217965  0.02446634 -0.06373608  0.01479562  0.1238454
 -0.00557699 -0.02885764 -0.01726961 -0.04944329  0.11904161 -0.02916049
 -0.10790593 -0.00983569  0.03038377  0.00138291 -0.07066295 -0.04967917
  0.10243906 -0.01419288 -0.07185379 -0.06539891  0.06016453]
