3.864605501636740215e+00 2.106999999999994294e-02 3.865596558689496920e+00 1.810126582278479349e-02
2.264920044186280901e+00 4.197600000000005771e-01 2.260873267679488485e+00 4.177215189873419443e-01
1.427213046323214662e+00 6.024999999999993694e-01 1.430746223557346708e+00 5.989240506329115421e-01
1.193086960215053116e+00 6.549699999999997191e-01 1.202569769218161611e+00 6.507594936708858135e-01
1.059827249969110152e+00 6.923200000000008236e-01 1.071145529165663524e+00 6.882911392405061113e-01
9.606739123966605565e-01 7.189500000000015323e-01 9.771686267075636589e-01 7.162658227848102133e-01
8.935171412765076093e-01 7.350200000000026712e-01 9.105069214485511653e-01 7.303797468354433775e-01
8.149151834060404109e-01 7.543799999999996064e-01 8.317195300117582457e-01 7.509493670886076000e-01
7.875766853602707007e-01 7.624599999999991384e-01 8.102128634517741235e-01 7.570253164556965952e-01
7.509695086840282308e-01 7.698299999999983489e-01 7.709069059690212278e-01 7.621518987341775464e-01
7.038261026471877013e-01 7.828699999999965131e-01 7.253776468027238744e-01 7.744303797468353734e-01
6.791067169026127059e-01 7.890499999999970315e-01 7.068026108191656220e-01 7.807594936708858180e-01
6.587381247244020743e-01 7.940499999999967029e-01 6.854665314668846321e-01 7.844936708860762442e-01
6.232311236186784953e-01 8.037799999999982736e-01 6.535544256872641844e-01 7.932278481012655647e-01
6.124073135410562641e-01 8.047899999999981180e-01 6.475442788504447433e-01 7.944303797468355022e-01
5.889271798348322262e-01 8.128699999999977610e-01 6.260566775704275999e-01 7.984177215189871557e-01
5.761983846554642463e-01 8.150399999999999867e-01 6.148129984284537164e-01 8.025316455696204221e-01
5.610919495294884873e-01 8.214099999999993074e-01 6.038207486995723627e-01 8.077215189873419021e-01
5.513393262590984278e-01 8.220800000000004770e-01 5.979064134502297678e-01 8.096202531645567690e-01
5.373103385068491722e-01 8.268500000000000849e-01 5.865078718724160423e-01 8.136075949367085336e-01
5.211362746779490962e-01 8.312100000000018918e-01 5.704371992645341782e-01 8.155063291139232895e-01
5.242751317832479163e-01 8.304300000000002235e-01 5.756937158453697689e-01 8.158860759493666848e-01
5.012723602426671921e-01 8.375200000000005973e-01 5.577022660613986105e-01 8.206962025316454357e-01
4.934289185473030859e-01 8.387700000000026801e-01 5.515533599996151892e-01 8.221518987341769336e-01
4.848041853444111093e-01 8.424100000000006583e-01 5.445621025372134882e-01 8.249999999999997335e-01
4.950895748416017095e-01 8.373000000000019316e-01 5.581418368322339507e-01 8.196835443037977509e-01
4.706154909742022996e-01 8.461600000000011335e-01 5.361144723570097081e-01 8.246202531645565603e-01
4.605603204740273959e-01 8.482200000000021944e-01 5.313912689055885208e-01 8.264556962025316755e-01
4.724887051001702143e-01 8.430900000000018935e-01 5.471046709631450788e-01 8.215822784810125068e-01
4.540241378923303706e-01 8.499000000000020982e-01 5.296441817744871328e-01 8.272784810126583288e-01
4.445216632875315654e-01 8.526700000000022595e-01 5.245137252249285620e-01 8.304430379746831070e-01
4.510445332731345958e-01 8.490800000000019443e-01 5.305443864987315905e-01 8.272151898734180220e-01
4.305603512285028356e-01 8.560800000000018395e-01 5.139228414328876893e-01 8.320886075949363025e-01
4.253014168183966159e-01 8.574500000000017108e-01 5.091022395645157239e-01 8.324050632911387249e-01
4.281725052203840254e-01 8.553100000000024572e-01 5.153355899686191677e-01 8.301265822784807957e-01
4.155584307103195596e-01 8.614100000000017854e-01 5.048699013348039166e-01 8.345569620253160403e-01
4.137441409230667722e-01 8.611300000000012833e-01 5.071051077648150995e-01 8.344303797468353157e-01
4.063390727185985929e-01 8.628200000000004755e-01 5.024638785673117836e-01 8.344303797468358708e-01
4.142917358075126066e-01 8.581700000000019868e-01 5.141301772726587505e-01 8.297468354430377335e-01
4.049104221045024543e-01 8.619500000000012152e-01 5.067301716899039743e-01 8.334177215189874088e-01
4.021945707819509219e-01 8.636300000000008970e-01 5.044677533946435588e-01 8.342405063291141731e-01
4.061362591924917442e-01 8.603200000000024161e-01 5.127952530559196642e-01 8.339873417721516136e-01
3.838201225208265344e-01 8.696000000000008168e-01 4.939428361260844169e-01 8.386708860759493067e-01
3.878807378291566632e-01 8.662100000000007016e-01 5.023211778437758346e-01 8.328481012658226490e-01
3.783410423568122072e-01 8.708099999999999730e-01 4.932596921618495611e-01 8.384177215189869692e-01
3.779389905991218934e-01 8.697299999999996700e-01 4.958221392241722314e-01 8.395569620253159338e-01
3.709662934742215534e-01 8.725999999999991541e-01 4.917600312522981132e-01 8.403164556962026133e-01
3.695762739859557167e-01 8.737399999999996281e-01 4.936461816786189005e-01 8.383544303797466624e-01
3.682819023712268769e-01 8.729699999999993576e-01 4.938847914442572318e-01 8.366455696202529380e-01
3.671594956899785211e-01 8.721700000000003339e-01 4.966800400312455510e-01 8.374050632911392844e-01
3.549854283362358087e-01 8.781699999999978967e-01 4.857912576326851029e-01 8.413924050632909379e-01
