3.871435891459246825e+00 2.421000000000001623e-02 3.872216141403656664e+00 2.411392405063287475e-02
1.344414682863197097e+00 5.894499999999996964e-01 1.373286363199421434e+00 5.833544303797467689e-01
1.215056345889422795e+00 6.294499999999996209e-01 1.253426197213071802e+00 6.208860759493671777e-01
1.133321396068991405e+00 6.655100000000013782e-01 1.155199962780276479e+00 6.615822784810125867e-01
1.113582294901129366e+00 6.694700000000008977e-01 1.174442357540589343e+00 6.562025316455697421e-01
1.055600592673029414e+00 6.750800000000004575e-01 1.112953173469883650e+00 6.640506329113924355e-01
1.138031151671782704e+00 6.594000000000002082e-01 1.204125412665229211e+00 6.513291139240506844e-01
1.021518012564017530e+00 7.028600000000010395e-01 1.084498482240193740e+00 6.933544303797469777e-01
1.066305211843509015e+00 6.854000000000005643e-01 1.125164344183089193e+00 6.784177215189873822e-01
1.020404566254207168e+00 6.884200000000014752e-01 1.089075087131423203e+00 6.737341772151900221e-01
1.108723488596151219e+00 6.785600000000007181e-01 1.161922732594758090e+00 6.718987341772151289e-01
1.025604072697479996e+00 6.919000000000017359e-01 1.101018473996260294e+00 6.794303797468355111e-01
1.002411336179956924e+00 7.141600000000014603e-01 1.064801937494285644e+00 7.032278481012660398e-01
9.440599684778527845e-01 7.216800000000017645e-01 1.012933807788483298e+00 7.048734177215185692e-01
9.747798475554005915e-01 7.140600000000018044e-01 1.044313621786493229e+00 7.045569620253158138e-01
9.945139525774510103e-01 6.995700000000006913e-01 1.060088617855882376e+00 6.922151898734181241e-01
9.214986181616819927e-01 7.213100000000017831e-01 1.009628710073272373e+00 7.055696202531648309e-01
9.108389651902414341e-01 7.252200000000016411e-01 9.996212763088260234e-01 7.086708860759496353e-01
1.048798382945200558e+00 6.892400000000019622e-01 1.141660471680704392e+00 6.760126582278481733e-01
9.752782406369217005e-01 7.043400000000015204e-01 1.082817757987818430e+00 6.892405063291138223e-01
9.447515527007049885e-01 7.244800000000014562e-01 1.041237158538611540e+00 7.080379746835443466e-01
9.755702675980219007e-01 7.254100000000018866e-01 1.059807716264806965e+00 7.105063291139241954e-01
8.911494841749666440e-01 7.322700000000014198e-01 9.864822827766874802e-01 7.170253164556964487e-01
9.332543228523355605e-01 7.269400000000011408e-01 1.015725525776343341e+00 7.137974683544304755e-01
9.399673066248087627e-01 7.160500000000004084e-01 1.025626144016546171e+00 7.043670886075948934e-01
8.736401412652379239e-01 7.412000000000010802e-01 9.776286035503350957e-01 7.223417721518986534e-01
8.646529427272415802e-01 7.433800000000005959e-01 9.630898325025396556e-01 7.287341772151899599e-01
9.522017103793827264e-01 7.115200000000021507e-01 1.028693018889156985e+00 7.006962025316452181e-01
9.938042887894081856e-01 6.968500000000021899e-01 1.080244588123754568e+00 6.851898734177214179e-01
9.575821469052347990e-01 7.229200000000023385e-01 1.061172793582870089e+00 7.079113924050633999e-01
9.477977254907780091e-01 7.232900000000012097e-01 1.046708391219395962e+00 7.049367088607596532e-01
8.860299456191695899e-01 7.494299999999997075e-01 9.893111727614041229e-01 7.309493670886073602e-01
9.651982798981093570e-01 7.236300000000015498e-01 1.080774808184352009e+00 7.055063291139237469e-01
9.151495118540412532e-01 7.280800000000019478e-01 1.023711252036871633e+00 7.087974683544305821e-01
1.003662775234062776e+00 7.079200000000014370e-01 1.108663704896190039e+00 6.902531645569617291e-01
8.920941380286957489e-01 7.373100000000014642e-01 9.931474973332733436e-01 7.194303797468359907e-01
9.493448488979863154e-01 7.155000000000002469e-01 1.051675689833446059e+00 6.979113924050630580e-01
9.242516149836969008e-01 7.159000000000020902e-01 1.038051383212478695e+00 7.028481012658229776e-01
8.882776745446715472e-01 7.375900000000003010e-01 9.969865528785272213e-01 7.189240506329110936e-01
9.650439816751497091e-01 7.269600000000018269e-01 1.055291846907778774e+00 7.173417721518986490e-01
8.884993476267966095e-01 7.455099999999998950e-01 1.003362419415828155e+00 7.258227848101264090e-01
9.748366806887023284e-01 7.194900000000016282e-01 1.073904577002386729e+00 7.060759493670883957e-01
9.321201900934018569e-01 7.236800000000011002e-01 1.040342763966643602e+00 7.051898734177219907e-01
8.656181210082682931e-01 7.440300000000005243e-01 9.690689996959892527e-01 7.278481012658229998e-01
9.333885226523174206e-01 7.244000000000022643e-01 1.030616483538052242e+00 7.099367088607591025e-01
8.803254042630623832e-01 7.395100000000012219e-01 9.961930500968938507e-01 7.162658227848097692e-01
9.150933315582170380e-01 7.289100000000008350e-01 1.015698724626912908e+00 7.127848101265822356e-01
9.544901784759248775e-01 7.352600000000003577e-01 1.053984273071317590e+00 7.172784810126577870e-01
9.168440235428871876e-01 7.418700000000014727e-01 1.033892769951784585e+00 7.201265822784808091e-01
9.857646161933343310e-01 7.169300000000013995e-01 1.122042732999015913e+00 6.974050632911393821e-01
8.719409632037197211e-01 7.404000000000009463e-01 9.931177166908359277e-01 7.242405063291140754e-01
9.241543555129854148e-01 7.133600000000017705e-01 1.039973444186390594e+00 6.977848101265824443e-01
9.466914648421604905e-01 7.292700000000014171e-01 1.036506900643046514e+00 7.146835443037972135e-01
1.012835824834520615e+00 7.113300000000023493e-01 1.127606656656934048e+00 6.940506329113922401e-01
9.308408587561859404e-01 7.361300000000022825e-01 1.042799681819224666e+00 7.184810126582275025e-01
9.992039424267596948e-01 7.211100000000016941e-01 1.104142173162114160e+00 7.043037974683544755e-01
8.909145366600393912e-01 7.435399999999999787e-01 9.918949882136270935e-01 7.275949367088606623e-01
8.954069506321242766e-01 7.305000000000005933e-01 9.991175221292847297e-01 7.153797468354432532e-01
9.765310584706017316e-01 7.195000000000009166e-01 1.074823410996096129e+00 7.029746835443037023e-01
8.641984124426057567e-01 7.483300000000003838e-01 9.811077228937844508e-01 7.295569620253163912e-01
8.797872120136995822e-01 7.328600000000013992e-01 1.015705673565551193e+00 7.112025316455696800e-01
9.399150766909782906e-01 7.285700000000008281e-01 1.046525387420461639e+00 7.081645569620252934e-01
8.677965588924344553e-01 7.414299999999999224e-01 9.766861213171659228e-01 7.231012658227846668e-01
9.094282401352768996e-01 7.419599999999997308e-01 1.028251053501689549e+00 7.233544303797473374e-01
9.053835764465604230e-01 7.290000000000018687e-01 1.019227058837014477e+00 7.127848101265825687e-01
9.720309592453614256e-01 7.219900000000010198e-01 1.086940891863543479e+00 7.083544303797472130e-01
9.862930467277861712e-01 7.313900000000019830e-01 1.098553000412845426e+00 7.177848101265824621e-01
9.979812665560131579e-01 7.313900000000016499e-01 1.107594339690776142e+00 7.149367088607597731e-01
9.926984886035845612e-01 7.187800000000016398e-01 1.083192821383231585e+00 7.034177215189872934e-01
9.598698698700034448e-01 7.268400000000014849e-01 1.059865642134632857e+00 7.045569620253168130e-01
1.066261180546030030e+00 7.128100000000007208e-01 1.171150295534132413e+00 6.972151898734176845e-01
1.033397177694955094e+00 7.281600000000013617e-01 1.149142004605213208e+00 7.096835443037977642e-01
9.877937018724604057e-01 7.278500000000018844e-01 1.093278575693028110e+00 7.065822784810127377e-01
1.017869064684388203e+00 7.152900000000015357e-01 1.135315164804351573e+00 6.962658227848104175e-01
1.151430523489300750e+00 6.873500000000004606e-01 1.259440108209112008e+00 6.729113924050631468e-01
1.161015214521240013e+00 6.849200000000018607e-01 1.281073552684520056e+00 6.687341772151903507e-01
1.275314998645121989e+00 6.788400000000004431e-01 1.379968929137747491e+00 6.631012658227847245e-01
1.112632723501135734e+00 6.954200000000005932e-01 1.229678452941870059e+00 6.722151898734177733e-01
1.123082459628655494e+00 6.766000000000000902e-01 1.221491398680291773e+00 6.603797468354432043e-01
1.323125850181172458e+00 6.610200000000008291e-01 1.405944302619080322e+00 6.484810126582276624e-01
1.051498433406474753e+00 7.135900000000003907e-01 1.146056882188083881e+00 6.995569620253166976e-01
9.953717824340977405e-01 7.217100000000008508e-01 1.109995701350248165e+00 7.018354430379747377e-01
1.022229671089225134e+00 7.141200000000025305e-01 1.116994906225952766e+00 7.002531645569615160e-01
1.474136060652644797e+00 6.389900000000005020e-01 1.633440002753908438e+00 6.177848101265820402e-01
1.209140961776787204e+00 6.711399999999999588e-01 1.312609361236815486e+00 6.531012658227849377e-01
1.294063209560292860e+00 6.519499999999999185e-01 1.415418802524459840e+00 6.356329113924050755e-01
1.131205085865507609e+00 6.769100000000011219e-01 1.218870001852659035e+00 6.662658227848105019e-01
1.447997014101982893e+00 6.475500000000005141e-01 1.551255766633164779e+00 6.307594936708860178e-01
1.329957160822782480e+00 6.598500000000012689e-01 1.436003146741783976e+00 6.400000000000002354e-01
1.352618270241965348e+00 6.398499999999995858e-01 1.450765168244302572e+00 6.251898734177213646e-01
1.534665901419940637e+00 5.809599999999995878e-01 1.629115810421855493e+00 5.672151898734177911e-01
1.402617725189740039e+00 6.398399999999996313e-01 1.472305356097445062e+00 6.289240506329113467e-01
1.483992896364444647e+00 6.198900000000004962e-01 1.613142061214669853e+00 6.023417721518987689e-01
1.432405176747181486e+00 5.977500000000005587e-01 1.521044965667435633e+00 5.816455696202532666e-01
1.333650953795878946e+00 6.271200000000010100e-01 1.429747028556263455e+00 6.138607594936706935e-01
1.447705082594127113e+00 6.220599999999995022e-01 1.535379378116671578e+00 6.055696202531641870e-01
1.420641938845798036e+00 6.158600000000006292e-01 1.515929455161583395e+00 6.017721518987344531e-01
1.487143552767487664e+00 6.029099999999996129e-01 1.597417601288513511e+00 5.882278481012661597e-01
1.454136756263856523e+00 6.101900000000004542e-01 1.562754575465186591e+00 5.964556962025313602e-01
1.557263356256686881e+00 5.942399999999994353e-01 1.637171262294796259e+00 5.770253164556961023e-01
1.860430888388135084e+00 4.631500000000006723e-01 1.940630322640983785e+00 4.527215189873415868e-01
