3.861486476212605101e+00 2.440999999999995604e-02 3.862084038043010814e+00 2.196202531645567030e-02
2.111784096874565364e+00 4.635099999999995890e-01 2.110509880013947903e+00 4.617721518987339402e-01
1.400372943060469444e+00 6.068900000000004846e-01 1.401210468102875861e+00 6.086075949367086846e-01
1.228509020348352632e+00 6.489799999999994462e-01 1.233123576381679687e+00 6.469620253164556356e-01
1.110984786296015381e+00 6.811499999999999222e-01 1.120999473989429562e+00 6.774050632911391423e-01
1.024473789116799871e+00 7.008300000000013963e-01 1.037529464151281999e+00 6.951265822784813420e-01
9.450509802077566857e-01 7.231300000000006056e-01 9.592570383798979528e-01 7.198101265822786088e-01
8.853628408236532410e-01 7.405800000000003491e-01 9.036026763571261000e-01 7.337341772151902974e-01
8.328724965165686944e-01 7.539999999999998925e-01 8.517036750739495066e-01 7.472784810126584798e-01
7.939276342866284919e-01 7.613699999999989920e-01 8.141363275269146715e-01 7.558860759493669645e-01
7.590201357727849318e-01 7.695699999999979779e-01 7.813261101510631246e-01 7.625316455696203866e-01
7.265113207198323764e-01 7.781899999999968287e-01 7.478189887121767798e-01 7.697468354430382353e-01
6.955384766071734948e-01 7.882399999999968321e-01 7.201073472628488625e-01 7.799367088607598308e-01
6.747051784278172981e-01 7.934799999999979647e-01 7.021591970255532944e-01 7.840506329113916539e-01
6.550481125747996680e-01 7.977299999999969415e-01 6.834029177994339621e-01 7.916455696202530090e-01
6.341817144429719999e-01 8.037499999999984102e-01 6.654818647062633596e-01 7.942405063291140266e-01
6.179841024852114062e-01 8.081799999999986772e-01 6.492401427056713192e-01 7.986708860759490491e-01
6.101622198411871256e-01 8.075899999999984757e-01 6.438799085348337892e-01 7.975949367088603914e-01
5.924120283054892244e-01 8.145699999999990171e-01 6.284444042755114035e-01 8.015822784810127111e-01
5.809717407719225957e-01 8.144299999999988771e-01 6.175155193752244198e-01 8.025316455696206441e-01
5.724824558948691244e-01 8.171500000000000430e-01 6.139399342036181428e-01 8.065822784810122714e-01
5.617827597585903776e-01 8.188400000000002343e-01 6.074239182764945566e-01 8.033544303797467423e-01
5.432775466104835527e-01 8.285700000000018051e-01 5.876071149126639304e-01 8.128481012658225202e-01
5.346824858425371918e-01 8.300799999999991519e-01 5.797495854977550156e-01 8.163291139240500538e-01
5.296423143979298587e-01 8.286100000000006238e-01 5.759050385103774428e-01 8.129746835443033559e-01
5.181465734020626046e-01 8.325100000000016376e-01 5.694343082701822656e-01 8.164556962025316666e-01
5.171993049123135844e-01 8.336600000000007338e-01 5.681314162950075186e-01 8.174050632911390446e-01
5.124073865228022662e-01 8.320900000000004404e-01 5.662633568367477777e-01 8.167721518987340890e-01
4.952508361341114163e-01 8.399000000000006461e-01 5.532747858784048400e-01 8.208860759493668002e-01
4.896879170326006725e-01 8.407100000000007345e-01 5.476487969425527513e-01 8.242405063291134981e-01
4.844089179460964179e-01 8.434500000000021425e-01 5.435492379679940367e-01 8.259493670886077776e-01
4.774544507579257524e-01 8.455300000000016691e-01 5.395592522267920188e-01 8.244936708860758356e-01
4.773943392933653884e-01 8.445800000000012187e-01 5.398031608500809542e-01 8.248101265822785910e-01
4.660342501938851689e-01 8.477000000000012303e-01 5.337097363370172376e-01 8.289240506329115243e-01
4.627256552451934901e-01 8.480200000000007732e-01 5.311542304588983132e-01 8.279746835443035913e-01
4.528744971026716359e-01 8.514000000000033763e-01 5.238913550951195264e-01 8.308860759493669201e-01
4.484677691636418939e-01 8.519600000000021600e-01 5.215072310528685584e-01 8.298101265822783734e-01
4.513734714395037928e-01 8.508400000000014840e-01 5.244673345607285819e-01 8.284177215189870713e-01
4.438479113438986712e-01 8.529100000000008341e-01 5.190139689268423728e-01 8.329113924050630668e-01
4.436969139780134741e-01 8.511300000000018295e-01 5.210961448892923453e-01 8.293670886075945603e-01
4.304702604844644065e-01 8.568100000000021810e-01 5.100472745582296241e-01 8.327848101265822311e-01
4.358850022830865201e-01 8.546200000000025998e-01 5.172270192536361222e-01 8.301265822784807957e-01
4.250620228316311922e-01 8.597200000000013720e-01 5.108479356821001849e-01 8.319620253164554669e-01
4.147636758083867448e-01 8.619500000000001050e-01 5.006873749133302631e-01 8.362658227848098758e-01
4.166298574259749699e-01 8.592200000000017601e-01 5.047797849685937699e-01 8.357594936708857558e-01
4.131665164400921131e-01 8.624900000000015332e-01 5.023759905306298679e-01 8.342405063291137290e-01
4.109055010918102879e-01 8.636400000000007404e-01 5.030945273999508638e-01 8.368354430379743025e-01
4.055887956243760528e-01 8.634500000000018272e-01 5.007183981463577682e-01 8.348101265822787109e-01
4.019418084418350801e-01 8.659500000000011077e-01 4.985663577867430751e-01 8.360126582278480933e-01
3.994523096371425108e-01 8.666300000000008996e-01 4.967961256640978651e-01 8.363924050632908225e-01
3.963756286810982132e-01 8.678200000000000358e-01 4.970577073780836352e-01 8.393670886075951243e-01
3.918890414725518245e-01 8.686000000000000387e-01 4.942646923342895460e-01 8.362025316455692359e-01
3.868024239562184441e-01 8.700900000000004741e-01 4.907633254808390633e-01 8.379113924050631823e-01
3.857719561893556692e-01 8.695600000000011098e-01 4.902371437522815012e-01 8.367088607594935779e-01
3.852908178502656433e-01 8.697199999999990494e-01 4.926724517062267550e-01 8.370886075949363070e-01
3.833235085313109747e-01 8.698499999999999011e-01 4.944183191912318587e-01 8.362025316455692359e-01
3.786221564697849762e-01 8.708400000000009467e-01 4.905339181591248376e-01 8.370886075949364180e-01
3.747987591302280319e-01 8.727199999999990521e-01 4.875368332251871495e-01 8.389240506329110891e-01
3.693509687140780762e-01 8.743299999999987193e-01 4.858076148487043833e-01 8.380379746835441290e-01
3.662615882438287063e-01 8.760899999999997023e-01 4.844484639106909629e-01 8.424050632911395109e-01
3.756998578349010631e-01 8.696099999999999941e-01 5.003102203319166330e-01 8.325316455696196716e-01
3.654483869599564616e-01 8.752699999999991043e-01 4.903896064911518748e-01 8.377848101265817915e-01
3.756584204107202840e-01 8.690599999999997216e-01 4.989028177743035086e-01 8.337974683544296939e-01
3.630648459029123254e-01 8.758699999999987051e-01 4.870670420588280591e-01 8.396202531645576839e-01
3.541839339501030026e-01 8.801099999999990597e-01 4.821532141733470000e-01 8.401898734177210004e-01
3.524571610101829844e-01 8.787599999999986533e-01 4.817811554609089941e-01 8.384177215189873023e-01
3.477428291704953156e-01 8.815799999999982539e-01 4.776947454013394934e-01 8.417721518987336671e-01
3.534330205453737328e-01 8.786999999999982602e-01 4.866797810002885805e-01 8.393037974683539293e-01
3.504661327957988570e-01 8.775899999999998702e-01 4.854366208465162313e-01 8.406329113924048135e-01
3.438665679135840536e-01 8.828499999999971370e-01 4.820700345957353861e-01 8.415822784810125246e-01
3.433038587024678789e-01 8.822699999999976672e-01 4.862580911830927111e-01 8.377215189873418177e-01
3.382204973093888567e-01 8.845499999999977270e-01 4.780119665930616657e-01 8.429746835443039377e-01
3.391952920058173282e-01 8.834899999999966669e-01 4.817587655524109835e-01 8.426582278481008492e-01
3.402562009673778531e-01 8.814299999999981594e-01 4.878024669474670394e-01 8.379113924050630713e-01
3.353940916077285395e-01 8.848699999999976029e-01 4.846336792529507553e-01 8.411392405063286004e-01
3.302724788816678303e-01 8.870299999999974316e-01 4.787531974188445338e-01 8.436075949367090043e-01
3.369298013150377469e-01 8.839899999999972779e-01 4.901766794173455510e-01 8.384810126582278311e-01
3.264573878663417084e-01 8.874099999999982558e-01 4.808281679785902929e-01 8.400632911392400537e-01
3.323781923748684863e-01 8.846299999999980290e-01 4.887717681832769445e-01 8.406329113924050356e-01
3.227895581423778637e-01 8.880199999999971450e-01 4.817021069717934978e-01 8.406329113924050356e-01
3.299568983462434213e-01 8.853399999999983505e-01 4.909961497929489771e-01 8.403164556962027243e-01
3.202888374460303722e-01 8.891799999999964177e-01 4.823015923861728171e-01 8.413291139240501870e-01
3.211546749113979859e-01 8.882299999999972995e-01 4.848237189597783270e-01 8.401265822784806936e-01
3.207771696621641855e-01 8.869899999999976137e-01 4.865106076404704938e-01 8.389240506329109781e-01
3.172671866045476685e-01 8.900199999999962586e-01 4.841881795045020476e-01 8.409493670886071248e-01
3.101274464351462257e-01 8.925399999999970024e-01 4.794536823444672802e-01 8.424683544303794847e-01
3.127908265623766670e-01 8.914599999999959223e-01 4.848003482683084231e-01 8.404430379746831159e-01
3.155877017712956922e-01 8.900099999999964151e-01 4.850595141260551912e-01 8.434177215189878618e-01
3.073678165146956909e-01 8.923799999999959542e-01 4.835138647988849736e-01 8.423417721518985379e-01
3.044299009045398630e-01 8.934499999999959696e-01 4.820989824216301844e-01 8.430379746835433563e-01
3.022391976497729726e-01 8.941799999999963111e-01 4.829409701391499943e-01 8.424683544303794847e-01
3.061449985736887092e-01 8.912999999999972056e-01 4.884736234723610626e-01 8.415189873417723287e-01
3.072850125973873858e-01 8.924799999999970535e-01 4.936705033980893220e-01 8.401898734177211114e-01
3.048913593481554773e-01 8.924599999999964783e-01 4.926626009178273202e-01 8.404430379746834490e-01
2.999946549378860738e-01 8.960199999999962639e-01 4.889137683456652450e-01 8.431645569620250802e-01
2.921172305137922920e-01 8.993299999999956329e-01 4.809711932118743705e-01 8.430379746835439114e-01
2.938917759116106421e-01 8.959599999999959818e-01 4.895757743817006347e-01 8.406329113924048135e-01
2.914896558799903170e-01 8.977899999999955361e-01 4.857139485762624886e-01 8.431645569620250802e-01
2.910876292325783044e-01 8.982899999999947038e-01 4.852294941803256823e-01 8.403797468354432532e-01
2.869290612957525743e-01 8.997099999999946807e-01 4.842689006736347612e-01 8.437974683544301469e-01
2.870698457708238949e-01 8.988299999999961321e-01 4.864597210570699160e-01 8.432911392405058049e-01
