3.859224431648812903e+00 2.139999999999995725e-02 3.858637091167295807e+00 2.132911392405060017e-02
1.346973788246035086e+00 5.820800000000001528e-01 1.370943339745322787e+00 5.767088607594936800e-01
1.143098825582727462e+00 6.658699999999997399e-01 1.184195152659875072e+00 6.558227848101265689e-01
1.110906090274846880e+00 6.708899999999996533e-01 1.159585792895558187e+00 6.623417721518987111e-01
1.123457534453046414e+00 6.797600000000005860e-01 1.175192495815206017e+00 6.704430379746835200e-01
1.083766139943562967e+00 6.826300000000020685e-01 1.137839654340158768e+00 6.701265822784812087e-01
1.071969988313276279e+00 6.770100000000005558e-01 1.131851099696611129e+00 6.651265822784813153e-01
1.054567716932081956e+00 6.869700000000006357e-01 1.118166855201340182e+00 6.737341772151903552e-01
9.426669787145396384e-01 7.212800000000014755e-01 1.007046587295626905e+00 7.089873417721522797e-01
1.062409955452380705e+00 7.011000000000008336e-01 1.141127312015569384e+00 6.901265822784814485e-01
1.030460278181064115e+00 7.103800000000011217e-01 1.100054751946520470e+00 6.972151898734177955e-01
9.913695231391541629e-01 7.247200000000016962e-01 1.073612241034918480e+00 7.088607594936707779e-01
1.051449084090552599e+00 6.935200000000004694e-01 1.139432667973153901e+00 6.758227848101268087e-01
1.083847132742911779e+00 6.831100000000012162e-01 1.142933378095296160e+00 6.729113924050630358e-01
1.018165462946556854e+00 7.158200000000013441e-01 1.089355693335197550e+00 7.017721518987340978e-01
9.875954869496025301e-01 7.134599999999996500e-01 1.078712640953051416e+00 6.983544303797467601e-01
1.171355406963334067e+00 6.848300000000004939e-01 1.248837314082934302e+00 6.753164556962026888e-01
1.071730039261823642e+00 7.080100000000018046e-01 1.162136494045969526e+00 6.920886075949367333e-01
1.617130217709998652e+00 6.386899999999997579e-01 1.684829571024435424e+00 6.286075949367083693e-01
1.229656334938376228e+00 6.909300000000019315e-01 1.291682414467268281e+00 6.760126582278483953e-01
1.375824325493251399e+00 6.496199999999993091e-01 1.430186418552300998e+00 6.408227848101265556e-01
1.970970621716416238e+00 4.345999999999999863e-01 1.999120818425087487e+00 4.350632911392404711e-01
2.297927179270380371e+00 3.289299999999995006e-01 2.335663247403522380e+00 3.293670886075951154e-01
3.633788728828641013e+00 4.684000000000000663e-02 3.634186747804059259e+00 4.664556962025313835e-02
3.852471470511330320e+00 2.148999999999996746e-02 3.853109782098926406e+00 2.012658227848099224e-02
3.852469228826559178e+00 2.141999999999991827e-02 3.853236593200253246e+00 1.879746835443035086e-02
3.852765247982411712e+00 2.143999999999994868e-02 3.853414184516972707e+00 1.886075949367086238e-02
3.852297497505561719e+00 2.147999999999994705e-02 3.851271463971289055e+00 2.107594936708856448e-02
3.851881053835235935e+00 2.116999999999993193e-02 3.852008969465334776e+00 2.253164556962021156e-02
3.852234813015817938e+00 2.134999999999995235e-02 3.852098271759835324e+00 2.202531645569616447e-02
3.851543191624026363e+00 2.154999999999994073e-02 3.852451508884080500e+00 2.025316455696199794e-02
3.852457791670780729e+00 2.178999999999996565e-02 3.852938745330115378e+00 1.974683544303795432e-02
3.851273807594771448e+00 2.124999999999994255e-02 3.851481311373649241e+00 2.101265822784808071e-02
3.851970281970572785e+00 2.122999999999994336e-02 3.851954407975293648e+00 2.120253164556958753e-02
3.851628121512919112e+00 2.159999999999995951e-02 3.852369998065295231e+00 2.056962025316452433e-02
3.851965935118206286e+00 2.137999999999995807e-02 3.852698553186004737e+00 2.018987341772148641e-02
3.851929068641013032e+00 2.099999999999993192e-02 3.851896090081926349e+00 2.398734177215186905e-02
3.851360252827112696e+00 2.144999999999994827e-02 3.851351924928734238e+00 2.120253164556959100e-02
3.851421740186967924e+00 2.115999999999994621e-02 3.851950934320408138e+00 2.139240506329111169e-02
3.852064110709876754e+00 2.140999999999991868e-02 3.852806708348544440e+00 2.031645569620251293e-02
3.852785858587506329e+00 2.142999999999992480e-02 3.853342763805939430e+00 2.025316455696200835e-02
3.852054004442722501e+00 2.117999999999994193e-02 3.852353176072677243e+00 2.265822784810123461e-02
3.851665972125281723e+00 2.122999999999991907e-02 3.850839793989485393e+00 2.120253164556959447e-02
3.852175196839795923e+00 2.133999999999993541e-02 3.851848635333148696e+00 2.164556962025313350e-02
3.852048656434789997e+00 2.140999999999994297e-02 3.853063646340387116e+00 2.031645569620251293e-02
3.852598584668454507e+00 2.179999999999995830e-02 3.852904812159574366e+00 2.025316455696199794e-02
3.851822416170855412e+00 2.149999999999992542e-02 3.850452363894250052e+00 2.202531645569617488e-02
3.852404649345464005e+00 2.149999999999991501e-02 3.852404478300254009e+00 2.202531645569617488e-02
3.851700053497584708e+00 2.141999999999997031e-02 3.851580813412997184e+00 2.031645569620248865e-02
3.852922641048127872e+00 2.116999999999993193e-02 3.853740477291986988e+00 2.139240506329111169e-02
3.851943998161282856e+00 2.181999999999995402e-02 3.852993729871077910e+00 1.993670886075947501e-02
3.852173749933353708e+00 2.180999999999992320e-02 3.852515471298779914e+00 2.025316455696200488e-02
3.852296836984948847e+00 2.131999999999996051e-02 3.852952203511987861e+00 2.050632911392402322e-02
3.852453875704750619e+00 2.134999999999994194e-02 3.852446657394213769e+00 2.164556962025313697e-02
3.852007497291896954e+00 2.153999999999993767e-02 3.853004535506779238e+00 2.006329113924049112e-02
3.851853523355637687e+00 2.123999999999996724e-02 3.852007692222911395e+00 2.120253164556958406e-02
3.851710432699404496e+00 2.150999999999994583e-02 3.852292534274098124e+00 2.202531645569617141e-02
3.852449270674595638e+00 2.136999999999994460e-02 3.850970693826969438e+00 2.215189873417718405e-02
3.851726693956622594e+00 2.116999999999993193e-02 3.851733331431399510e+00 2.139240506329111863e-02
3.852650485897246568e+00 2.140999999999996725e-02 3.853043733486955169e+00 2.221518987341769905e-02
3.852217681306227881e+00 2.150999999999995277e-02 3.852120136660580396e+00 2.240506329113921974e-02
3.851300987908569340e+00 2.140999999999994644e-02 3.851001509816843082e+00 2.221518987341769905e-02
3.851813654007361087e+00 2.141999999999994950e-02 3.850691703966480528e+00 2.297468354430376794e-02
3.851573694782824742e+00 2.130999999999996439e-02 3.850602576001014299e+00 2.170886075949364502e-02
3.852331539484588507e+00 2.153999999999992032e-02 3.852442956787934136e+00 2.006329113924047725e-02
3.852050245076521939e+00 2.139999999999996766e-02 3.852616061081358456e+00 2.088607594936705419e-02
3.852533074936290713e+00 2.150999999999994583e-02 3.852759340626895401e+00 1.898734177215186808e-02
3.851916670192849779e+00 2.143999999999991746e-02 3.851948467833616885e+00 2.025316455696200488e-02
3.852016579748427816e+00 2.141999999999994256e-02 3.851787094751418117e+00 2.031645569620249558e-02
3.851412069082538636e+00 2.153999999999995849e-02 3.852391885058098708e+00 2.006329113924048071e-02
3.853068922152124820e+00 2.140999999999998113e-02 3.851980849555809883e+00 2.221518987341769558e-02
3.851644713444688950e+00 2.180999999999993014e-02 3.851600024696886226e+00 2.025316455696199794e-02
3.851548842140227524e+00 2.138999999999992296e-02 3.851245765095361318e+00 2.018987341772148641e-02
3.852039629451893266e+00 2.134999999999995929e-02 3.851159442457722903e+00 2.164556962025313697e-02
3.852505616950281819e+00 2.145999999999994787e-02 3.853547198958421571e+00 2.120253164556960140e-02
3.851585574386652056e+00 2.130999999999994357e-02 3.852423254743418735e+00 2.170886075949363114e-02
3.851786717497504231e+00 2.118999999999993458e-02 3.850877648331090697e+00 2.265822784810123808e-02
3.851493227690146348e+00 2.179999999999994442e-02 3.852397282897135344e+00 1.974683544303794044e-02
3.851992210651428383e+00 2.145999999999993052e-02 3.852260272209636405e+00 2.120253164556959447e-02
3.852132053401430500e+00 2.150999999999992848e-02 3.852758103346475060e+00 1.898734177215188543e-02
3.851764612536514143e+00 2.116999999999991805e-02 3.852298201861548588e+00 2.139240506329111516e-02
3.852681107380850900e+00 2.150999999999996665e-02 3.853263207651603128e+00 1.898734177215187502e-02
3.851972143426468875e+00 2.118999999999996234e-02 3.851227343909983780e+00 2.265822784810123461e-02
3.851727025295891504e+00 2.104999999999992641e-02 3.851873804110910626e+00 2.272151898734173225e-02
3.851444476216173918e+00 2.153999999999996889e-02 3.852037855288610313e+00 2.006329113924048071e-02
3.851926525777893850e+00 2.150999999999993889e-02 3.852424557133650840e+00 2.240506329113920586e-02
3.851635690223271791e+00 2.123999999999997071e-02 3.851576980391324678e+00 2.158227848101263238e-02
3.852564307328413928e+00 2.140999999999993950e-02 3.852670478580465740e+00 2.177215189873415307e-02
3.852318427214883823e+00 2.144999999999993787e-02 3.852271531855231856e+00 2.044303797468351169e-02
3.852502558629938623e+00 2.123999999999990132e-02 3.853084838957140157e+00 2.158227848101263238e-02
3.852123947668674830e+00 2.123999999999996030e-02 3.852004801625805719e+00 2.158227848101262544e-02
3.851339183279267164e+00 2.136999999999991684e-02 3.851603406647375216e+00 2.215189873417717711e-02
3.852224291911139797e+00 2.150999999999992501e-02 3.851840323765411522e+00 2.202531645569618182e-02
3.852518198425970652e+00 2.179999999999996177e-02 3.852261562327057742e+00 1.974683544303795085e-02
3.851797871262487849e+00 2.134999999999994194e-02 3.851353186150243246e+00 2.164556962025313003e-02
3.852561737608749315e+00 2.150999999999997359e-02 3.852478177474152776e+00 2.202531645569617835e-02
3.852423069659720145e+00 2.118999999999995193e-02 3.852653945845343930e+00 2.265822784810123114e-02
3.851788274206036089e+00 2.179999999999994789e-02 3.852032474188193945e+00 1.974683544303793697e-02
3.852794889819909585e+00 2.130999999999993663e-02 3.853887599574639999e+00 2.170886075949364502e-02
3.852874518405914106e+00 2.114999999999994315e-02 3.853460203428810349e+00 2.151898734177212433e-02
3.851998416412909965e+00 2.148999999999993277e-02 3.852641231392061716e+00 2.101265822784805989e-02
