3.864836284698406121e+00 2.229999999999993099e-02 3.866238675978067807e+00 2.291139240506326336e-02
3.840246459786448963e+00 2.430999999999994277e-02 3.840855465836318317e+00 2.468354430379744030e-02
3.821724278395939312e+00 2.746000000000000524e-02 3.821588624400947598e+00 2.816455696202528267e-02
3.800679572388613980e+00 3.215000000000003966e-02 3.799654982924171698e+00 3.348101265822778921e-02
3.774369358512619677e+00 3.964999999999996999e-02 3.772423760687418692e+00 4.259493670886070615e-02
3.740670093558773335e+00 5.039999999999999342e-02 3.737849054397538673e+00 5.208860759493666448e-02
3.699167126032228303e+00 6.213000000000003936e-02 3.695409904824292990e+00 6.455696202531643890e-02
3.648853141317005999e+00 7.418000000000012084e-02 3.644167443779112947e+00 7.594936708860755559e-02
3.588678137762594034e+00 9.367999999999986060e-02 3.583227752513470588e+00 9.626582278481009280e-02
3.517414086647117077e+00 1.181199999999999195e-01 3.511322985048296541e+00 1.198101265822784783e-01
3.431157022090290276e+00 1.398899999999999866e-01 3.424291191737496742e+00 1.400000000000000688e-01
3.325293847010879933e+00 1.655499999999995864e-01 3.317645272778288579e+00 1.656329113924050744e-01
3.196157746157833213e+00 1.986399999999995392e-01 3.187874549043308914e+00 1.965822784810127011e-01
3.043707920489687080e+00 2.386099999999996557e-01 3.034743450230611206e+00 2.341139240506327768e-01
2.876994692218453054e+00 2.716199999999999726e-01 2.868577242280072603e+00 2.649367088607594845e-01
2.714761944098512902e+00 3.009600000000000053e-01 2.707494120987323338e+00 2.922784810126582977e-01
2.572250310307748755e+00 3.269700000000004825e-01 2.566135952228474792e+00 3.191139240506328245e-01
2.450214658900371489e+00 3.511799999999997146e-01 2.445759306526635424e+00 3.436708860759493667e-01
2.346581147344833251e+00 3.732299999999999507e-01 2.343272754701593907e+00 3.648734177215190444e-01
2.258641098914009326e+00 3.903600000000002623e-01 2.255791133256412451e+00 3.858227848101264401e-01
2.182109741231437194e+00 4.098699999999997901e-01 2.179025431118362111e+00 4.064556962025315245e-01
2.115014686063855898e+00 4.247600000000002485e-01 2.112004774864221890e+00 4.211392405063289490e-01
2.054915318131335766e+00 4.408299999999997221e-01 2.051321324836435700e+00 4.378481012658229088e-01
1.999486706831236305e+00 4.554100000000002035e-01 1.995409812625120516e+00 4.517088607594934024e-01
1.948009568126101820e+00 4.691199999999999815e-01 1.943475082467715165e+00 4.670886075949368665e-01
1.899716678642941581e+00 4.822500000000000675e-01 1.893598327540156889e+00 4.812025316455696977e-01
1.853384778851872250e+00 4.940300000000011349e-01 1.847297446057295955e+00 4.924683544303795069e-01
1.810203220960083792e+00 5.058100000000007590e-01 1.803401819012426355e+00 5.041772151898734622e-01
1.769216978495157244e+00 5.153899999999996817e-01 1.761379106717939624e+00 5.150632911392404312e-01
1.731375916618465682e+00 5.252499999999991065e-01 1.723945744160448434e+00 5.241772151898735910e-01
1.696155053229110754e+00 5.328200000000001824e-01 1.688218267865906119e+00 5.327215189873416579e-01
1.663258994278959069e+00 5.411100000000002019e-01 1.655431286913085387e+00 5.404430379746834046e-01
1.634141962045865926e+00 5.493599999999997374e-01 1.626501036297432812e+00 5.486708860759492712e-01
1.607628861006560328e+00 5.555699999999991201e-01 1.600575730563381427e+00 5.534177215189873822e-01
1.583881085299867486e+00 5.601499999999993706e-01 1.576629398883113042e+00 5.609493670886072092e-01
1.562418622207376595e+00 5.654299999999991000e-01 1.555686586203836708e+00 5.643670886075949911e-01
1.542473135423997999e+00 5.712899999999996314e-01 1.536736202996706879e+00 5.703164556962024845e-01
1.523824101798315622e+00 5.760199999999993103e-01 1.517948057712467103e+00 5.748101265822783690e-01
1.505606873980099847e+00 5.801700000000000745e-01 1.500243404193277286e+00 5.821518987341773865e-01
1.490019677289421862e+00 5.843399999999991934e-01 1.485327904855750614e+00 5.836075949367087734e-01
1.474994893745427804e+00 5.887099999999997335e-01 1.471063325647165465e+00 5.865189873417717692e-01
1.460723920296203460e+00 5.925199999999993805e-01 1.456818583594621463e+00 5.886075949367085558e-01
1.446464289032803885e+00 5.959900000000000198e-01 1.443046279090832718e+00 5.916455696202527204e-01
1.433218268490244141e+00 5.993499999999990502e-01 1.430548013776970162e+00 5.973417721518987644e-01
1.420207733725567190e+00 6.027400000000002755e-01 1.417660686978394313e+00 6.003797468354427069e-01
1.407176816071696646e+00 6.067199999999998150e-01 1.405272523538392493e+00 6.029113924050633067e-01
1.395500346645887291e+00 6.094499999999994921e-01 1.393167162371081291e+00 6.062658227848102266e-01
1.384846737739259481e+00 6.124100000000000099e-01 1.383802238457392697e+00 6.087974683544302712e-01
1.372852617092718663e+00 6.155900000000007477e-01 1.372192887199829459e+00 6.099367088607593468e-01
1.360647706336638452e+00 6.178700000000003634e-01 1.359930076095927642e+00 6.141139240506329200e-01
1.349397492454194936e+00 6.210200000000005716e-01 1.349412884529872736e+00 6.165822784810125468e-01
1.338767911486364204e+00 6.235300000000003617e-01 1.339399182829907442e+00 6.184810126582276357e-01
1.327972569340469589e+00 6.271200000000003438e-01 1.328640873151832436e+00 6.234177215189872223e-01
1.318368991583381833e+00 6.284800000000000386e-01 1.319514745108789411e+00 6.266455696202531955e-01
1.308512728144054948e+00 6.322099999999993836e-01 1.309732746185940266e+00 6.285443037974685065e-01
1.299317952796093190e+00 6.337399999999996369e-01 1.300610546260456912e+00 6.321518987341772089e-01
1.289022798908536771e+00 6.363900000000000112e-01 1.291073259750709079e+00 6.350000000000000089e-01
1.278968474857977933e+00 6.390400000000002745e-01 1.281409931547161651e+00 6.364556962025319509e-01
1.270554584487332717e+00 6.407299999999995777e-01 1.272929229570548548e+00 6.387341772151901020e-01
1.260653182680529172e+00 6.437000000000002720e-01 1.263227272455667682e+00 6.417088607594940708e-01
1.251582978820511283e+00 6.466499999999997250e-01 1.254639749396524451e+00 6.449999999999997957e-01
1.243610224045798685e+00 6.479500000000010251e-01 1.246898504945919139e+00 6.468987341772155508e-01
1.234283301664959032e+00 6.505499999999989624e-01 1.238050024705471097e+00 6.479746835443039865e-01
1.224841488584317073e+00 6.531500000000011186e-01 1.228797844363621383e+00 6.513291139240510175e-01
1.216778184280636221e+00 6.552599999999991764e-01 1.220630057798159029e+00 6.525949367088608177e-01
1.208671610765378102e+00 6.570000000000002505e-01 1.212514708701208033e+00 6.552531645569615870e-01
1.201136266807141029e+00 6.590400000000000702e-01 1.204855640353929891e+00 6.570253164556961734e-01
1.192149057869269946e+00 6.611899999999997224e-01 1.197068620132255123e+00 6.596835443037974978e-01
1.184199024215672580e+00 6.630800000000011130e-01 1.189046206039107378e+00 6.601265822784808668e-01
1.176378892581459779e+00 6.648700000000008492e-01 1.181008093778127765e+00 6.639240506329113778e-01
1.168373667378089564e+00 6.671100000000002028e-01 1.173696931552078659e+00 6.660126582278482754e-01
1.160050678990002471e+00 6.696500000000008557e-01 1.165506912109877335e+00 6.660759493670890263e-01
1.153798780575453264e+00 6.706699999999998774e-01 1.159229287636187600e+00 6.670253164556964043e-01
1.146789180247778095e+00 6.731000000000006978e-01 1.152436796821832532e+00 6.697468354430384796e-01
1.138962451986136770e+00 6.752999999999999003e-01 1.145122199058957735e+00 6.722151898734175512e-01
1.131769089432206554e+00 6.763900000000004908e-01 1.137196205724132714e+00 6.731645569620259284e-01
1.124470822846655338e+00 6.790600000000003300e-01 1.130475294082661897e+00 6.772151898734176667e-01
1.118226392003118796e+00 6.803300000000014336e-01 1.124288810452268583e+00 6.775316455696206441e-01
1.111243684816546118e+00 6.821200000000007257e-01 1.118274658740240568e+00 6.781012658227846268e-01
1.104143288847540205e+00 6.840100000000000069e-01 1.110537108223382807e+00 6.817721518987347462e-01
1.098150336105911062e+00 6.847400000000011255e-01 1.104706257116883084e+00 6.820886075949367244e-01
1.091458264769603614e+00 6.868100000000008087e-01 1.098027801228011135e+00 6.840506329113926753e-01
1.085582882771511049e+00 6.890500000000022718e-01 1.092370375809790906e+00 6.872151898734180087e-01
1.078627477239566534e+00 6.898200000000009879e-01 1.085992911654017679e+00 6.887341772151899244e-01
1.072238872627680362e+00 6.924800000000015388e-01 1.079571231262727693e+00 6.879746835443042441e-01
1.066513796707748929e+00 6.930400000000014327e-01 1.073848707507024436e+00 6.895569620253166887e-01
1.060641982141231621e+00 6.948400000000020116e-01 1.068691830411313326e+00 6.922151898734177911e-01
1.055110819798147581e+00 6.958700000000015429e-01 1.062640123949667670e+00 6.924683544303800176e-01
1.050132105680654737e+00 6.971700000000018438e-01 1.057998821727513583e+00 6.950000000000000622e-01
1.043784266523946513e+00 6.997900000000016885e-01 1.052365985856037911e+00 6.968987341772148181e-01
1.038309816897429183e+00 7.009400000000007847e-01 1.046668577994260163e+00 6.977848101265824443e-01
1.032144374590627356e+00 7.022600000000012166e-01 1.040603919328915161e+00 6.993670886075949999e-01
1.026561357849665068e+00 7.035100000000003018e-01 1.034954088441120801e+00 6.992405063291138312e-01
1.021830715246465404e+00 7.048400000000012433e-01 1.029888009345554911e+00 7.024050632911399417e-01
1.016836816100581631e+00 7.058100000000014917e-01 1.025209820101360858e+00 7.025316455696200002e-01
1.011384358031043318e+00 7.073000000000019272e-01 1.019583388125694823e+00 7.034177215189876264e-01
1.006657008175275481e+00 7.088200000000015599e-01 1.015675487887900852e+00 7.051898734177211026e-01
1.002338554524565106e+00 7.092800000000023530e-01 1.010540967419853331e+00 7.063924050632907070e-01
9.978377268939584432e-01 7.100600000000024670e-01 1.006401366069457515e+00 7.061392405063292577e-01
9.936048475067222885e-01 7.108600000000011576e-01 1.002276308607148447e+00 7.082278481012658222e-01
9.879976952406065438e-01 7.128600000000011594e-01 9.969154588747389800e-01 7.085443037974683556e-01
