3.874887809549318884e+00 1.518999999999981823e-02 3.874279338585600918e+00 1.531645569620251716e-02
9.929125883352601933e-01 6.938800000000010515e-01 1.012169401199307206e+00 6.895569620253166887e-01
7.467330657162641883e-01 7.648999999999990251e-01 7.780027308387382767e-01 7.575316455696203821e-01
6.770571880500232398e-01 7.816699999999977555e-01 7.130629416117029162e-01 7.684810126582279910e-01
6.028688847610667034e-01 8.033299999999975460e-01 6.481119028834196882e-01 7.896835443037969471e-01
5.583364019242849086e-01 8.151999999999997026e-01 6.126963107479902471e-01 8.029113924050632622e-01
5.312372860480875092e-01 8.236000000000003318e-01 5.943092886191585489e-01 8.068987341772149158e-01
5.152911335620464772e-01 8.251700000000000701e-01 5.868109705734959602e-01 8.053797468354430000e-01
4.979806071329346273e-01 8.334300000000017805e-01 5.827915052430958642e-01 8.115189873417725241e-01
4.934936950597338390e-01 8.339600000000020330e-01 5.812080039224782890e-01 8.099367088607595244e-01
4.865450949673604808e-01 8.356900000000004880e-01 5.839881034744026644e-01 8.107594936708860667e-01
4.540932369415861536e-01 8.459300000000012920e-01 5.517373582158346945e-01 8.227215189873421375e-01
4.450745853119318363e-01 8.455700000000020422e-01 5.431781305276944805e-01 8.186708860759489559e-01
4.290966339409037489e-01 8.503900000000005344e-01 5.388003965568161080e-01 8.233544303797469821e-01
4.090351196064535566e-01 8.562500000000015099e-01 5.256186495746462128e-01 8.275949367088603070e-01
4.254069140054623777e-01 8.523100000000016774e-01 5.431150300001668096e-01 8.229113924050629469e-01
4.203195044752993104e-01 8.498100000000013976e-01 5.394632761076822991e-01 8.226582278481011645e-01
3.985817673239965275e-01 8.618400000000010497e-01 5.327086553837524496e-01 8.283544303797460984e-01
4.010281032032082527e-01 8.597100000000000852e-01 5.377523274448283708e-01 8.247468354430378401e-01
4.017655647290992449e-01 8.579400000000013682e-01 5.439752296003932397e-01 8.205696202531646000e-01
3.862477807362988402e-01 8.601800000000021651e-01 5.330933452473455292e-01 8.234810126582279288e-01
3.987771330316375318e-01 8.579300000000020798e-01 5.465418828032817533e-01 8.242405063291137202e-01
3.734492767377128875e-01 8.663600000000005741e-01 5.348422395647087768e-01 8.275316455696206663e-01
3.595531279937141389e-01 8.718399999999996153e-01 5.237401515805131247e-01 8.310126582278481999e-01
3.688042383396259449e-01 8.680700000000016736e-01 5.395031331095150318e-01 8.303797468354428002e-01
3.632052416018114460e-01 8.693900000000009953e-01 5.349891840288168998e-01 8.282911392405061246e-01
3.634924076449469466e-01 8.687600000000011979e-01 5.449037085081707144e-01 8.258227848101264978e-01
3.645160494417849506e-01 8.659600000000006181e-01 5.533435607196649508e-01 8.200632911392404800e-01
3.496098250592916679e-01 8.688100000000011924e-01 5.393432577622697677e-01 8.217721518987338714e-01
3.401925347792693066e-01 8.755499999999983851e-01 5.326322574369047880e-01 8.317088607594934624e-01
3.664437911771132872e-01 8.668600000000004080e-01 5.635094147633012973e-01 8.227848101265821112e-01
3.534713716998205135e-01 8.704400000000005466e-01 5.557201246706930942e-01 8.242405063291134981e-01
3.520692591979120434e-01 8.725899999999996437e-01 5.615825935176501638e-01 8.243037974683539160e-01
3.401832623281076384e-01 8.758999999999986796e-01 5.542980649667363924e-01 8.272151898734172448e-01
3.505395584863089664e-01 8.722100000000000408e-01 5.753003604586288677e-01 8.211392405063290267e-01
3.481781521016031333e-01 8.687200000000014910e-01 5.707380427278202495e-01 8.205063291139236270e-01
3.400212855067925588e-01 8.748199999999995979e-01 5.616560871544863387e-01 8.234810126582275958e-01
3.450414098287120090e-01 8.715799999999991332e-01 5.811303662783923185e-01 8.215822784810126178e-01
3.195015201478224598e-01 8.822199999999980058e-01 5.590244543334034200e-01 8.288607594936707734e-01
3.322707339707621221e-01 8.771199999999987895e-01 5.721118019665323295e-01 8.233544303797463160e-01
3.211888648792726175e-01 8.805799999999984751e-01 5.697144258541212425e-01 8.257594936708863020e-01
3.330300622186436743e-01 8.751099999999991663e-01 5.906697970123558905e-01 8.178481012658226357e-01
3.158944025063205041e-01 8.824599999999978017e-01 5.715864522657309044e-01 8.267721518987343199e-01
3.141054284789062123e-01 8.816099999999988945e-01 5.768515180726841995e-01 8.220886075949366267e-01
3.265269300810136888e-01 8.772999999999990806e-01 5.787991857073468971e-01 8.205063291139239601e-01
3.086384472064173101e-01 8.845999999999976104e-01 5.769168704259760583e-01 8.282278481012657068e-01
3.128664861344287451e-01 8.810399999999978249e-01 5.861976771451267165e-01 8.224683544303798000e-01
3.019487881091674764e-01 8.869199999999973771e-01 5.859256828934966688e-01 8.279746835443033692e-01
3.058050570662791401e-01 8.858299999999980079e-01 5.882385863746607546e-01 8.237341772151893782e-01
3.079607651167892701e-01 8.857499999999971507e-01 5.938079583978742582e-01 8.245569620253156984e-01
3.000340175214525340e-01 8.877799999999971270e-01 5.935393846608786328e-01 8.239873417721519377e-01
2.900213589364214473e-01 8.917499999999959348e-01 5.889813478719565509e-01 8.265822784810122892e-01
2.932395694867734881e-01 8.897899999999965281e-01 6.046325557338747547e-01 8.272151898734174669e-01
2.991480633991162597e-01 8.868499999999969186e-01 6.058423597614973621e-01 8.224683544303789118e-01
2.997420336080025560e-01 8.855899999999969907e-01 6.099275210245521661e-01 8.210759493670884979e-01
2.892535377608988489e-01 8.891099999999959591e-01 6.062835010845255557e-01 8.234177215189872889e-01
2.834066451228379191e-01 8.920899999999961638e-01 6.050930276764937554e-01 8.241139240506324404e-01
3.123570137822252457e-01 8.811199999999985710e-01 6.263370199420094098e-01 8.157594936708858491e-01
2.874799978056229444e-01 8.910399999999962795e-01 6.090203903045716682e-01 8.239240506329112979e-01
2.927866195771035573e-01 8.869999999999974571e-01 6.286112545091907533e-01 8.196835443037971958e-01
2.871020739141696421e-01 8.886699999999978505e-01 6.317440922254985436e-01 8.180379746835441113e-01
2.920538176253343887e-01 8.885299999999971554e-01 6.152370744180627460e-01 8.204430379746832092e-01
2.824112473011989310e-01 8.915199999999970926e-01 6.193278742557727368e-01 8.226582278481010535e-01
2.804670337411468428e-01 8.938399999999960821e-01 6.197855197332394761e-01 8.228481012658224181e-01
2.795917942142105983e-01 8.926099999999962398e-01 6.257032548882102141e-01 8.224683544303796889e-01
3.018049572185291241e-01 8.850999999999973333e-01 6.518323102860320573e-01 8.146835443037974134e-01
2.875418598012084437e-01 8.882699999999968954e-01 6.362234178416008579e-01 8.153164556962021470e-01
2.779625455784123234e-01 8.928299999999963488e-01 6.397370827158335160e-01 8.199999999999998401e-01
2.821514665110758657e-01 8.910899999999968291e-01 6.493877502724565431e-01 8.202531645569616225e-01
2.728218671136541928e-01 8.951199999999950307e-01 6.502563536360059793e-01 8.187341772151895958e-01
2.783133440804647085e-01 8.912299999999978573e-01 6.449673032202518641e-01 8.180379746835438892e-01
2.881786012783363882e-01 8.905699999999979743e-01 6.825705057353547156e-01 8.198734177215185603e-01
2.858850542120375815e-01 8.899099999999978694e-01 6.560645659389182649e-01 8.203797468354429023e-01
2.780794758786160892e-01 8.929499999999959137e-01 6.656767772939156114e-01 8.193670886075949955e-01
2.718483349851257835e-01 8.955099999999965865e-01 6.668006884701150883e-01 8.203797468354432354e-01
2.780812308325609217e-01 8.938799999999971213e-01 6.688594862731336299e-01 8.191772151898730758e-01
2.724961535862173156e-01 8.941799999999973103e-01 6.577441321953125808e-01 8.203797468354432354e-01
2.639584358607171000e-01 8.985899999999958920e-01 6.629620080825148198e-01 8.179746835443040265e-01
2.681690626925390397e-01 8.956399999999964390e-01 6.740222834154230291e-01 8.171518987341771512e-01
2.757828237530083326e-01 8.944799999999960560e-01 6.956780623065426106e-01 8.168354430379745068e-01
2.847357489206684411e-01 8.891999999999974369e-01 6.761381476354085818e-01 8.139240506329108449e-01
2.702273617207406331e-01 8.960699999999960363e-01 6.921519474607720213e-01 8.143670886075948800e-01
2.758405914494705957e-01 8.944999999999960760e-01 7.073351576989891365e-01 8.154430379746834268e-01
2.764033951579472626e-01 8.914499999999981883e-01 6.963929169573026545e-01 8.131645569620249425e-01
2.615143216092570833e-01 8.988299999999960210e-01 6.883842337197129124e-01 8.208860759493670223e-01
2.590270132301710770e-01 8.993899999999954709e-01 6.806737567596933269e-01 8.217088607594933425e-01
2.903569077381529806e-01 8.881499999999975525e-01 7.256211391244201669e-01 8.118354430379743913e-01
2.661154776708611891e-01 8.976799999999955926e-01 7.177894563134720185e-01 8.152531645569620622e-01
2.590291454281181682e-01 8.986999999999962796e-01 6.961434363742987630e-01 8.186075949367086491e-01
2.569730097224413590e-01 9.007399999999959883e-01 7.130996651686551946e-01 8.177848101265817737e-01
2.700247557137051002e-01 8.952299999999970836e-01 7.213449256878142757e-01 8.109493670886075423e-01
2.615718210387587561e-01 8.976699999999969704e-01 7.140293874335651436e-01 8.167088607594936711e-01
2.620137122810514141e-01 8.991899999999952708e-01 7.265960683861484304e-01 8.191139240506326580e-01
2.758490125291783168e-01 8.908099999999964380e-01 7.306697576443258457e-01 8.135443037974678937e-01
2.507802330471964325e-01 9.019999999999950280e-01 7.152680555510834148e-01 8.187974683544300136e-01
2.626871664578930288e-01 8.953099999999974967e-01 7.447382139265915635e-01 8.137341772151894803e-01
2.621995699280322278e-01 8.976099999999961332e-01 7.458611984659477834e-01 8.132911392405060003e-01
2.598914904105540380e-01 8.975699999999956491e-01 7.220727882548391152e-01 8.158227848101268220e-01
2.449293371811022968e-01 9.052299999999945390e-01 7.310146775635374405e-01 8.193670886075947735e-01
2.741973702537031099e-01 8.934399999999965702e-01 7.430334030889457209e-01 8.143037974683539071e-01
2.677973213338775693e-01 8.965999999999960668e-01 7.590341823788734343e-01 8.165189873417717514e-01
