3.884652602570544122e+00 3.363000000000001405e-02 3.880696325901741517e+00 3.170886075949363309e-02
8.197155806489146990e-01 7.381100000000007100e-01 8.529762291449777267e-01 7.293670886075946935e-01
6.574949827254876755e-01 7.852199999999984747e-01 7.207941285579569923e-01 7.711392405063292044e-01
6.359806110759717024e-01 7.918499999999975003e-01 7.251891114371020741e-01 7.693670886075947291e-01
6.122584761626140848e-01 7.935399999999985798e-01 7.150731491422248620e-01 7.758860759493669823e-01
5.854114165864700015e-01 8.043399999999981675e-01 7.171725159547054362e-01 7.832278481012657778e-01
5.812341448632464269e-01 8.077799999999986102e-01 7.274129740133623567e-01 7.830379746835444132e-01
5.646197896097441271e-01 8.030899999999967509e-01 7.081887122930842215e-01 7.791139240506327335e-01
5.872616542268878082e-01 8.049699999999988531e-01 7.382331856958612715e-01 7.783544303797467201e-01
5.333712047661619549e-01 8.141499999999997073e-01 6.936730364993486386e-01 7.869620253164557599e-01
5.601730963493494198e-01 8.101300000000002388e-01 7.287046155866321318e-01 7.855063291139238180e-01
5.252519507184949532e-01 8.156899999999995821e-01 7.140091654749451955e-01 7.815189873417724975e-01
4.999500631276084794e-01 8.250799999999997025e-01 6.996965189396824325e-01 7.885443037974684266e-01
5.311708630238644036e-01 8.214199999999998170e-01 7.344282624411793137e-01 7.908860759493672177e-01
5.304724333089674282e-01 8.188799999999998303e-01 7.268730362604071127e-01 7.903164556962025689e-01
5.085048992807320589e-01 8.239100000000004753e-01 7.027842109805085835e-01 7.881012658227848355e-01
4.888660414865885762e-01 8.303100000000004366e-01 7.145902623456230618e-01 7.946202531645569778e-01
5.019425043775658235e-01 8.269000000000004125e-01 7.336817390426585428e-01 7.927215189873419998e-01
5.057507878339582152e-01 8.294300000000006667e-01 7.686696845261987709e-01 7.894303797468353867e-01
4.686859510352560654e-01 8.372800000000006904e-01 7.265736020775138693e-01 7.960126582278479468e-01
4.760208737332865536e-01 8.389100000000010438e-01 7.376671425983921671e-01 8.004430379746834134e-01
4.742354271753901340e-01 8.390800000000016023e-01 7.540566353225756080e-01 7.966455696202535686e-01
4.732661425395429111e-01 8.362300000000016942e-01 7.631807319917912613e-01 7.929746835443036712e-01
4.474930479101029701e-01 8.466600000000020776e-01 7.198616303982142695e-01 8.051265822784811066e-01
4.507382473669517831e-01 8.445600000000024199e-01 7.391785426477729404e-01 8.004430379746833024e-01
4.767032132581465742e-01 8.419600000000007078e-01 7.726076898244067515e-01 8.003164556962023557e-01
5.562055974676749504e-01 8.167899999999985727e-01 8.601366675720463206e-01 7.725316455696202844e-01
4.899369260577535190e-01 8.353400000000006376e-01 8.159765185716592040e-01 7.893037974683544400e-01
5.127039533544947014e-01 8.315800000000014292e-01 8.107565758062925676e-01 7.908860759493669956e-01
4.678204052569184257e-01 8.359000000000018638e-01 7.872411167744627347e-01 7.885443037974687597e-01
4.395748058082520338e-01 8.483900000000017538e-01 7.833573231161583550e-01 7.977215189873412271e-01
4.868606521097697537e-01 8.337300000000010813e-01 8.691819477106171865e-01 7.812025316455697421e-01
4.885448205811282474e-01 8.390000000000019664e-01 8.518090805215446926e-01 7.943037974683545555e-01
4.626568121843120385e-01 8.443500000000007111e-01 8.091604242399820235e-01 7.942405063291138045e-01
4.826059570972150992e-01 8.395900000000012797e-01 8.341091482829168235e-01 7.941139240506329688e-01
4.830892549605720898e-01 8.365600000000024128e-01 8.582293894589935190e-01 7.834810126582278933e-01
4.932840870080610896e-01 8.359000000000001984e-01 8.580028796887421150e-01 7.891139240506326313e-01
5.016452608623501730e-01 8.304800000000018834e-01 8.708032303653124861e-01 7.825949367088610442e-01
4.963948436010253706e-01 8.304700000000007076e-01 8.711530790068141572e-01 7.825949367088609332e-01
4.618271258403043311e-01 8.414800000000016711e-01 8.402533189783270018e-01 7.882278481012657823e-01
4.848323765061402502e-01 8.354600000000010906e-01 8.652380450610995810e-01 7.833544303797468356e-01
4.832979897169851213e-01 8.484700000000013898e-01 8.861039039619016400e-01 7.984177215189874888e-01
4.880360952322161938e-01 8.338400000000010248e-01 8.927129376855548193e-01 7.804430379746835067e-01
5.207395423152216818e-01 8.303099999999989933e-01 9.306325957810446248e-01 7.825316455696208484e-01
4.515756887609117531e-01 8.506100000000021977e-01 8.717412044146316541e-01 7.991139240506333064e-01
5.245239178582600248e-01 8.247299999999994080e-01 9.312929238121296915e-01 7.754430379746839463e-01
4.818538377105072712e-01 8.460100000000021492e-01 8.902602719286693000e-01 7.913291139240502536e-01
4.697711043060192049e-01 8.467900000000021521e-01 8.899168642109233085e-01 7.951265822784812087e-01
4.861373218900525428e-01 8.404400000000015192e-01 9.309501921848902795e-01 7.873417721518987111e-01
4.636870490415387347e-01 8.458500000000015451e-01 8.979909119948408236e-01 7.895569620253163334e-01
4.694882500102026124e-01 8.482000000000025075e-01 9.332497060548681223e-01 7.891139240506322983e-01
5.024139584034504891e-01 8.364600000000008695e-01 9.644799910184479463e-01 7.820886075949365912e-01
5.196260622904839144e-01 8.390300000000011638e-01 9.595462223605046859e-01 7.895569620253164445e-01
4.937137305004385968e-01 8.387300000000029732e-01 9.446010270962740263e-01 7.829113924050631335e-01
4.354498767904870782e-01 8.558200000000011354e-01 8.997299745352562717e-01 7.973417721518988310e-01
4.764410514556637333e-01 8.469600000000029327e-01 9.500187825694497157e-01 7.887341772151893471e-01
4.252357785725423556e-01 8.586300000000004484e-01 9.159055079288485057e-01 7.988607594936706358e-01
4.922255086429817017e-01 8.385300000000011078e-01 9.633097293147112605e-01 7.798101265822782180e-01
4.963231789645533021e-01 8.396500000000024500e-01 9.800004995120277229e-01 7.895569620253160004e-01
4.777691877542459831e-01 8.455500000000024663e-01 9.709136699706280016e-01 7.863924050632912222e-01
4.879788994737031538e-01 8.470000000000009743e-01 1.028805371548098702e+00 7.894303797468354977e-01
5.727700254742662533e-01 8.180899999999988736e-01 1.002198425673068272e+00 7.643037974683545288e-01
4.733322397981835628e-01 8.418700000000021166e-01 9.673870534730028004e-01 7.808860759493672088e-01
4.465797944485740967e-01 8.531700000000012052e-01 9.746927826135154405e-01 7.955696202531646888e-01
4.724982508873883935e-01 8.476000000000027956e-01 9.878455458235679831e-01 7.912025316455693069e-01
4.938073354621871358e-01 8.453400000000015346e-01 1.056187813841945156e+00 7.858860759493669912e-01
5.616547149936264027e-01 8.252499999999989289e-01 1.063830364838429299e+00 7.692405063291140044e-01
5.449309326688459576e-01 8.364600000000014246e-01 1.059959517540792318e+00 7.798734177215196350e-01
5.176973156794983932e-01 8.403500000000013737e-01 1.023739363899355936e+00 7.846835443037974978e-01
4.640804653913062072e-01 8.510200000000006648e-01 9.946434096514970014e-01 7.912025316455696400e-01
5.104587538114085943e-01 8.355600000000025229e-01 1.016444215486016933e+00 7.797468354430380222e-01
4.735382113429684181e-01 8.484400000000019704e-01 9.907399327928905208e-01 7.917721518987342888e-01
4.928295454631487771e-01 8.432000000000022810e-01 1.044654403556011024e+00 7.820253164556960623e-01
4.871396217430860598e-01 8.459600000000025988e-01 1.024961582570134810e+00 7.853164556962025644e-01
4.957956024909900838e-01 8.485100000000013187e-01 1.036272023574588586e+00 7.896202531645569733e-01
5.380050371116340546e-01 8.291300000000032533e-01 1.114030758221920214e+00 7.694936708860760088e-01
5.534071795636068547e-01 8.300200000000005351e-01 1.128117873469396182e+00 7.743670886075947335e-01
4.945375297328727937e-01 8.440700000000023184e-01 1.042676240571556390e+00 7.881012658227849466e-01
5.047613304868575623e-01 8.416600000000028503e-01 1.125436079862755179e+00 7.815189873417721644e-01
5.172051903155935326e-01 8.270500000000003959e-01 1.095386921886592591e+00 7.660759493670887821e-01
5.180765104018826284e-01 8.264300000000008861e-01 1.081379451027573158e+00 7.685443037974686309e-01
5.053202699817785915e-01 8.412100000000012345e-01 1.115137530423645273e+00 7.835443037974688663e-01
5.078351959706377539e-01 8.392900000000012017e-01 1.082137520463567038e+00 7.795569620253165466e-01
5.304448912107150305e-01 8.373100000000023302e-01 1.131524101056828435e+00 7.747468354430379067e-01
4.742396445709731179e-01 8.533100000000006791e-01 1.104215136135390019e+00 7.911392405063295552e-01
5.044641804227930626e-01 8.388500000000015389e-01 1.069866291352436827e+00 7.782278481012657734e-01
5.741260232311218292e-01 8.396500000000012287e-01 1.224334653203415835e+00 7.799367088607596088e-01
5.524980606384090054e-01 8.387700000000020140e-01 1.223324952785915354e+00 7.777848101265819603e-01
5.327807401975792612e-01 8.407500000000019957e-01 1.137909561457406182e+00 7.804430379746840618e-01
5.455737516929947128e-01 8.380400000000010063e-01 1.231474950069973318e+00 7.775949367088608177e-01
4.934001002481776532e-01 8.435800000000008847e-01 1.152595425008785757e+00 7.810126582278481555e-01
5.035135784836001216e-01 8.367300000000009730e-01 1.106631622109213176e+00 7.781012658227850487e-01
5.055611229807098761e-01 8.411900000000021027e-01 1.131406140173678132e+00 7.801898734177216133e-01
5.466022368929122077e-01 8.265499999999998959e-01 1.162787430677719946e+00 7.650632911392404312e-01
5.366988038485488444e-01 8.380900000000012229e-01 1.184478398847348624e+00 7.755063291139240311e-01
5.486723424818474859e-01 8.345400000000019469e-01 1.157544133974230283e+00 7.783544303797467201e-01
5.544306078776873870e-01 8.356500000000020023e-01 1.240475684296231007e+00 7.748734177215188534e-01
5.743653652715950964e-01 8.316700000000017967e-01 1.235213752666286746e+00 7.689240506329113600e-01
5.056042026194305095e-01 8.528500000000025505e-01 1.161865180561604483e+00 7.932278481012660087e-01
5.072744880283653890e-01 8.409700000000008835e-01 1.163289600228743170e+00 7.791772151898735954e-01
5.248795402053090253e-01 8.446100000000014152e-01 1.171064377313555172e+00 7.821518987341770091e-01
