3.874887809549318884e+00 1.518999999999981823e-02 3.874279338585600918e+00 1.531645569620251716e-02
3.830965513819310608e+00 2.700000000000001704e-02 3.830780737601140462e+00 2.550632911392401725e-02
3.797854169048768380e+00 3.522000000000003600e-02 3.798194865611813853e+00 3.481012658227846529e-02
3.759592117971905179e+00 4.436000000000001053e-02 3.760027497982346478e+00 4.291139240506324642e-02
3.707624956056327470e+00 5.878999999999998810e-02 3.707644659687852062e+00 5.759493670886071254e-02
3.636610471807902645e+00 7.916999999999979609e-02 3.635822603789923946e+00 8.012658227848097614e-02
3.540893929281668129e+00 1.095199999999997426e-01 3.538816896115724031e+00 1.096202531645568967e-01
3.414441467341879921e+00 1.514799999999997815e-01 3.410802939299024228e+00 1.518987341772152222e-01
3.252742782583142311e+00 1.948499999999995236e-01 3.248133276060198416e+00 1.967721518987342322e-01
3.057073621087074589e+00 2.405099999999997518e-01 3.052705452321200053e+00 2.448101265822784922e-01
2.837036054007698649e+00 2.902999999999998915e-01 2.832814186048353999e+00 2.915822784810126467e-01
2.613958957906536984e+00 3.403699999999998393e-01 2.610473858202042141e+00 3.373417721518987555e-01
2.408057406286448821e+00 3.904500000000004079e-01 2.405420577717589214e+00 3.877848101265822245e-01
2.228186436877610088e+00 4.283800000000004271e-01 2.225051303746734099e+00 4.283544303797466868e-01
2.076815634767098295e+00 4.588200000000004497e-01 2.074349855593010883e+00 4.574683544303798644e-01
1.954476852125482944e+00 4.858499999999998376e-01 1.951534453106498868e+00 4.837341772151892982e-01
1.856226935366778630e+00 5.056099999999998929e-01 1.853316282819927441e+00 5.015822784810128887e-01
1.776268095457838259e+00 5.248800000000002353e-01 1.774357978950135140e+00 5.220886075949364713e-01
1.710945080548861963e+00 5.388599999999990064e-01 1.708945026822875191e+00 5.362025316455695245e-01
1.656853165869511813e+00 5.501099999999994328e-01 1.654934534326225171e+00 5.491139240506329733e-01
1.609868329793789021e+00 5.618000000000001881e-01 1.607876840936486529e+00 5.612658227848100756e-01
1.571492594730024228e+00 5.712499999999987033e-01 1.569523715679770337e+00 5.686075949367086491e-01
1.536028453018358331e+00 5.792299999999991345e-01 1.534547003558115241e+00 5.770253164556962133e-01
1.505333324090011304e+00 5.875299999999994416e-01 1.504660023933982016e+00 5.836708860759491913e-01
1.476360162668473031e+00 5.951599999999996893e-01 1.476415415557110755e+00 5.916455696202532755e-01
1.452022272919180956e+00 6.015599999999990954e-01 1.451891940698194938e+00 5.972784810126581245e-01
1.429896484424008740e+00 6.056399999999998451e-01 1.431160687790896224e+00 5.986075949367084537e-01
1.407528907394682394e+00 6.121700000000004360e-01 1.408792417674603836e+00 6.059493670886074712e-01
1.387806067838732504e+00 6.173899999999992172e-01 1.389210687516398535e+00 6.106962025316455822e-01
1.370137309786164659e+00 6.214100000000002400e-01 1.371842142462972314e+00 6.143670886075950355e-01
1.352703140153294070e+00 6.255300000000003635e-01 1.355420242948464749e+00 6.189240506329111158e-01
1.337459670369556486e+00 6.288499999999999091e-01 1.340231957652124439e+00 6.228481012658227955e-01
1.321842593268643284e+00 6.326999999999989299e-01 1.325600514897494531e+00 6.255063291139241199e-01
1.307456724000341852e+00 6.361799999999997457e-01 1.311327074644535795e+00 6.318354430379746756e-01
1.294663285648424367e+00 6.400500000000005629e-01 1.298322332989737982e+00 6.346835443037969204e-01
1.281340792537571049e+00 6.430699999999992533e-01 1.286365894579080793e+00 6.348734177215191732e-01
1.267435149252797544e+00 6.470199999999995955e-01 1.272416459972140146e+00 6.404430379746834934e-01
1.255761179087272916e+00 6.486500000000005040e-01 1.260713759194926897e+00 6.415189873417724842e-01
1.243817981556668117e+00 6.518599999999991068e-01 1.249096869099266316e+00 6.468354430379745779e-01
1.232742541068696074e+00 6.549200000000005017e-01 1.239121014754341443e+00 6.484810126582281065e-01
1.221797563527242225e+00 6.578599999999996673e-01 1.227709829725552426e+00 6.518354430379750264e-01
1.211700552858180124e+00 6.591600000000005233e-01 1.217897322163831397e+00 6.520253164556962799e-01
1.201726394606611015e+00 6.614699999999993363e-01 1.207010502421015152e+00 6.565189873417719424e-01
1.191765590050717583e+00 6.638900000000005353e-01 1.198017009784396292e+00 6.575949367088611552e-01
1.181609595801905055e+00 6.672299999999996567e-01 1.188014866542475012e+00 6.618987341772151201e-01
1.174332177237664476e+00 6.688000000000000611e-01 1.181071917058095444e+00 6.620253164556968439e-01
1.163664326743187205e+00 6.715500000000009795e-01 1.170894884792893720e+00 6.660759493670885822e-01
1.155065535434810053e+00 6.737400000000015599e-01 1.162548028157427638e+00 6.675316455696203022e-01
1.145997327100187979e+00 6.754400000000015947e-01 1.153472550124820639e+00 6.693670886075947513e-01
1.137462963913293379e+00 6.773900000000004917e-01 1.145447267694926774e+00 6.715822784810128177e-01
1.128590645229650136e+00 6.793000000000013472e-01 1.136721438596558720e+00 6.727215189873420043e-01
1.121058989383424853e+00 6.812400000000019551e-01 1.129057114112101745e+00 6.750000000000003775e-01
1.113581059210346114e+00 6.827400000000011238e-01 1.121992905700332832e+00 6.772151898734176667e-01
1.104969688638050007e+00 6.852500000000009139e-01 1.113110889034996109e+00 6.805063291139240578e-01
1.097581365117729080e+00 6.865400000000011493e-01 1.106792878754641496e+00 6.803797468354435551e-01
1.090561779403884879e+00 6.884700000000014697e-01 1.098822060807029821e+00 6.831012658227849643e-01
1.084075076170542440e+00 6.891600000000008830e-01 1.092818734925379065e+00 6.816455696202532444e-01
1.076357888314968037e+00 6.923900000000018373e-01 1.085675659482958633e+00 6.856962025316455378e-01
1.069255337027332997e+00 6.937200000000014466e-01 1.079114463566210214e+00 6.874683544303800131e-01
1.062420268906103749e+00 6.949900000000027722e-01 1.071034073829128852e+00 6.896835443037978575e-01
1.055554567064106886e+00 6.966100000000013948e-01 1.065443834549185897e+00 6.908227848101269331e-01
1.049948353230251152e+00 6.978500000000013026e-01 1.059054917325150891e+00 6.936075949367086491e-01
1.042806762331567771e+00 6.998900000000005672e-01 1.052643678834304541e+00 6.944936708860759422e-01
1.035482562681189656e+00 7.017200000000018978e-01 1.045949993317168314e+00 6.946835443037980840e-01
1.030224279861780667e+00 7.024900000000017242e-01 1.039470767758474468e+00 6.977215189873421375e-01
1.023445027917926353e+00 7.049600000000014743e-01 1.033788498025831171e+00 6.983544303797469821e-01
1.017789497156883050e+00 7.057300000000010787e-01 1.028815424929838018e+00 7.002531645569619601e-01
1.012724821769708905e+00 7.079900000000010074e-01 1.023185157721582694e+00 7.030379746835440091e-01
1.006157699494742541e+00 7.093400000000017469e-01 1.017585343147510812e+00 7.030379746835446753e-01
9.998783610756781792e-01 7.109000000000013086e-01 1.011111588330050104e+00 7.060126582278478669e-01
9.947666333697948726e-01 7.119500000000017481e-01 1.006540671051215030e+00 7.051898734177214356e-01
9.891313943185494617e-01 7.139700000000024360e-01 1.000910109698271544e+00 7.085443037974683556e-01
9.842710647131214241e-01 7.149600000000010391e-01 9.970653521053517432e-01 7.096202531645572353e-01
9.790112393200852692e-01 7.160200000000007670e-01 9.916997071738150593e-01 7.106329113924053642e-01
9.726137378173965731e-01 7.178200000000007908e-01 9.852517107275021724e-01 7.106329113924050311e-01
9.689360739428514169e-01 7.182200000000023010e-01 9.817525875771677679e-01 7.112658227848100978e-01
9.638009021244949848e-01 7.205600000000011995e-01 9.754768310843452417e-01 7.147468354430379645e-01
9.582652949772639817e-01 7.217500000000008908e-01 9.716390511920744988e-01 7.135443037974685820e-01
9.535798880344432682e-01 7.225600000000009793e-01 9.664764194828554533e-01 7.152531645569621954e-01
9.489354522477283505e-01 7.230100000000019289e-01 9.626907320530529999e-01 7.151898734177216665e-01
9.448167567459682115e-01 7.249800000000018452e-01 9.583053859078217718e-01 7.174050632911391778e-01
9.409226905798504514e-01 7.256900000000012785e-01 9.549826880776269844e-01 7.167088607594939154e-01
9.349253750238990524e-01 7.268400000000005967e-01 9.493587623022636812e-01 7.194936708860759644e-01
9.326986123489769964e-01 7.270100000000010443e-01 9.475715786248712913e-01 7.186708860759496442e-01
9.263638429692586662e-01 7.300600000000002643e-01 9.417736440876728343e-01 7.207594936708856537e-01
9.216496466528879550e-01 7.313400000000008783e-01 9.364617694233952072e-01 7.232911392405064754e-01
9.191131266098482300e-01 7.317300000000008797e-01 9.342900199757100399e-01 7.218987341772150623e-01
9.142049538307893686e-01 7.329600000000019433e-01 9.298335874998315820e-01 7.227848101265823555e-01
9.094381725392184368e-01 7.341900000000015636e-01 9.247963768985791866e-01 7.248734177215191421e-01
9.052847370885022116e-01 7.365100000000007752e-01 9.208634965148072560e-01 7.268987341772150668e-01
9.009694880887494373e-01 7.365100000000008862e-01 9.168743108388328622e-01 7.279746835443037245e-01
8.976259928454473069e-01 7.367100000000011972e-01 9.141588236723161565e-01 7.286708860759494311e-01
8.937730857731425171e-01 7.383200000000014196e-01 9.102328210284121868e-01 7.298101265822782846e-01
8.899198196240721837e-01 7.396399999999998531e-01 9.066419546121298190e-01 7.303164556962025156e-01
8.864801281648732045e-01 7.401699999999999946e-01 9.034045686150342647e-01 7.308860759493670534e-01
8.827711652165843859e-01 7.414100000000007906e-01 9.002999066273700279e-01 7.322784810126580224e-01
8.799575116093791838e-01 7.411699999999999955e-01 8.975972709251613946e-01 7.331645569620256486e-01
8.760371776504465302e-01 7.424999999999998268e-01 8.939912218644855413e-01 7.343670886075946980e-01
8.728914487552245083e-01 7.432000000000003048e-01 8.907514924000174972e-01 7.353164556962031861e-01
8.689724993994389912e-01 7.448300000000004362e-01 8.861815821031812090e-01 7.362658227848098980e-01
8.665941588489487479e-01 7.457899999999999530e-01 8.844183183349001443e-01 7.360759493670888665e-01
