3.868502702657455217e+00 1.185999999999986718e-02 3.865592332475261017e+00 1.354430379746835757e-02
9.923814388847095325e-01 6.913200000000008227e-01 1.022227958560687489e+00 6.834810126582281375e-01
7.712328304407376489e-01 7.494100000000005757e-01 7.984894254333079200e-01 7.399999999999997691e-01
6.470547258476042618e-01 7.859399999999983066e-01 6.886508032609920393e-01 7.743037974683542046e-01
6.068422482282047614e-01 7.969999999999979323e-01 6.599108456284260571e-01 7.834810126582278933e-01
5.559971871254785203e-01 8.128399999999993408e-01 6.117821989257931081e-01 7.960759493670889198e-01
5.370930740423434102e-01 8.138399999999988976e-01 6.019025095731521668e-01 7.960759493670883646e-01
4.935425358853826050e-01 8.310000000000014042e-01 5.655261881283411007e-01 8.096835443037969648e-01
4.601042030834521790e-01 8.415700000000012615e-01 5.425122512702069688e-01 8.193037974683541336e-01
4.473162222389381881e-01 8.437300000000019784e-01 5.333813087510973494e-01 8.189873417721513782e-01
4.517095084589038412e-01 8.426900000000019375e-01 5.450632148272407385e-01 8.178481012658226357e-01
4.643263303976997158e-01 8.329100000000004833e-01 5.684801740297190653e-01 8.061392405063285693e-01
4.513467218304359485e-01 8.427700000000025726e-01 5.619397624607153086e-01 8.124683544303799021e-01
4.209713379701330305e-01 8.495300000000032270e-01 5.401221216113666346e-01 8.158227848101264890e-01
4.511188262671152471e-01 8.407800000000017482e-01 5.707254242007402389e-01 8.108860759493665693e-01
4.222418068470136787e-01 8.486200000000025945e-01 5.531128499529512910e-01 8.154430379746835378e-01
3.998310368261444037e-01 8.568000000000026706e-01 5.333068413847680267e-01 8.215189873417720889e-01
3.935739341334044683e-01 8.590300000000012925e-01 5.374314879153814228e-01 8.262658227848098669e-01
3.948065407665736770e-01 8.580200000000004490e-01 5.489694857073343925e-01 8.189240506329110714e-01
3.919183845197578009e-01 8.569100000000019479e-01 5.407377549518903592e-01 8.230379746835441157e-01
3.951567412150296388e-01 8.575300000000017908e-01 5.609682813196139595e-01 8.192405063291136047e-01
3.956293775787039779e-01 8.576900000000003965e-01 5.662206908709844777e-01 8.160126582278477425e-01
3.909902566159841331e-01 8.567700000000012528e-01 5.671682159998396866e-01 8.134810126582276979e-01
3.752476088296996526e-01 8.620799999999996244e-01 5.499723145147324965e-01 8.240506329113918005e-01
3.522868828394471463e-01 8.710899999999996979e-01 5.356732783492414995e-01 8.308860759493669201e-01
3.566655620287441097e-01 8.697599999999999776e-01 5.339733703910837237e-01 8.252531645569617380e-01
3.621623989388896292e-01 8.682800000000002738e-01 5.503427805446031718e-01 8.248734177215186758e-01
3.364823417974800446e-01 8.766799999999991266e-01 5.290884286809021120e-01 8.311392405063287026e-01
3.302895257342620128e-01 8.790399999999986003e-01 5.301727225089788442e-01 8.322151898734175823e-01
3.427110452980653976e-01 8.727899999999998437e-01 5.489356361221063851e-01 8.256329113924050223e-01
3.444964189983115710e-01 8.710200000000001275e-01 5.575618204273543599e-01 8.252531645569614049e-01
3.240312591906968631e-01 8.797499999999994769e-01 5.344988633308458414e-01 8.301898734177212136e-01
3.329013475855623350e-01 8.747800000000005571e-01 5.438784676119421402e-01 8.260126582278480845e-01
3.262085371699169900e-01 8.737999999999991330e-01 5.444567222863490041e-01 8.233544303797466490e-01
3.346905035218360469e-01 8.756299999999995753e-01 5.623891387485525639e-01 8.222784810126585464e-01
3.251311733062172693e-01 8.772999999999996357e-01 5.652600958084257332e-01 8.210759493670881648e-01
3.221621381178540466e-01 8.798899999999981736e-01 5.559094655429009935e-01 8.249367088607592047e-01
3.336449504015472356e-01 8.753199999999988767e-01 5.827804285587661060e-01 8.193037974683540225e-01
3.206544999222359360e-01 8.788699999999992629e-01 5.773060433767436272e-01 8.227215189873416934e-01
3.280235047997739350e-01 8.776399999999980883e-01 5.757104535441227577e-01 8.211392405063285826e-01
3.033801909697640409e-01 8.828399999999984038e-01 5.616423724966359554e-01 8.251898734177213202e-01
3.030018593586840114e-01 8.840599999999984027e-01 5.696423203794444001e-01 8.258227848101263868e-01
3.019256972217108093e-01 8.839999999999978986e-01 5.712653268191532074e-01 8.238607594936707690e-01
2.984061208843613033e-01 8.869999999999971241e-01 5.660628989569287395e-01 8.275949367088608621e-01
3.025759288099120758e-01 8.853499999999984160e-01 5.847918529025699641e-01 8.225316455696197737e-01
2.990223902798275768e-01 8.852599999999977154e-01 5.811537077653714523e-01 8.249999999999996225e-01
2.872041605431149280e-01 8.906799999999965856e-01 5.764899164342108806e-01 8.294303797468355333e-01
2.890256698728035922e-01 8.875799999999971490e-01 5.739931626090629679e-01 8.258860759493665826e-01
2.881225563249666388e-01 8.908899999999967401e-01 5.801655298883254819e-01 8.263924050632912577e-01
3.073260363898102643e-01 8.829999999999985638e-01 6.005147344528122266e-01 8.224683544303798000e-01
2.885421570347820874e-01 8.883199999999964458e-01 5.880484955183136186e-01 8.251898734177213202e-01
2.910991949637870002e-01 8.890299999999974334e-01 6.170520733145229419e-01 8.213924050632908092e-01
2.882090958275351222e-01 8.882099999999960582e-01 5.941001817904690840e-01 8.220253164556962089e-01
2.915972854436557626e-01 8.882999999999967589e-01 6.243448001957108140e-01 8.235443037974682357e-01
2.975667771347708657e-01 8.854699999999976479e-01 6.219067956952591958e-01 8.182278481012652538e-01
3.069993282955582603e-01 8.826899999999974211e-01 6.201102277077654712e-01 8.172784810126579869e-01
2.872704378571386274e-01 8.887299999999960232e-01 6.175705254217108697e-01 8.229113924050629469e-01
2.754523321010940440e-01 8.925799999999963763e-01 6.236815884037930635e-01 8.222784810126579913e-01
2.886349412149262772e-01 8.889199999999961577e-01 6.212771151894455057e-01 8.249367088607596488e-01
2.843141858633949637e-01 8.888499999999978085e-01 6.317234101909245947e-01 8.212025316455697777e-01
2.990739780233898637e-01 8.835999999999973875e-01 6.466324774517685503e-01 8.129746835443033559e-01
2.928620493654413015e-01 8.858399999999969632e-01 6.587693422053904069e-01 8.218987341772151511e-01
2.816963927194138795e-01 8.908999999999965835e-01 6.431345593766549795e-01 8.172151898734175690e-01
2.927553120808366049e-01 8.834799999999971565e-01 6.528686304533249940e-01 8.133544303797467512e-01
2.781217967042812211e-01 8.891899999999970383e-01 6.376014264817719823e-01 8.170886075949365113e-01
2.731639274119057603e-01 8.943299999999970717e-01 6.479786057583660774e-01 8.227215189873414714e-01
2.950785456342385205e-01 8.851299999999973078e-01 6.672618994914336632e-01 8.132278481012656934e-01
2.780579087302331165e-01 8.923799999999965094e-01 6.683352398299109431e-01 8.196202531645565559e-01
2.934034018026231427e-01 8.874199999999957678e-01 6.685931787645215119e-01 8.148734177215182228e-01
2.728471544793435455e-01 8.941999999999964421e-01 6.570967102482376809e-01 8.213291139240503913e-01
2.909581020004839425e-01 8.872199999999981213e-01 6.765521272442368561e-01 8.196835443037976399e-01
2.729361430859461590e-01 8.920399999999963914e-01 6.711252898657645849e-01 8.115822784810126089e-01
2.813919877106955125e-01 8.909299999999964470e-01 6.613259979894247076e-01 8.148101265822783601e-01
2.673017035151361576e-01 8.960999999999954557e-01 6.502538804365872727e-01 8.206329113924044627e-01
2.716834037977595151e-01 8.944999999999967422e-01 6.849961362078177407e-01 8.202531645569621777e-01
2.773472328241841645e-01 8.903699999999976633e-01 6.861951289324756953e-01 8.149367088607597509e-01
2.614615401046634924e-01 8.970499999999954621e-01 6.615967234954683862e-01 8.162025316455694401e-01
2.880636057410833617e-01 8.879099999999975346e-01 7.035118486011601169e-01 8.125316455696196538e-01
2.625083605539694220e-01 8.978599999999971049e-01 6.863509433816255001e-01 8.208227848101263824e-01
2.672741961684167444e-01 8.947399999999963160e-01 6.777908894053492617e-01 8.175316455696203244e-01
2.537635656941424900e-01 9.005699999999948746e-01 6.769381338658805314e-01 8.186075949367086491e-01
2.788588825128958115e-01 8.915599999999964664e-01 7.095945668019095764e-01 8.147468354430379422e-01
3.052283045488223268e-01 8.829499999999971260e-01 7.376701378701756573e-01 8.086708860759497242e-01
2.622689670471217704e-01 8.981999999999966677e-01 7.088861552605325578e-01 8.184810126582275913e-01
2.659744159465503577e-01 8.954599999999961479e-01 6.967214220119719581e-01 8.136075949367087556e-01
2.516671466822281711e-01 9.018599999999956651e-01 6.851256605501772068e-01 8.233544303797466490e-01
2.821004246772523261e-01 8.894599999999963647e-01 7.146733504264410897e-01 8.113291139240500494e-01
2.580820573952407604e-01 8.987399999999960976e-01 6.880481739406708597e-01 8.180379746835443333e-01
2.731303326801408637e-01 8.925199999999968714e-01 7.460976533297054569e-01 8.120253164556958669e-01
2.595108897730561970e-01 8.940099999999965297e-01 7.160796832529769951e-01 8.134177215189868360e-01
2.703738362638559711e-01 8.931399999999968253e-01 7.181844309014768779e-01 8.137974683544304533e-01
2.552671091741052778e-01 8.975099999999970324e-01 7.271711355082455253e-01 8.133544303797467512e-01
2.779910216781112386e-01 8.896499999999972763e-01 7.379701471664956713e-01 8.074050632911389247e-01
2.694884087238455517e-01 8.946999999999957209e-01 7.330070391850241895e-01 8.122151898734172315e-01
2.683833961753592234e-01 8.936499999999956145e-01 7.418802646229989417e-01 8.124683544303799021e-01
2.362040837797834136e-01 9.053799999999959658e-01 7.002215321793900937e-01 8.181012658227849732e-01
2.556959366158014224e-01 9.003899999999959158e-01 7.450485228256660264e-01 8.152531645569621732e-01
2.669844123236714273e-01 8.953799999999970671e-01 7.319498300624528442e-01 8.157594936708858491e-01
2.584009996048219349e-01 8.976799999999969248e-01 7.131377997426063819e-01 8.111392405063291289e-01
2.845806507254614037e-01 8.849899999999969458e-01 7.908314775924955020e-01 8.017721518987339646e-01
2.624086780122598106e-01 8.953199999999953418e-01 7.383908583833408423e-01 8.125316455696205420e-01
