3.869232272125368688e+00 1.923999999999991689e-02 3.869927241692362241e+00 2.012658227848099224e-02
3.860952464818085517e+00 2.036999999999993677e-02 3.861511940469257720e+00 2.082278481012654614e-02
3.853447402190857574e+00 2.162999999999992706e-02 3.853877948226746675e+00 2.189873417721514837e-02
3.846530280392984835e+00 2.289999999999997246e-02 3.846859437654352565e+00 2.348101265822781850e-02
3.840046081054623084e+00 2.449999999999999747e-02 3.840312942290249776e+00 2.474683544303794142e-02
3.833896247295771165e+00 2.626999999999997046e-02 3.834123861593388582e+00 2.601265822784805740e-02
3.827994880765659858e+00 2.817999999999996896e-02 3.828194618077465972e+00 2.791139240506326433e-02
3.822267055314529927e+00 3.030000000000003524e-02 3.822462835708003492e+00 3.025316455696199294e-02
3.816660170853245493e+00 3.265000000000005398e-02 3.816868465518049369e+00 3.234177215189869281e-02
3.811124786334473047e+00 3.509000000000002395e-02 3.811355064512642610e+00 3.462025316455691337e-02
3.805608429123670255e+00 3.785000000000002252e-02 3.805877765035500016e+00 3.734177215189869725e-02
3.800079150558936192e+00 4.086000000000000049e-02 3.800403165304755415e+00 4.075949367088603503e-02
3.794516418825285342e+00 4.433999999999996278e-02 3.794910126109186876e+00 4.455696202531638644e-02
3.788899972446296616e+00 4.776999999999995139e-02 3.789361949073437152e+00 4.746835443037969449e-02
3.783198963046115360e+00 5.103999999999994652e-02 3.783736814563023465e+00 5.063291139240503475e-02
3.777380187890811758e+00 5.446999999999999759e-02 3.777999488863450939e+00 5.424050632911386893e-02
3.771432090903620526e+00 5.852000000000000951e-02 3.772117132886204427e+00 5.886075949367084587e-02
3.765320545851099432e+00 6.278000000000000247e-02 3.766060674939499808e+00 6.360759493670882503e-02
3.759020791742354373e+00 6.691000000000001113e-02 3.759818986843420419e+00 6.772151898734175834e-02
3.752514854131472344e+00 7.156000000000005412e-02 3.753372346129070891e+00 7.329113924050628670e-02
3.745787336859878636e+00 7.604999999999985383e-02 3.746702672911457199e+00 7.797468354430371618e-02
3.738813254116684082e+00 8.077999999999987968e-02 3.739787036077988347e+00 8.316455696202534886e-02
3.731573600925849998e+00 8.493999999999997386e-02 3.732616992351294627e+00 8.841772151898734389e-02
3.724053963170479875e+00 8.947999999999978193e-02 3.725175410071941862e+00 9.227848101265824499e-02
3.716236069072560433e+00 9.433999999999995167e-02 3.717438725324716753e+00 9.626582278481009280e-02
3.708102102804619715e+00 9.877999999999977077e-02 3.709393615010933676e+00 1.008227848101265478e-01
3.699628287759805900e+00 1.031799999999998274e-01 3.700998788303647924e+00 1.051898734177214301e-01
3.690797966348782655e+00 1.084399999999998560e-01 3.692235594575254964e+00 1.100632911392405294e-01
3.681583585610315623e+00 1.131599999999996220e-01 3.683080624470731035e+00 1.149367088607594484e-01
3.671974701119072648e+00 1.179799999999999877e-01 3.673527865713952067e+00 1.177848101265822067e-01
3.661955448739214969e+00 1.228300000000001335e-01 3.663573564399974281e+00 1.213924050632911589e-01
3.651518088213104640e+00 1.270300000000000873e-01 3.653206398747292472e+00 1.261392405063291033e-01
3.640647342830684252e+00 1.317199999999999482e-01 3.642415143772218311e+00 1.311392405063291078e-01
3.629343551554844449e+00 1.363500000000002210e-01 3.631166810940939627e+00 1.366455696202532322e-01
3.617584662067561130e+00 1.408300000000002050e-01 3.619459863631581342e+00 1.398101265822784822e-01
3.605350533838918903e+00 1.451999999999998847e-01 3.607277607035483502e+00 1.447468354430380411e-01
3.592618519785157893e+00 1.497499999999998277e-01 3.594585243656900797e+00 1.492405063291139256e-01
3.579370562857420168e+00 1.540399999999998992e-01 3.581385216171076191e+00 1.537341772151898933e-01
3.565602240106039211e+00 1.586299999999999100e-01 3.567670377118580038e+00 1.579746835443039121e-01
3.551293383261110215e+00 1.630699999999997707e-01 3.553421925074279120e+00 1.612658227848102477e-01
3.536424409350083842e+00 1.676399999999997337e-01 3.538621129449853964e+00 1.653164556962026521e-01
3.520975855406737853e+00 1.716299999999995052e-01 3.523228766841485893e+00 1.697468354430381465e-01
3.504923044665636311e+00 1.760599999999994669e-01 3.507212313301506068e+00 1.747468354430380122e-01
3.488254915860946159e+00 1.804699999999996862e-01 3.490579151077914943e+00 1.781645569620254055e-01
3.470952528640687262e+00 1.851299999999995172e-01 3.473303340033094155e+00 1.820886075949367522e-01
3.453006497091373639e+00 1.898699999999991783e-01 3.455393655390838870e+00 1.867721518987343621e-01
3.434418701825184606e+00 1.950099999999996836e-01 3.436828874044384197e+00 1.912025316455696899e-01
3.415185048135786605e+00 2.000899999999997680e-01 3.417597512207437127e+00 1.948101265822785311e-01
3.395307413032466304e+00 2.043899999999994610e-01 3.397718535281670782e+00 2.004430379746836299e-01
3.374790934733991499e+00 2.092499999999997695e-01 3.377169819199276279e+00 2.044303797468354778e-01
3.353616590760609917e+00 2.144199999999995276e-01 3.355953063322403285e+00 2.089873417721518634e-01
3.331795708129222877e+00 2.196599999999993835e-01 3.334079923608305407e+00 2.139873417721520898e-01
3.309339527148711380e+00 2.256999999999993456e-01 3.311559246163250148e+00 2.204430379746836199e-01
3.286253902410054550e+00 2.319199999999998485e-01 3.288408875505268281e+00 2.262025316455696378e-01
3.262554263999283055e+00 2.383400000000000796e-01 3.264609890432375483e+00 2.328481012658228377e-01
3.238254430853555021e+00 2.446400000000000796e-01 3.240215488567505631e+00 2.389240506329113889e-01
3.213376940679539384e+00 2.512600000000002054e-01 3.215218344717218901e+00 2.443670886075949844e-01
3.187951804236542230e+00 2.580900000000000971e-01 3.189653655698529100e+00 2.511392405063291311e-01
3.162001121895641198e+00 2.648200000000003329e-01 3.163554129845696838e+00 2.584810126582280376e-01
3.135551191967847817e+00 2.725000000000001310e-01 3.136919631225146610e+00 2.647468354430381199e-01
3.108633606233476954e+00 2.798799999999999621e-01 3.109817637915308630e+00 2.716455696202533243e-01
3.081249106835834528e+00 2.874200000000003974e-01 3.082246086172477195e+00 2.781012658227846601e-01
3.053434484604540256e+00 2.949300000000008581e-01 3.054232213988061329e+00 2.868987341772153421e-01
3.025224696059540364e+00 3.016900000000005688e-01 3.025809197437780096e+00 2.956962025316454690e-01
2.996645605541349955e+00 3.090399999999999259e-01 2.996981646717851167e+00 3.024683544303798932e-01
2.967718607890768467e+00 3.165400000000002101e-01 2.967806246713542873e+00 3.103797468354430600e-01
2.938483298787843090e+00 3.239699999999999247e-01 2.938328674507260985e+00 3.181645569620252245e-01
2.908983877470142865e+00 3.307400000000000895e-01 2.908568404459337398e+00 3.263291139240506178e-01
2.879254939057208418e+00 3.383100000000003327e-01 2.878617786366306497e+00 3.337974683544303600e-01
2.849349088471854419e+00 3.449300000000005140e-01 2.848481370596846141e+00 3.417721518987342777e-01
2.819317114185043494e+00 3.520899999999997920e-01 2.818186466039245275e+00 3.509493670886074668e-01
2.789195926153784644e+00 3.596799999999995001e-01 2.787798270754437091e+00 3.586708860759493800e-01
2.759042011178686415e+00 3.660600000000003296e-01 2.757431045084950405e+00 3.638607594936710266e-01
2.728915156862868674e+00 3.723599999999994137e-01 2.727098601172467607e+00 3.704430379746835311e-01
2.698843161184234063e+00 3.785900000000001486e-01 2.696713413032467699e+00 3.775949367088605180e-01
2.668898221690971351e+00 3.841800000000000770e-01 2.666528371406378994e+00 3.836708860759493467e-01
2.639132599321686978e+00 3.902500000000000968e-01 2.636489429001132034e+00 3.896835443037973690e-01
2.609585318655887942e+00 3.956700000000006878e-01 2.606632684393508370e+00 3.945569620253165377e-01
2.580280665486923919e+00 4.006200000000000316e-01 2.577042041786762105e+00 4.010126582278482621e-01
2.551271295749981238e+00 4.055199999999999916e-01 2.547836311340276882e+00 4.063291139240507444e-01
2.522605722391600747e+00 4.108100000000000640e-01 2.518947110780521914e+00 4.111392405063291622e-01
2.494288673667701239e+00 4.154199999999997339e-01 2.490294725722819180e+00 4.163291139240504757e-01
2.466395561818629734e+00 4.200999999999998624e-01 2.462093964332884077e+00 4.203797468354430467e-01
2.438903845393464831e+00 4.244000000000002215e-01 2.434426150477498663e+00 4.241139240506328623e-01
2.411851446711006375e+00 4.295699999999999519e-01 2.407090177247203311e+00 4.298734177215188246e-01
2.385284701410571362e+00 4.336699999999999999e-01 2.380291487722960397e+00 4.337974683544303378e-01
2.359209402936990330e+00 4.383000000000001339e-01 2.353970631394254109e+00 4.380379746835442734e-01
2.333651957884450123e+00 4.421800000000005171e-01 2.328275164058116964e+00 4.413924050632909157e-01
2.308608722563052496e+00 4.460200000000006937e-01 2.302934069919748694e+00 4.467088607594935645e-01
2.284115960792327815e+00 4.500100000000007427e-01 2.278299747832128297e+00 4.510759493670886688e-01
2.260182692205019883e+00 4.535700000000009169e-01 2.254226045997508976e+00 4.555696202531649419e-01
2.236806739167084501e+00 4.571600000000001773e-01 2.230597395960217444e+00 4.586708860759495243e-01
2.213997343847023735e+00 4.606200000000003070e-01 2.207624552441188825e+00 4.628481012658229310e-01
2.191756423345534444e+00 4.642500000000001625e-01 2.185205478356601283e+00 4.663291139240505756e-01
2.170094792463247657e+00 4.674400000000003552e-01 2.163446710375296345e+00 4.689240506329114822e-01
2.149003113455343339e+00 4.714300000000007929e-01 2.142151303431516496e+00 4.727848101265825775e-01
2.128477132312710740e+00 4.739100000000004420e-01 2.121492169123753158e+00 4.751898734177216199e-01
2.108542714932265305e+00 4.770800000000003926e-01 2.101449246335259868e+00 4.786708860759495976e-01
2.089115986376945067e+00 4.800500000000002543e-01 2.081779090971820345e+00 4.815189873417721200e-01
2.070269697211628568e+00 4.827099999999997504e-01 2.062852670028165747e+00 4.844936708860760888e-01
2.051965471820702547e+00 4.859100000000002306e-01 2.044425666575948597e+00 4.865189873417720134e-01
