3.850576649171383981e+00 2.484999999999997974e-02 3.849737260758251622e+00 2.835443037974679989e-02
8.609473382591034119e-01 7.310300000000015119e-01 8.807771515664661877e-01 7.242405063291137424e-01
6.439258137601100440e-01 7.870299999999972318e-01 6.721125985502953704e-01 7.768987341772153332e-01
5.573811390842305924e-01 8.134799999999992037e-01 6.025443364182282435e-01 7.988607594936711909e-01
4.972589648575398424e-01 8.309400000000013442e-01 5.593728101964459132e-01 8.114556962025315512e-01
4.614534929772091121e-01 8.416500000000006754e-01 5.294116021344361656e-01 8.239240506329110758e-01
4.426140381099598620e-01 8.463600000000017776e-01 5.220772903354025107e-01 8.239873417721514937e-01
4.191033893536172394e-01 8.522200000000016429e-01 5.125896529630237231e-01 8.262658227848098669e-01
3.882098157429622609e-01 8.632000000000022988e-01 4.928211046620210034e-01 8.344936708860757335e-01
3.802766980925519902e-01 8.651000000000010903e-01 4.982863957040671310e-01 8.299367088607596532e-01
3.491294321236792508e-01 8.738899999999982793e-01 4.831633925320897305e-01 8.403164556962018361e-01
3.346519751453605473e-01 8.776499999999997081e-01 4.794593312579243927e-01 8.391772151898732046e-01
3.361985131930790294e-01 8.781199999999992345e-01 4.893908930491294718e-01 8.361392405063288180e-01
3.048138787401302729e-01 8.862599999999979383e-01 4.655022237689697695e-01 8.462025316455690227e-01
3.081827715397427170e-01 8.847399999999974174e-01 4.855884473663654166e-01 8.392405063291138445e-01
2.943455736873029083e-01 8.902599999999976088e-01 4.874738191007332300e-01 8.415822784810125246e-01
2.869425631345444150e-01 8.926099999999964618e-01 4.789120406883153325e-01 8.437341772151898400e-01
2.769972421375516691e-01 8.952399999999960389e-01 4.849137598969191498e-01 8.434177215189870847e-01
2.652888732093628410e-01 8.975299999999954981e-01 4.989446691681702628e-01 8.412025316455697954e-01
2.556850379438626031e-01 9.019199999999951700e-01 4.908953137373104347e-01 8.434177215189865295e-01
2.538857148455743173e-01 9.018599999999948880e-01 5.069903672236290015e-01 8.417721518987342222e-01
2.505679377775968941e-01 8.989499999999959190e-01 5.083100698901921177e-01 8.353797468354429157e-01
2.420377583337982585e-01 9.040999999999961290e-01 5.165173323133512850e-01 8.410759493670887377e-01
2.359422413867592327e-01 9.073899999999950339e-01 5.135533445330918711e-01 8.425949367088610975e-01
2.233879367179164577e-01 9.118099999999960126e-01 5.187986410578206975e-01 8.421518987341773954e-01
2.301864939877688587e-01 9.100099999999965439e-01 5.470742734450302347e-01 8.396202531645563516e-01
2.308782835521772936e-01 9.083999999999959885e-01 5.408547540117091268e-01 8.392405063291137335e-01
2.190218456998365426e-01 9.133099999999957364e-01 5.460503596524969305e-01 8.410759493670882936e-01
2.116718903398734364e-01 9.157299999999956031e-01 5.527613862769837905e-01 8.397468354430375204e-01
2.216025229530937113e-01 9.115999999999965242e-01 5.608759522022710442e-01 8.363291139240507377e-01
2.028381881557047850e-01 9.193499999999973360e-01 5.738148981122981329e-01 8.398734177215185781e-01
2.106619787319584658e-01 9.162999999999973388e-01 5.766671618884151584e-01 8.367721518987342177e-01
2.026227002908139729e-01 9.171499999999981334e-01 5.840780286503228780e-01 8.383544303797465513e-01
2.015972467619386310e-01 9.175599999999977108e-01 6.081014725088673689e-01 8.392405063291137335e-01
1.856494277115799119e-01 9.248499999999999499e-01 5.967804318718408219e-01 8.411392405063288225e-01
2.183143105721619681e-01 9.118199999999960781e-01 6.348867736406856865e-01 8.303164556962023823e-01
1.845219914330414324e-01 9.256599999999989281e-01 6.051901645684010234e-01 8.387974683544302534e-01
1.858571644807190393e-01 9.238899999999993229e-01 6.253895621009152306e-01 8.334177215189871868e-01
2.048227447562868120e-01 9.175899999999971302e-01 6.679521531011334279e-01 8.331645569620251823e-01
1.847076956021210803e-01 9.244699999999977935e-01 6.643414909729202789e-01 8.352531645569619689e-01
1.755173511506990247e-01 9.248999999999985011e-01 6.554450264038972351e-01 8.358227848101269508e-01
1.787145561023044948e-01 9.266799999999998372e-01 6.734627381171521820e-01 8.327215189873417023e-01
1.839428131406362354e-01 9.246099999999984886e-01 6.965633517967639854e-01 8.330379746835446797e-01
1.900448547172350344e-01 9.226599999999970381e-01 7.134607526383357490e-01 8.282911392405063467e-01
1.716496791144334899e-01 9.305900000000001393e-01 7.071583638977886332e-01 8.365189873417726574e-01
1.796316902214447619e-01 9.253999999999976689e-01 7.058844878088783581e-01 8.322151898734175823e-01
1.713052364134055594e-01 9.313100000000011924e-01 7.061271503234430869e-01 8.354430379746832225e-01
1.803331926671081775e-01 9.247199999999986542e-01 7.536088203724579104e-01 8.304430379746834401e-01
1.719841328393947044e-01 9.285100000000000575e-01 7.282983768437988337e-01 8.308227848101266133e-01
1.617682259852478432e-01 9.340500000000030445e-01 7.210507527196836630e-01 8.338607594936711109e-01
1.647991681106167339e-01 9.328000000000034042e-01 7.264118711152741659e-01 8.344303797468350936e-01
1.717099145643560532e-01 9.302400000000001778e-01 7.468295561092733736e-01 8.288607594936708844e-01
1.701403918776834279e-01 9.312999999999989065e-01 7.799401905152512082e-01 8.299999999999997380e-01
1.638059614140358056e-01 9.301499999999998103e-01 7.595991643058472853e-01 8.314556962025316800e-01
1.685991956528178348e-01 9.309199999999995256e-01 7.962824130059745764e-01 8.326582278481012844e-01
1.525168949600555490e-01 9.382000000000044748e-01 7.811502225411798284e-01 8.311392405063290356e-01
1.728418070285085151e-01 9.303899999999994952e-01 8.177606011712247325e-01 8.270886075949364091e-01
1.710451545478808288e-01 9.298699999999991972e-01 8.001181206762139064e-01 8.261392405063289202e-01
1.665228926475200155e-01 9.337600000000010336e-01 8.121932897100443416e-01 8.300000000000000711e-01
1.482221587519216566e-01 9.381500000000052575e-01 8.010460002142598679e-01 8.327848101265825642e-01
1.797240496721264347e-01 9.265399999999981429e-01 8.305592435431765619e-01 8.270886075949364091e-01
1.507089030645804018e-01 9.379900000000036542e-01 8.166032629488813033e-01 8.322151898734174713e-01
1.735925928765886528e-01 9.316800000000009518e-01 8.643463575598261395e-01 8.270253164556959913e-01
1.541741950281322049e-01 9.381400000000049699e-01 8.430466243224442602e-01 8.268354430379744047e-01
1.546122395048798170e-01 9.376500000000052015e-01 8.414146253433770761e-01 8.241139240506331065e-01
1.669862975110512626e-01 9.331900000000026285e-01 8.805886291756596096e-01 8.281645569620250669e-01
1.614450998790320224e-01 9.354300000000033144e-01 8.998683481870224377e-01 8.300632911392394897e-01
1.565035802360641159e-01 9.372700000000030451e-01 8.867596298496567275e-01 8.262658227848099779e-01
1.483660738093152687e-01 9.404300000000057613e-01 8.863073750882999313e-01 8.253797468354430178e-01
1.512698616657471573e-01 9.396600000000046027e-01 8.921297673432386777e-01 8.308227848101265023e-01
1.499224338823594849e-01 9.385100000000045073e-01 9.202561599847713936e-01 8.282278481012659288e-01
1.489040783410117141e-01 9.403500000000046821e-01 9.023802403586599352e-01 8.294303797468352002e-01
1.507499570888593821e-01 9.375700000000042333e-01 9.203381987390649721e-01 8.258227848101268309e-01
1.823939154867172396e-01 9.298199999999997578e-01 9.686108542950594424e-01 8.242405063291134981e-01
1.542650088846821144e-01 9.369700000000027451e-01 9.585203527664415413e-01 8.246835443037966451e-01
1.606631359757519084e-01 9.365100000000020630e-01 9.561701467924207387e-01 8.232911392405060091e-01
1.558806910323224104e-01 9.378300000000038272e-01 9.136618013186088572e-01 8.271518987341771600e-01
1.698600633904104595e-01 9.297800000000002729e-01 9.657786540744106585e-01 8.207594936708857425e-01
1.635883153978680282e-01 9.353500000000023462e-01 9.591362032442833918e-01 8.228481012658224181e-01
1.538372466773484659e-01 9.379600000000031246e-01 9.397378396145581458e-01 8.269620253164556845e-01
1.469553831412870326e-01 9.417800000000052796e-01 9.742159626695424679e-01 8.244936708860761687e-01
1.666610338527259594e-01 9.364400000000033808e-01 1.033788349274274099e+00 8.210759493670883868e-01
1.333094787366031209e-01 9.467600000000082616e-01 9.551319108679678926e-01 8.267088607594931249e-01
1.337073065584998277e-01 9.437000000000069777e-01 9.701686752291401872e-01 8.247468354430381732e-01
1.380408590354678389e-01 9.441400000000059745e-01 1.013468105198547686e+00 8.257594936708858580e-01
1.538416023827452461e-01 9.392600000000036475e-01 1.022536815126935617e+00 8.241139240506325514e-01
1.741548887459757333e-01 9.343500000000019012e-01 1.069447735906664310e+00 8.201265822784805648e-01
1.563663765351051838e-01 9.396100000000040531e-01 1.032898514916483546e+00 8.224050632911388270e-01
1.194497746024818091e-01 9.507600000000098195e-01 9.712530873468508963e-01 8.318354430379739650e-01
1.449319730582448729e-01 9.422700000000043818e-01 1.033292243670481891e+00 8.256329113924044671e-01
1.445977552628499585e-01 9.425300000000045308e-01 1.055580045218689866e+00 8.201265822784807868e-01
1.521662658082453268e-01 9.394800000000029794e-01 1.080192255591836625e+00 8.227848101265821112e-01
1.544756425710986925e-01 9.409000000000050656e-01 1.103294396625173146e+00 8.218987341772147071e-01
1.228117893495936225e-01 9.510600000000090093e-01 1.024482187984815607e+00 8.266455696202530401e-01
1.542552109028133001e-01 9.399700000000040800e-01 1.064338623188072042e+00 8.271518987341767160e-01
1.190381353356178840e-01 9.509300000000072695e-01 1.051536261586539789e+00 8.256329113924051333e-01
1.313085632321674967e-01 9.479100000000085791e-01 1.095519593867291919e+00 8.294303797468346451e-01
1.410337339747648189e-01 9.438100000000065881e-01 1.098213770873725847e+00 8.277215189873418089e-01
1.830064717797199314e-01 9.313600000000004098e-01 1.137112924549708470e+00 8.178481012658227467e-01
1.524091485007658120e-01 9.411600000000048816e-01 1.136992664150238364e+00 8.196202531645567779e-01
1.437226398076908440e-01 9.443400000000071737e-01 1.097185616628797211e+00 8.234177215189872889e-01
