3.874272563362769262e+00 1.375999999999982099e-02 3.875139195738539488e+00 1.348101265822784951e-02
1.368116187584655474e+00 6.000199999999993317e-01 1.397492575653646263e+00 5.902531645569620844e-01
9.954297993618591578e-01 6.956600000000018325e-01 1.030228723226692900e+00 6.882278481012659155e-01
8.767044992588737262e-01 7.325500000000004786e-01 9.374097835275464474e-01 7.172151898734182573e-01
1.002026867431573098e+00 7.128000000000018765e-01 1.079581696108556033e+00 6.989240506329112979e-01
8.490681019976519250e-01 7.379000000000015547e-01 9.215685383657483687e-01 7.244936708860760799e-01
7.755207945464208663e-01 7.678899999999970749e-01 8.491381250521295998e-01 7.560126582278481333e-01
8.429258394149159450e-01 7.561600000000000543e-01 9.279177029274187083e-01 7.437974683544305021e-01
9.644078501762000100e-01 7.432799999999996077e-01 1.043072157680670964e+00 7.320886075949366578e-01
7.750189504669606766e-01 7.659699999999987075e-01 8.507195028105970502e-01 7.496835443037973556e-01
8.548544030760772960e-01 7.560699999999993537e-01 9.520899028407709963e-01 7.394303797468356754e-01
7.596475010759693447e-01 7.768899999999973049e-01 8.692392868488721946e-01 7.560126582278480223e-01
8.151972205206881039e-01 7.628899999999982917e-01 9.084351088929678575e-01 7.484177215189871113e-01
8.261194119169004146e-01 7.617699999999988369e-01 9.289241724529595512e-01 7.452531645569620000e-01
9.475542367541850419e-01 7.425700000000003964e-01 1.039402869085279679e+00 7.294936708860761954e-01
8.464694821779825684e-01 7.470599999999996133e-01 9.660379362642412815e-01 7.246202531645566935e-01
8.232100227718616159e-01 7.703499999999978698e-01 9.278191777276681984e-01 7.537974683544305110e-01
7.758110735038176164e-01 7.720099999999971985e-01 9.075161512070174519e-01 7.539873417721523197e-01
8.641382929351030251e-01 7.605799999999995897e-01 9.725275757231364171e-01 7.432911392405060491e-01
8.840956064393371561e-01 7.633499999999989738e-01 1.014356477762178299e+00 7.494936708860761021e-01
8.012706076406139744e-01 7.609699999999994802e-01 9.048849191394527924e-01 7.459493670886078176e-01
9.483297092190361433e-01 7.304800000000016835e-01 1.075862074180652828e+00 7.187974683544303689e-01
8.566949041725376857e-01 7.556699999999989537e-01 9.518721537651712028e-01 7.431645569620254355e-01
9.686101360399940186e-01 7.283300000000011432e-01 1.057621974280997357e+00 7.142405063291135114e-01
1.093807871539614007e+00 7.160700000000020937e-01 1.209284459568440218e+00 7.015189873417720934e-01
1.107397272232347296e+00 7.101500000000016133e-01 1.187286236779133919e+00 7.006962025316456621e-01
1.089008849685161762e+00 7.177700000000012404e-01 1.207713256656258727e+00 6.998734177215192309e-01
9.495393430844694116e-01 7.437199999999994926e-01 1.036243608000542382e+00 7.281012658227847822e-01
1.319913928632694189e+00 6.468599999999999905e-01 1.423415464616299086e+00 6.301898734177220351e-01
1.445474218506448638e+00 6.237500000000003597e-01 1.538444758811682522e+00 6.120253164556959113e-01
3.317630913044635310e+00 1.622199999999995312e-01 3.326565066646390179e+00 1.565822784810126655e-01
3.853054528867631223e+00 2.142999999999993868e-02 3.853614358666610062e+00 2.107594936708857489e-02
3.851928241622200044e+00 2.107999999999995294e-02 3.853216749261992646e+00 2.139240506329109781e-02
3.852020435693378708e+00 2.148999999999996052e-02 3.852122199529379731e+00 2.012658227848098877e-02
3.852379364738693912e+00 2.138999999999992296e-02 3.852129839263582323e+00 2.107594936708858877e-02
3.852031563156811167e+00 2.123999999999996724e-02 3.851526767173930832e+00 2.158227848101262544e-02
3.852427972021005509e+00 2.143999999999994174e-02 3.852323713946339545e+00 2.189873417721515877e-02
3.852696086055018121e+00 2.124999999999993214e-02 3.853210069465891507e+00 2.101265822784807377e-02
3.852326873194500845e+00 2.173999999999996421e-02 3.853068342351406717e+00 2.012658227848098877e-02
3.852159881397117402e+00 2.142999999999996644e-02 3.852863739987082425e+00 2.107594936708858183e-02
3.852144943007950406e+00 2.129999999999996479e-02 3.851921607743101550e+00 2.202531645569617835e-02
3.852098996580170631e+00 2.124999999999992520e-02 3.851483177811166225e+00 2.101265822784805989e-02
3.852735819018178187e+00 2.174999999999993952e-02 3.852939830994446702e+00 1.981012658227846238e-02
3.853147205950826937e+00 2.106999999999996029e-02 3.853776897300922322e+00 2.202531645569616794e-02
3.851479979653413821e+00 2.121999999999994724e-02 3.851345349917055572e+00 2.158227848101262544e-02
3.853122351947092294e+00 2.116999999999993887e-02 3.853893341547703244e+00 2.189873417721515531e-02
3.852411710129469480e+00 2.146999999999994399e-02 3.853644112155015566e+00 1.993670886075946461e-02
3.852562698372813177e+00 2.153999999999996889e-02 3.853547216463799163e+00 2.044303797468352904e-02
3.852064309419623633e+00 2.141999999999994256e-02 3.852618339647435164e+00 1.879746835443035433e-02
3.853007802068356913e+00 2.134999999999996623e-02 3.852367589380713664e+00 2.284810126582274489e-02
3.852223463224925037e+00 2.093999999999991354e-02 3.853186090640464023e+00 2.386075949367084600e-02
3.852199549485669117e+00 2.111999999999994090e-02 3.852782086051181221e+00 2.253164556962021503e-02
3.852043671480392728e+00 2.138999999999995072e-02 3.852442471126447554e+00 2.107594936708857836e-02
3.852493727295592585e+00 2.148999999999996399e-02 3.854714280111558811e+00 2.012658227848099571e-02
3.851804745366030236e+00 2.173999999999990870e-02 3.852052680821921982e+00 2.012658227848097836e-02
3.852411328381694755e+00 2.143999999999993827e-02 3.852111144291094913e+00 2.189873417721516571e-02
3.851587307399916060e+00 2.137999999999994766e-02 3.852695489433044074e+00 2.031645569620251293e-02
3.851926747353905611e+00 2.121999999999996458e-02 3.852214882683755004e+00 2.164556962025314044e-02
3.851861733976918778e+00 2.124999999999996683e-02 3.851985850342343198e+00 2.101265822784807377e-02
3.853902412733190896e+00 2.143999999999997644e-02 3.853474985664237629e+00 2.189873417721516571e-02
3.852073736929000791e+00 2.131999999999991888e-02 3.853127155129447701e+00 2.006329113924048418e-02
3.851974758886937966e+00 2.153999999999996195e-02 3.852549043423826536e+00 2.044303797468351863e-02
3.852257241354586359e+00 2.143999999999997297e-02 3.852256100990159915e+00 1.886075949367086238e-02
3.852858348815574097e+00 2.141999999999994256e-02 3.853083284988577883e+00 2.088607594936706460e-02
3.852919598554354508e+00 2.127999999999993785e-02 3.854763082084490478e+00 2.208860759493667600e-02
3.851502679152492004e+00 2.094999999999993048e-02 3.851370567485223440e+00 2.215189873417717711e-02
3.852886900723838881e+00 2.111999999999996866e-02 3.852618536474968991e+00 2.253164556962021850e-02
3.852384786570603570e+00 2.134999999999994541e-02 3.852080283198914934e+00 2.284810126582275183e-02
3.851725811693447632e+00 2.153999999999997236e-02 3.852338848371558377e+00 2.044303797468352904e-02
3.852599173887573780e+00 2.128999999999996520e-02 3.852493590725628803e+00 2.151898734177212433e-02
3.852889868908886850e+00 2.143999999999993827e-02 3.853069894772635617e+00 2.189873417721516224e-02
3.852445241440620283e+00 2.106999999999993947e-02 3.852589696015623844e+00 2.202531645569617141e-02
3.852183604487724011e+00 2.075999999999995557e-02 3.852489642295882977e+00 2.405063291139236323e-02
3.851897350335321324e+00 2.148999999999991889e-02 3.852499828973759755e+00 2.012658227848099571e-02
3.852170611619322393e+00 2.097999999999994314e-02 3.853095237609954093e+00 2.259493670886073002e-02
3.851806566546668087e+00 2.174999999999994646e-02 3.851709813966938789e+00 1.981012658227845891e-02
3.852731111914876827e+00 2.134999999999990031e-02 3.853157536244192105e+00 2.284810126582274489e-02
3.852561919615101527e+00 2.124999999999993214e-02 3.853254980398207685e+00 2.037974683544301405e-02
3.852736779319587690e+00 2.128999999999994092e-02 3.853120891454449026e+00 2.151898734177212086e-02
3.852477780818677644e+00 2.141999999999992868e-02 3.852699411119404616e+00 2.088607594936705419e-02
3.851804330127850395e+00 2.174999999999996034e-02 3.852365940278895895e+00 1.981012658227845544e-02
3.852155088728276500e+00 2.133999999999998398e-02 3.851565338662377158e+00 2.164556962025313003e-02
3.851956964221097124e+00 2.121999999999994030e-02 3.851529911362591374e+00 2.164556962025314044e-02
3.852177734319808255e+00 2.174999999999995340e-02 3.852749992930192935e+00 1.981012658227846585e-02
3.851816307712432774e+00 2.124999999999990438e-02 3.851900615462446442e+00 2.101265822784807377e-02
3.852668242418658906e+00 2.107999999999996335e-02 3.853524224272133480e+00 2.139240506329111169e-02
3.853367275060171071e+00 2.147000000000000297e-02 3.853800209431560209e+00 2.069620253164553003e-02
3.852187741815844113e+00 2.137999999999992684e-02 3.852098668825346905e+00 2.031645569620249905e-02
3.852306897367394622e+00 2.109999999999992784e-02 3.853109221883639357e+00 2.126582278481008517e-02
3.852551548378253976e+00 2.138999999999996807e-02 3.853964302315837198e+00 2.107594936708857489e-02
3.852046381289395249e+00 2.136999999999996541e-02 3.852722049943598126e+00 2.012658227848099224e-02
3.851481549017384154e+00 2.097999999999997089e-02 3.851937894278080421e+00 2.259493670886072655e-02
3.852462901403130413e+00 2.136999999999996888e-02 3.852833093324257163e+00 2.012658227848097489e-02
3.852221374666771059e+00 2.127999999999994132e-02 3.853578222566580891e+00 2.151898734177212433e-02
3.851915205757932448e+00 2.146999999999993358e-02 3.851604244057287296e+00 2.069620253164554391e-02
3.852018034188118278e+00 2.137999999999995113e-02 3.853006434476477615e+00 2.031645569620249905e-02
3.852470637218766925e+00 2.078999999999994394e-02 3.853170644899756692e+00 2.006329113924048418e-02
3.852067743131349253e+00 2.153999999999994114e-02 3.853411945811385575e+00 2.044303797468351516e-02
3.852209907375673481e+00 2.143999999999995562e-02 3.852038597218976790e+00 1.886075949367086238e-02
3.852246301876330659e+00 2.111999999999993050e-02 3.852296371319263280e+00 2.253164556962022544e-02
3.852977126883080139e+00 2.121999999999993683e-02 3.852915388206163527e+00 2.164556962025313003e-02
