3.856241969159825533e+00 2.530000000000000304e-02 3.856221489000024594e+00 2.525316455696197462e-02
3.597669926919308203e+00 9.963999999999970103e-02 3.597293755755111899e+00 9.791139240506326058e-02
2.568907229564819872e+00 3.267800000000000149e-01 2.579467792711705787e+00 3.236075949367087645e-01
1.806215648323637346e+00 5.027099999999994351e-01 1.822805011846377887e+00 4.965822784810123292e-01
1.535722110086325864e+00 5.682400000000000784e-01 1.550945742531627758e+00 5.603797468354432265e-01
1.407896429370111280e+00 5.981399999999997830e-01 1.421215819441481454e+00 5.943037974683545999e-01
1.295169167187008474e+00 6.295599999999985652e-01 1.306694729745716987e+00 6.253164556962026444e-01
1.222845356536664818e+00 6.508900000000004127e-01 1.235167772749481863e+00 6.473417721518989199e-01
1.168765521532897367e+00 6.623200000000009080e-01 1.181443075511352747e+00 6.586075949367088400e-01
1.124828491807936537e+00 6.714500000000009905e-01 1.137341527003211228e+00 6.693037974683544444e-01
1.070004834291754969e+00 6.888600000000014711e-01 1.084653205836226597e+00 6.862658227848105197e-01
1.030236997477047778e+00 6.989000000000011870e-01 1.044294095856944438e+00 6.955696202531649330e-01
9.970507301985546134e-01 7.081200000000011929e-01 1.011674309408193251e+00 7.051265822784813508e-01
9.662505688763980416e-01 7.170700000000022056e-01 9.806701534813908605e-01 7.148734177215186891e-01
9.392188367504694657e-01 7.218900000000020301e-01 9.536999034464126446e-01 7.151265822784806936e-01
9.185313546327157352e-01 7.275400000000018519e-01 9.352677160486679853e-01 7.217088607594938088e-01
8.971419663139802436e-01 7.315300000000016789e-01 9.117739225848687790e-01 7.269620253164554846e-01
8.791116111258088228e-01 7.373200000000019738e-01 8.950438712394076513e-01 7.344936708860760888e-01
8.663815271814606644e-01 7.408200000000008112e-01 8.813190431645772094e-01 7.335443037974682667e-01
8.502709245536742566e-01 7.448399999999997245e-01 8.659710137817945297e-01 7.402531645569622176e-01
8.414125879879562619e-01 7.472499999999998588e-01 8.565832245408412371e-01 7.424683544303797289e-01
8.241941183070427002e-01 7.506699999999982831e-01 8.404775289524932802e-01 7.479746835443039643e-01
8.148446172626259143e-01 7.537199999999993905e-01 8.362821195753229464e-01 7.472151898734171738e-01
8.133295622110685574e-01 7.554299999999991577e-01 8.331741334060012161e-01 7.495569620253161869e-01
7.908693821741153984e-01 7.609499999999986830e-01 8.123523385432730448e-01 7.548101265822781958e-01
7.849133845188358549e-01 7.610699999999989140e-01 8.076299883991022721e-01 7.554430379746834845e-01
7.813514120195955703e-01 7.617299999999992410e-01 8.028220927598055390e-01 7.537341772151897601e-01
7.662481948808695931e-01 7.673899999999973520e-01 7.923230899831691376e-01 7.589240506329116842e-01
7.593324428991796715e-01 7.683699999999976660e-01 7.831247582395427509e-01 7.621518987341773244e-01
7.515202294885319212e-01 7.709099999999979858e-01 7.793588356745977386e-01 7.634177215189872356e-01
7.427894334158603451e-01 7.734199999999983310e-01 7.704227161968449922e-01 7.650632911392409863e-01
7.358182018894656728e-01 7.757099999999967910e-01 7.658123044607411112e-01 7.672784810126584976e-01
7.351267480816801037e-01 7.757799999999992480e-01 7.658670313577012889e-01 7.639873417721518845e-01
7.227847034968851725e-01 7.802699999999973546e-01 7.559200353076858114e-01 7.682911392405062934e-01
7.197550973558922704e-01 7.778199999999959591e-01 7.526230009071654958e-01 7.679746835443038711e-01
7.072952924741676695e-01 7.828899999999978654e-01 7.428224885312547654e-01 7.706329113924053065e-01
7.048851651443157618e-01 7.826099999999976964e-01 7.407553985520888284e-01 7.724683544303798666e-01
7.100732428647777983e-01 7.807299999999962603e-01 7.464710231651265904e-01 7.705063291139239157e-01
6.968142091895295209e-01 7.845599999999968155e-01 7.339264838472919772e-01 7.730379746835445154e-01
6.923378652429664770e-01 7.857499999999981721e-01 7.292131309527908334e-01 7.726582278481012311e-01
6.811215834743166164e-01 7.898799999999991384e-01 7.193336762336417500e-01 7.782278481012655513e-01
6.846347658565649086e-01 7.877399999999969982e-01 7.219620522282528263e-01 7.774050632911393421e-01
6.860376628956156297e-01 7.858899999999978681e-01 7.287573120968927620e-01 7.713291139240503469e-01
6.784457719089931338e-01 7.889399999999973101e-01 7.218824290033954982e-01 7.751898734177213868e-01
6.652302123115290122e-01 7.942399999999976146e-01 7.091298257828907436e-01 7.778481012658228222e-01
6.692386187986456569e-01 7.916899999999990056e-01 7.125521375028011084e-01 7.789873417721516757e-01
6.644854275496597795e-01 7.935399999999984688e-01 7.097622560864813579e-01 7.773417721518989243e-01
6.614279300285896834e-01 7.919399999999977569e-01 7.083694886443351324e-01 7.770253164556962799e-01
6.573862693634645593e-01 7.945499999999990903e-01 7.045879483436051638e-01 7.804430379746833957e-01
6.509723491377797933e-01 7.973999999999992205e-01 6.984794345449598651e-01 7.834810126582280043e-01
6.481208589975471224e-01 7.987899999999982237e-01 6.983277902596319864e-01 7.828481012658230487e-01
6.524097745373194090e-01 7.942399999999990579e-01 7.039053045611947113e-01 7.787974683544306442e-01
6.488935788265417504e-01 7.972499999999965725e-01 7.001038132156928162e-01 7.785443037974683067e-01
6.484418781732174120e-01 7.955499999999985361e-01 6.989230046381748052e-01 7.800000000000003597e-01
6.397735260069822294e-01 7.985699999999986698e-01 6.892936635808062373e-01 7.839873417721519022e-01
6.470826778746204822e-01 7.971499999999982489e-01 7.000981667989873980e-01 7.811392405063289912e-01
6.320395142166994606e-01 8.013499999999985635e-01 6.838329833014548109e-01 7.827848101265821867e-01
6.338547072841860253e-01 8.003899999999983805e-01 6.881513325640762346e-01 7.829113924050629114e-01
6.343499663895922902e-01 7.996999999999974129e-01 6.858214575492608267e-01 7.836708860759494799e-01
6.234506575726823652e-01 8.033799999999993169e-01 6.782495934416090666e-01 7.873417721518988222e-01
6.223161972221100680e-01 8.040799999999980185e-01 6.787496815537288342e-01 7.867088607594936445e-01
6.309571989929851910e-01 8.011099999999981014e-01 6.856912068959876150e-01 7.843037974683544356e-01
6.262669853000115694e-01 8.007599999999985840e-01 6.829623444612420435e-01 7.821518987341773421e-01
6.210522741384327805e-01 8.042999999999981275e-01 6.822680024633579476e-01 7.863924050632905560e-01
6.151043139797985893e-01 8.056299999999980699e-01 6.745061683549131715e-01 7.900000000000000355e-01
6.203842708864893973e-01 8.039599999999973434e-01 6.805896496749181956e-01 7.858860759493673243e-01
6.081367190110842369e-01 8.075299999999991929e-01 6.700487414398704766e-01 7.884177215189868138e-01
6.152976942703046737e-01 8.046299999999979580e-01 6.764419000988891595e-01 7.877215189873417733e-01
6.081197717325932395e-01 8.066400000000000237e-01 6.703954994672245427e-01 7.887974683544304311e-01
5.982579663521465640e-01 8.101599999999994361e-01 6.622271521032002672e-01 7.915822784810125912e-01
6.011185172126933818e-01 8.094099999999992967e-01 6.634410582043195337e-01 7.896835443037969471e-01
5.946310353769536095e-01 8.108699999999986474e-01 6.589659907357899860e-01 7.914556962025317555e-01
5.987127733196084822e-01 8.095299999999990836e-01 6.627402782424802741e-01 7.935443037974683200e-01
5.973644686699495221e-01 8.108399999999981178e-01 6.628659303790910284e-01 7.911392405063291111e-01
5.953556308525365104e-01 8.100099999999984535e-01 6.642550417784908179e-01 7.910759493670885822e-01
5.945183282432769944e-01 8.104399999999993831e-01 6.607999851832065952e-01 7.912025316455694179e-01
5.959527111491530471e-01 8.092899999999985106e-01 6.643093843096812279e-01 7.896835443037973912e-01
5.875402809984493491e-01 8.139099999999983570e-01 6.568000435770744438e-01 7.936708860759492667e-01
5.847690572525415798e-01 8.133299999999983321e-01 6.546835826664871849e-01 7.943037974683545555e-01
5.852005152241704922e-01 8.138899999999991142e-01 6.558033371863646321e-01 7.922151898734173248e-01
5.964332636590257142e-01 8.085999999999992083e-01 6.680564949887225490e-01 7.889873417721521287e-01
5.866974156454100031e-01 8.121999999999982567e-01 6.600052403271557955e-01 7.939240506329116043e-01
5.755986027034374342e-01 8.155899999999984828e-01 6.490887983398722083e-01 7.958860759493668890e-01
5.854566289786757860e-01 8.127900000000000125e-01 6.571867442659502512e-01 7.927848101265825287e-01
5.788208319649219558e-01 8.147299999999987330e-01 6.523106442883009892e-01 7.944303797468352801e-01
5.811544558527206306e-01 8.126599999999979396e-01 6.547579025371971229e-01 7.930379746835442001e-01
5.798818899645737934e-01 8.133699999999989272e-01 6.542061743819594932e-01 7.937974683544299914e-01
5.693214597180039638e-01 8.166499999999999870e-01 6.459531408029512978e-01 7.941139240506331909e-01
5.730077683594523297e-01 8.163900000000000601e-01 6.482494169547484697e-01 7.958227848101269153e-01
5.787688815328917435e-01 8.124299999999994304e-01 6.542326777648035385e-01 7.906329113924049912e-01
5.643617317457507720e-01 8.184300000000001019e-01 6.406622670850522505e-01 7.966455696202532355e-01
5.703900488616721054e-01 8.163400000000000656e-01 6.499746805875046274e-01 7.954430379746836310e-01
5.672457062528972749e-01 8.180999999999993832e-01 6.466771846977352745e-01 7.956329113924053287e-01
5.654141836318155034e-01 8.188599999999998102e-01 6.422385588794767841e-01 7.980379746835445376e-01
5.687306559247290449e-01 8.175599999999993983e-01 6.467148967283481431e-01 7.966455696202532355e-01
5.693169830567390566e-01 8.163999999999985713e-01 6.504982096607896391e-01 7.960759493670888087e-01
5.584374098130563402e-01 8.193499999999991346e-01 6.399141529554474017e-01 7.978481012658227289e-01
5.588371015759228122e-01 8.212199999999991729e-01 6.401283799520984807e-01 7.997468354430374848e-01
5.632971019033303772e-01 8.187999999999997502e-01 6.481669328398366181e-01 7.969620253164553247e-01
5.674233908378775171e-01 8.179600000000003535e-01 6.541133171055598661e-01 7.967088607594935423e-01
5.568872408086856796e-01 8.209399999999992259e-01 6.399611073404969375e-01 7.986075949367085203e-01
