3.868502702657455217e+00 1.185999999999986718e-02 3.865592332475261017e+00 1.354430379746835757e-02
3.865145226038109172e+00 1.205999999999985556e-02 3.862393647543029385e+00 1.322784810126582423e-02
3.862147884818505350e+00 1.262999999999984448e-02 3.859531142263818548e+00 1.367088607594936847e-02
3.859448231506660054e+00 1.311999999999984012e-02 3.856938520514801017e+00 1.430379746835442299e-02
3.856980814229621135e+00 1.385999999999982558e-02 3.854565636348194158e+00 1.499999999999999771e-02
3.854697123700552286e+00 1.444999999999983450e-02 3.852362641842681956e+00 1.550632911392404306e-02
3.852555744255365067e+00 1.508999999999981710e-02 3.850295710183072817e+00 1.639240506329112806e-02
3.850537202600774034e+00 1.602999999999979788e-02 3.848342951423833647e+00 1.740506329113922571e-02
3.848606141034342620e+00 1.689999999999982835e-02 3.846472353889198281e+00 1.797468354430378432e-02
3.846740079303638815e+00 1.740999999999985962e-02 3.844649808110855549e+00 1.867088607594935556e-02
3.844923994966376046e+00 1.809999999999989048e-02 3.842869282797352515e+00 1.930379746835440488e-02
3.843143413715396139e+00 1.897999999999991708e-02 3.841116199692306665e+00 2.006329113924048765e-02
3.841391643633240260e+00 1.997999999999993184e-02 3.839386027705476323e+00 2.107594936708859570e-02
3.839663086463890096e+00 2.072999999999990128e-02 3.837670061231002627e+00 2.183544303797465072e-02
3.837940598101407197e+00 2.156999999999995379e-02 3.835953058884319589e+00 2.259493670886072655e-02
3.836213082302736055e+00 2.239999999999993732e-02 3.834225898178245551e+00 2.386075949367084947e-02
3.834477408645355911e+00 2.332999999999999657e-02 3.832490713571010676e+00 2.449367088607592308e-02
3.832728597245088409e+00 2.431999999999999093e-02 3.830740281773529876e+00 2.550632911392401725e-02
3.830963466378750848e+00 2.515999999999998099e-02 3.828973782360572287e+00 2.620253164556957809e-02
3.829173052923838139e+00 2.592000000000000207e-02 3.827183806805064759e+00 2.715189873417717115e-02
3.827356826910735421e+00 2.653000000000003966e-02 3.825366361783783198e+00 2.841772151898729754e-02
3.825507541269083323e+00 2.731000000000002870e-02 3.823516261481890499e+00 2.911392405063288266e-02
3.823622592345269133e+00 2.811000000000004467e-02 3.821631683823996539e+00 3.044303797468349629e-02
3.821695145571901264e+00 2.886000000000003146e-02 3.819706765611353472e+00 3.107594936708855254e-02
3.819717647301815955e+00 2.949000000000003008e-02 3.817731565523807102e+00 3.202531645569615254e-02
3.817693795222232733e+00 3.006999999999999951e-02 3.815715439645417817e+00 3.259493670886069727e-02
3.815613858769308475e+00 3.072000000000001466e-02 3.813638307191075771e+00 3.360759493670881226e-02
3.813477817473117426e+00 3.138999999999998042e-02 3.811499997656692340e+00 3.462025316455692725e-02
3.811271571793162227e+00 3.196000000000000230e-02 3.809292329884375050e+00 3.512658227848097087e-02
3.808991313634094045e+00 3.252000000000004887e-02 3.807013388701879997e+00 3.537974683544298921e-02
3.806632348749969363e+00 3.338000000000001383e-02 3.804654859160547797e+00 3.626582278481008115e-02
3.804195024589391405e+00 3.404000000000002163e-02 3.802219306436930513e+00 3.727848101265818920e-02
3.801672469332479043e+00 3.478000000000005393e-02 3.799703866737228708e+00 3.791139240506326974e-02
3.799057193606584448e+00 3.555000000000006766e-02 3.797096131410497399e+00 3.848101265822781447e-02
3.796343141213049943e+00 3.619999999999999607e-02 3.794388955152848020e+00 3.917721518987336143e-02
3.793526231284315653e+00 3.695999999999997204e-02 3.791578587369873521e+00 3.974683544303792004e-02
3.790592723867422187e+00 3.767000000000004373e-02 3.788659780411002931e+00 4.075949367088602115e-02
3.787546259154339623e+00 3.874000000000001748e-02 3.785627551989743544e+00 4.151898734177209005e-02
3.784382728447212685e+00 3.938999999999995977e-02 3.782471605357430988e+00 4.221518987341767865e-02
3.781096999325613606e+00 4.037999999999990902e-02 3.779188628275611528e+00 4.272151898734171532e-02
3.777678969588247782e+00 4.120000000000003521e-02 3.775773732589691623e+00 4.360759493670880033e-02
3.774121887758731475e+00 4.208000000000003404e-02 3.772225669529481795e+00 4.474683544303793836e-02
3.770416958097082993e+00 4.310000000000007575e-02 3.768528354046648765e+00 4.626582278481009003e-02
3.766568148354444645e+00 4.402999999999997888e-02 3.764689173281164702e+00 4.696202531645563699e-02
3.762571609420712004e+00 4.520999999999997937e-02 3.760709304576178358e+00 4.791139240506321617e-02
3.758414860450663308e+00 4.622999999999998638e-02 3.756577920785140190e+00 4.835443037974680724e-02
3.754092713016996985e+00 4.735000000000001708e-02 3.752281172715681290e+00 4.962025316455691976e-02
3.749596490648487990e+00 4.830000000000004429e-02 3.747811642047065739e+00 5.018987341772147837e-02
3.744917723605596382e+00 4.937000000000001110e-02 3.743161947861143535e+00 5.094936708860754032e-02
3.740047819402866125e+00 5.063000000000005690e-02 3.738319533162120401e+00 5.202531645569617030e-02
3.734982925669263043e+00 5.201000000000001455e-02 3.733284060093700507e+00 5.303797468354428529e-02
3.729709307094514426e+00 5.329000000000002485e-02 3.728050806996750399e+00 5.417721518987339557e-02
3.724209941414999836e+00 5.466999999999994087e-02 3.722601940585906544e+00 5.481012658227843448e-02
3.718481191228305782e+00 5.614999999999993607e-02 3.716914019019211590e+00 5.613924050632909668e-02
3.712505721822638272e+00 5.771999999999994496e-02 3.710972941094255351e+00 5.740506329113918838e-02
3.706277698141940302e+00 5.896000000000010954e-02 3.704775343283971178e+00 5.911392405063282951e-02
3.699777706666001809e+00 6.047000000000005149e-02 3.698300103488654234e+00 6.018987341772149419e-02
3.693000951279755917e+00 6.224999999999988182e-02 3.691528278413933162e+00 6.183544303797464808e-02
3.685923299068614600e+00 6.417999999999998706e-02 3.684463867580361818e+00 6.322784810126581834e-02
3.678543098219955620e+00 6.606999999999990658e-02 3.677096458034871507e+00 6.512658227848099057e-02
3.670846610142034727e+00 6.795000000000009366e-02 3.669427398269288876e+00 6.683544303797467334e-02
3.662824121977360736e+00 7.032999999999998975e-02 3.661432091087185370e+00 6.886075949367086169e-02
3.654479875731310390e+00 7.291999999999999871e-02 3.653107246826904575e+00 7.120253164556961112e-02
3.645805290198150583e+00 7.514999999999984193e-02 3.644461579745305269e+00 7.360759493670883391e-02
3.636795605915011276e+00 7.773999999999993415e-02 3.635492179281701652e+00 7.563291139240507777e-02
3.627438181240771442e+00 8.034999999999982434e-02 3.626169431913785601e+00 7.772151898734175335e-02
3.617723056877546917e+00 8.267999999999982308e-02 3.616491664811533724e+00 7.930379746835442001e-02
3.607645156126314312e+00 8.527999999999996694e-02 3.606452224273913654e+00 8.234177215189872334e-02
3.597191668461940939e+00 8.764999999999989466e-02 3.596039964170307801e+00 8.531645569620249780e-02
3.586350387823021180e+00 9.055999999999986283e-02 3.585233475018350990e+00 8.867088607594934835e-02
3.575101234780643011e+00 9.337999999999987977e-02 3.574028993525435460e+00 9.202531645569619889e-02
3.563442497054017721e+00 9.584999999999994913e-02 3.562407697065763656e+00 9.360759493670883780e-02
3.551363028898194774e+00 9.821999999999980746e-02 3.550385659902844271e+00 9.607594936708854783e-02
3.538861031585578854e+00 1.009799999999996395e-01 3.537946788937289089e+00 9.860759493670881448e-02
3.525920659566620152e+00 1.034600000000000658e-01 3.525064355898957391e+00 1.017721518987341894e-01
3.512530442881077519e+00 1.060399999999998150e-01 3.511766780822877188e+00 1.041139240506328834e-01
3.498685601025100400e+00 1.087099999999997790e-01 3.498016806939724166e+00 1.055063291139240189e-01
3.484378933181614180e+00 1.112599999999997619e-01 3.483818284959582012e+00 1.084177215189872923e-01
3.469611329070888317e+00 1.134599999999997139e-01 3.469156738785666327e+00 1.101265822784809750e-01
3.454389133188306538e+00 1.159799999999999720e-01 3.454038290551866286e+00 1.122151898734176506e-01
3.438709370247862385e+00 1.185799999999998938e-01 3.438456924849868201e+00 1.149367088607594761e-01
3.422570891436373941e+00 1.216899999999997428e-01 3.422420128253953031e+00 1.175949367088607034e-01
3.405983396325359180e+00 1.251899999999998569e-01 3.405946679872293270e+00 1.203164556962026260e-01
3.388938386683853832e+00 1.285500000000001641e-01 3.389012221299825711e+00 1.239240506329113423e-01
3.371434610333123416e+00 1.319699999999999207e-01 3.371596472325493199e+00 1.264556962025315812e-01
3.353462519414122767e+00 1.359999999999999265e-01 3.353739326410519084e+00 1.303164556962025655e-01
3.335025367321215128e+00 1.401500000000000246e-01 3.335412362637597106e+00 1.337974683544304322e-01
3.316114903404114855e+00 1.439999999999997948e-01 3.316615533337176736e+00 1.377215189873418066e-01
3.296731264977150744e+00 1.477399999999999547e-01 3.297361135570085811e+00 1.406329113924051355e-01
3.276884726847408835e+00 1.517999999999999627e-01 3.277625465725731768e+00 1.454430379746835811e-01
3.256574374656841186e+00 1.557699999999998808e-01 3.257436405379544819e+00 1.505063291139241144e-01
3.235811608365292802e+00 1.602199999999996405e-01 3.236808635794039990e+00 1.549999999999999989e-01
3.214590558337916626e+00 1.648599999999998400e-01 3.215706035038022215e+00 1.602531645569620355e-01
3.192933460109726784e+00 1.708299999999999264e-01 3.194229039328404518e+00 1.641772151898734378e-01
3.170847727370834868e+00 1.762999999999997625e-01 3.172289108116050027e+00 1.694303797468354744e-01
3.148351413899065587e+00 1.824899999999994027e-01 3.149948514263436916e+00 1.750632911392405178e-01
3.125467286049769644e+00 1.890599999999998393e-01 3.127190444657259594e+00 1.827215189873418189e-01
3.102225208304519199e+00 1.953399999999992642e-01 3.104135906479551288e+00 1.882911392405064721e-01
3.078658298410923422e+00 2.020499999999993967e-01 3.080690717487841290e+00 1.946835443037975566e-01
3.054824066177969755e+00 2.085999999999995358e-01 3.056972613512495940e+00 2.013291139240507566e-01
3.030753228457792936e+00 2.157399999999998763e-01 3.033026992598398586e+00 2.083544303797467689e-01
