3.896326010057510558e+00 1.837999999999990683e-02 3.893005355447752169e+00 1.917721518987339918e-02
3.086090818596372909e+00 2.351100000000000412e-01 3.089458903470164053e+00 2.323417721518987455e-01
1.940618761881214960e+00 4.851700000000003232e-01 1.930479349340537221e+00 4.821518987341767426e-01
1.603506577068116501e+00 5.630899999999994243e-01 1.601526890000840364e+00 5.591139240506327601e-01
1.443316798163139181e+00 6.007000000000003448e-01 1.445384112762795104e+00 5.978481012658223293e-01
1.337473131854831410e+00 6.271000000000003238e-01 1.344277959694336833e+00 6.187974683544303911e-01
1.267570383158069580e+00 6.418100000000005467e-01 1.275727096245499625e+00 6.372151898734176312e-01
1.205549797165890169e+00 6.606599999999998030e-01 1.214788726239705463e+00 6.527848101265827374e-01
1.155299393805336861e+00 6.729900000000004212e-01 1.165957827393111490e+00 6.652531645569622620e-01
1.126018162254756039e+00 6.806600000000013750e-01 1.136966368512587033e+00 6.741772151898740573e-01
1.081277645429893353e+00 6.918400000000021199e-01 1.094239984466505611e+00 6.851265822784808890e-01
1.049689036428641531e+00 7.003600000000013148e-01 1.062408589607436005e+00 6.948101265822788086e-01
1.025311810266932300e+00 7.060400000000007781e-01 1.040108429336699780e+00 6.984177215189868448e-01
1.000999723928068352e+00 7.113700000000012791e-01 1.015257765908865295e+00 7.068987341772148270e-01
9.738127599732556705e-01 7.191600000000015758e-01 9.912418859755808276e-01 7.117721518987346618e-01
9.532299550345002537e-01 7.247400000000013831e-01 9.709586897746075307e-01 7.167721518987341112e-01
9.378586256927151643e-01 7.285300000000011211e-01 9.570791922857054823e-01 7.228481012658224403e-01
9.232134939403296992e-01 7.322800000000008191e-01 9.429213517221930463e-01 7.237341772151903996e-01
9.064354293410372687e-01 7.371900000000003450e-01 9.284877992141851166e-01 7.275316455696202445e-01
8.861877397559289049e-01 7.415799999999999059e-01 9.080926531124469125e-01 7.344936708860759778e-01
8.774900963903280449e-01 7.432399999999997897e-01 8.990044203854138383e-01 7.360126582278483376e-01
8.621213169578721969e-01 7.484100000000006858e-01 8.859518449218400926e-01 7.376582278481012001e-01
8.493593168082552713e-01 7.505499999999994953e-01 8.739054478749208599e-01 7.392405063291139777e-01
8.424709523898903374e-01 7.521399999999996977e-01 8.684669737406207624e-01 7.439240506329115599e-01
8.284950821843457547e-01 7.555799999999981420e-01 8.530064382938660206e-01 7.485443037974685021e-01
8.199398223487047721e-01 7.574899999999983313e-01 8.467283751762338939e-01 7.481645569620249958e-01
8.087493565944270379e-01 7.603699999999977699e-01 8.359350281159538820e-01 7.524683544303795157e-01
8.010590198524339955e-01 7.628899999999987358e-01 8.293249465420232669e-01 7.553164556962024268e-01
7.912112043923673621e-01 7.656299999999979233e-01 8.196518771341021470e-01 7.561392405063294131e-01
7.824428843444094506e-01 7.663899999999982393e-01 8.108975869391766844e-01 7.568987341772149824e-01
7.820982746684881359e-01 7.642399999999982541e-01 8.117741151834936275e-01 7.528481012658225779e-01
7.684780764080647586e-01 7.713999999999983093e-01 7.989738524546318166e-01 7.618987341772152089e-01
7.621395182112206124e-01 7.697999999999981524e-01 7.931535803621323488e-01 7.595569620253164178e-01
7.563620267915529549e-01 7.737199999999980760e-01 7.888277846927992387e-01 7.632278481012659821e-01
7.453853701527384246e-01 7.770699999999981511e-01 7.786187899345803354e-01 7.639873417721521065e-01
7.410762090003217839e-01 7.764299999999982882e-01 7.741984980488915147e-01 7.653797468354431865e-01
7.352904982410415347e-01 7.787499999999973888e-01 7.681567975864885822e-01 7.674683544303794180e-01
7.280878356262540096e-01 7.804899999999977966e-01 7.624723035480764910e-01 7.684810126582281020e-01
7.272257457130396618e-01 7.783099999999975038e-01 7.618871837536104197e-01 7.648101265822782047e-01
7.188844585798359610e-01 7.837099999999984634e-01 7.533809484140521207e-01 7.717721518987341600e-01
7.138565115208911349e-01 7.839299999999964630e-01 7.503935168290183366e-01 7.715822784810123514e-01
7.069039285551665941e-01 7.868299999999975869e-01 7.428866168957324323e-01 7.743670886075949555e-01
7.045406752625783531e-01 7.871899999999981690e-01 7.403860665103818572e-01 7.744936708860760133e-01
6.996528413831361037e-01 7.877799999999977043e-01 7.360120465181422267e-01 7.748734177215191865e-01
6.974285195145089045e-01 7.880199999999969451e-01 7.337002330935943339e-01 7.748734177215192975e-01
6.896568743130478962e-01 7.906299999999973904e-01 7.269035648846694508e-01 7.762658227848101555e-01
6.852904603624437874e-01 7.909699999999983966e-01 7.229655467653413048e-01 7.794303797468354889e-01
6.879993159662532998e-01 7.907499999999975104e-01 7.252051452794555653e-01 7.778481012658230442e-01
6.800463702285046708e-01 7.915899999999976844e-01 7.170518775105418907e-01 7.791139240506329555e-01
6.800694057536770254e-01 7.916099999999980374e-01 7.182928296878106078e-01 7.793670886075950710e-01
6.751101579955145482e-01 7.942699999999975891e-01 7.122065008198747993e-01 7.821518987341772311e-01
6.693192753797699845e-01 7.944699999999990103e-01 7.064554853091191688e-01 7.813291139240506888e-01
6.658960609055274427e-01 7.952999999999992298e-01 7.038190371308028492e-01 7.831012658227850531e-01
6.671011737316504542e-01 7.959499999999980480e-01 7.065500304552044808e-01 7.833544303797470576e-01
6.576279788156026429e-01 7.992099999999972004e-01 6.963001918507475407e-01 7.855063291139240400e-01
6.572958210904109588e-01 7.982899999999988339e-01 6.963549720167577783e-01 7.847468354430379156e-01
6.552067209262574243e-01 7.987199999999977651e-01 6.946747848721890328e-01 7.851898734177213957e-01
6.521147624783933949e-01 7.993299999999972094e-01 6.932460574285529420e-01 7.858860759493671022e-01
6.481108608596612974e-01 7.999699999999991817e-01 6.880570306585351847e-01 7.881645569620249203e-01
6.460724150742698235e-01 8.004699999999980164e-01 6.865185320635405208e-01 7.872151898734180975e-01
6.438787825086376149e-01 8.011299999999987875e-01 6.859299534198457504e-01 7.887341772151897912e-01
6.466755157552095401e-01 8.000899999999986356e-01 6.889987023051749038e-01 7.863924050632910001e-01
6.366694199836353540e-01 8.045399999999972573e-01 6.787982029205165135e-01 7.912658227848101689e-01
6.383791666287539357e-01 8.021499999999990305e-01 6.819415748991911608e-01 7.875949367088606046e-01
6.394212795901789148e-01 8.006999999999978579e-01 6.837187589181745739e-01 7.877848101265824132e-01
6.358878767883696659e-01 8.017599999999975857e-01 6.789836257106574013e-01 7.882911392405066442e-01
6.331417590079032598e-01 8.049299999999992572e-01 6.767380321622141759e-01 7.879746835443041109e-01
6.297690793970420753e-01 8.055099999999975058e-01 6.746104648903882284e-01 7.921518987341765738e-01
6.286746623949435175e-01 8.066299999999991810e-01 6.719976071772120196e-01 7.919620253164554313e-01
6.249516716687298912e-01 8.069599999999983453e-01 6.719910456350742800e-01 7.934810126582270140e-01
6.233753984584760044e-01 8.067199999999993265e-01 6.696416806298388646e-01 7.911392405063286670e-01
6.263644354171006290e-01 8.058699999999987540e-01 6.728510692836376927e-01 7.938607594936706313e-01
6.203828351130594720e-01 8.069299999999983708e-01 6.668456234068786959e-01 7.929113924050630313e-01
6.180762416582534780e-01 8.086699999999985566e-01 6.652799668039512948e-01 7.929746835443038933e-01
6.154077966061515248e-01 8.079099999999973525e-01 6.631614085248341839e-01 7.927215189873415557e-01
6.160637575171876712e-01 8.079400000000004356e-01 6.627256546756662425e-01 7.935443037974684310e-01
6.177988217904202273e-01 8.041299999999984571e-01 6.669384933310851249e-01 7.886075949367089555e-01
6.077540751070680258e-01 8.113100000000001977e-01 6.566898840217855193e-01 7.965189873417719557e-01
6.099297247330228711e-01 8.106999999999984219e-01 6.583906358036820672e-01 7.962658227848102843e-01
6.068261317484352491e-01 8.098099999999986975e-01 6.559291468070379549e-01 7.939873417721515780e-01
6.086413812601545459e-01 8.106799999999977357e-01 6.592528284967019703e-01 7.941772151898732757e-01
6.059855354296036500e-01 8.101599999999989921e-01 6.562527647497858885e-01 7.963291139240508132e-01
6.011142411314401857e-01 8.128099999999996994e-01 6.502880280431690974e-01 7.999367088607591825e-01
6.014257369801500053e-01 8.121899999999989683e-01 6.526799283255061424e-01 7.972784810126579691e-01
6.001058479508988297e-01 8.120999999999991559e-01 6.510609709446083526e-01 7.978481012658222848e-01
5.992966836744914039e-01 8.135599999999988396e-01 6.505303087060779754e-01 7.979746835443037867e-01
5.970006443182088729e-01 8.129499999999981741e-01 6.487395990213967734e-01 7.962025316455696444e-01
5.953453452724990491e-01 8.136099999999998333e-01 6.479918928215371299e-01 7.983544303797467379e-01
5.967365238611505029e-01 8.130300000000001415e-01 6.511386538409584812e-01 7.964556962025318709e-01
5.959201597584881105e-01 8.134999999999995568e-01 6.491672654578247714e-01 7.979113924050634798e-01
5.966144916337050574e-01 8.128199999999988767e-01 6.521411240313657043e-01 7.968354430379749331e-01
5.898795411484026863e-01 8.149699999999985289e-01 6.443710946203557999e-01 7.996835443037972890e-01
5.887876015045195865e-01 8.156100000000000572e-01 6.429723708485670652e-01 7.986075949367084093e-01
5.862591029076482663e-01 8.168499999999988548e-01 6.414002398191439580e-01 8.008860759493672266e-01
5.861533948449373366e-01 8.165399999999983782e-01 6.402960511638255969e-01 7.979113924050633688e-01
5.891426243114737948e-01 8.146599999999991626e-01 6.455250733449899858e-01 7.975316455696198625e-01
5.869219337451552221e-01 8.160099999999994580e-01 6.433605328274601964e-01 8.020253164556963021e-01
5.844329237992152981e-01 8.157799999999998386e-01 6.401597137233471235e-01 7.988607594936705247e-01
5.879682815342732738e-01 8.147199999999997777e-01 6.450254675294130324e-01 7.960759493670889198e-01
5.823618566687674969e-01 8.158699999999992070e-01 6.395458369224840123e-01 7.974683544303798888e-01
5.787272003129981801e-01 8.181999999999987061e-01 6.352540553476864194e-01 8.018987341772152444e-01
