3.850576649171383981e+00 2.484999999999997974e-02 3.849737260758251622e+00 2.835443037974679989e-02
3.848362897762001911e+00 2.616999999999998841e-02 3.847556676925619978e+00 2.917721518987337337e-02
3.846236930706451229e+00 2.723000000000003890e-02 3.845469071828512941e+00 2.993670886075944573e-02
3.844175896233674727e+00 2.822000000000001244e-02 3.843446792445243787e+00 3.063291139240499963e-02
3.842162348681783968e+00 2.956000000000003416e-02 3.841473563429427696e+00 3.126582278481006977e-02
3.840192796691745514e+00 3.038000000000001116e-02 3.839545390625565879e+00 3.240506329113919393e-02
3.838262155623203054e+00 3.105000000000000468e-02 3.837654061142464545e+00 3.392405063291132478e-02
3.836349600089212331e+00 3.196999999999999148e-02 3.835781752228193842e+00 3.512658227848096393e-02
3.834445995456901013e+00 3.308999999999995972e-02 3.833917224903352405e+00 3.575949367088603059e-02
3.832539978061477282e+00 3.395000000000005652e-02 3.832049326797133837e+00 3.651898734177209949e-02
3.830628362868261583e+00 3.496000000000004659e-02 3.830176442587719166e+00 3.740506329113918449e-02
3.828702628366746463e+00 3.610999999999998933e-02 3.828290579949305883e+00 3.784810126582272005e-02
3.826759143389645956e+00 3.674000000000001570e-02 3.826384018534953135e+00 3.841772151898730642e-02
3.824788411770267960e+00 3.770000000000001822e-02 3.824446286107195725e+00 3.924050632911389030e-02
3.822779300014853554e+00 3.864000000000001461e-02 3.822464867901304686e+00 4.012658227848094755e-02
3.820723312692822837e+00 3.959999999999998244e-02 3.820434273574767836e+00 4.082278481012656390e-02
3.818619589882494836e+00 4.058000000000001189e-02 3.818350936094556669e+00 4.164556962025310616e-02
3.816463059002895619e+00 4.156000000000002054e-02 3.816213849388997215e+00 4.278481012658223726e-02
3.814247415627471050e+00 4.224999999999995426e-02 3.814014388655802446e+00 4.360759493670882114e-02
3.811962811376887306e+00 4.306000000000007738e-02 3.811746665727374861e+00 4.436708860759489004e-02
3.809602881932625085e+00 4.406999999999996337e-02 3.809410382221222413e+00 4.518987341772149474e-02
3.807168746404892001e+00 4.501999999999996283e-02 3.807003939809605164e+00 4.645569620253160725e-02
3.804653019033436223e+00 4.580999999999994798e-02 3.804506574800402330e+00 4.772151898734172670e-02
3.802053883808051982e+00 4.659999999999994008e-02 3.801920426266169439e+00 4.886075949367082311e-02
3.799366168929336318e+00 4.756000000000008138e-02 3.799241940198560652e+00 4.968354430379743475e-02
3.796577822051284912e+00 4.863999999999996104e-02 3.796463685555595990e+00 5.044303797468353140e-02
3.793683922266890551e+00 4.977000000000001562e-02 3.793579947533912033e+00 5.126582278481008059e-02
3.790673540074698256e+00 5.095999999999999835e-02 3.790579807810601665e+00 5.189873417721511950e-02
3.787540383301359004e+00 5.227000000000002478e-02 3.787457455458576927e+00 5.310126582278475865e-02
3.784279377881118567e+00 5.361000000000003263e-02 3.784204541633823027e+00 5.379746835443033337e-02
3.780892501979673526e+00 5.483999999999998598e-02 3.780824663443472566e+00 5.487341772151894254e-02
3.777374700236149074e+00 5.661999999999998284e-02 3.777313166375056319e+00 5.550632911392405083e-02
3.773713510527256343e+00 5.807000000000001050e-02 3.773653885620178450e+00 5.664556962025314724e-02
3.769897614180953038e+00 5.969999999999996143e-02 3.769834379434912286e+00 5.797468354430378862e-02
3.765923888553162957e+00 6.128999999999999726e-02 3.765857644556834138e+00 5.987341772151896779e-02
3.761783478779067380e+00 6.293000000000004146e-02 3.761719455335861273e+00 6.120253164556960918e-02
3.757472216505209683e+00 6.474000000000006139e-02 3.757407786735249999e+00 6.259493670886072392e-02
3.752981218610853098e+00 6.689999999999997338e-02 3.752916836129813305e+00 6.392405063291131673e-02
3.748306673563856162e+00 6.893999999999997352e-02 3.748232577645727925e+00 6.645569620253158338e-02
3.743432294550830708e+00 7.086000000000000631e-02 3.743349903741489015e+00 6.848101265822784112e-02
3.738346644467545055e+00 7.304000000000004933e-02 3.738262546952307197e+00 7.012658227848100889e-02
3.733047700526892942e+00 7.514999999999981417e-02 3.732964485201946570e+00 7.240506329113921558e-02
3.727528637637257170e+00 7.736999999999977229e-02 3.727444372701426367e+00 7.386075949367090776e-02
3.721766140586669547e+00 7.953000000000003122e-02 3.721676939334318313e+00 7.626582278481011667e-02
3.715751427010325791e+00 8.151999999999988422e-02 3.715661189009840992e+00 7.867088607594933947e-02
3.709469060406371810e+00 8.402999999999979930e-02 3.709379329198704500e+00 8.101265822784808890e-02
3.702903180223934498e+00 8.637999999999981804e-02 3.702808899322189262e+00 8.329113924050632334e-02
3.696045822907376710e+00 8.903999999999981374e-02 3.695944188972523303e+00 8.556962025316453002e-02
3.688882942231733963e+00 9.176999999999986557e-02 3.688775896024040435e+00 8.835443037974680114e-02
3.681398306449217728e+00 9.406999999999984818e-02 3.681284874300565502e+00 9.037974683544303112e-02
3.673566261615606177e+00 9.660999999999990429e-02 3.673439718944279342e+00 9.354430379746835056e-02
3.665379239787068144e+00 9.922999999999958243e-02 3.665243884181645040e+00 9.556962025316456666e-02
3.656812864477151592e+00 1.020899999999997226e-01 3.656670691398114847e+00 9.886075949367087445e-02
3.647850854212885796e+00 1.049099999999998090e-01 3.647692304963160659e+00 1.012658227848100972e-01
3.638486234136971476e+00 1.080299999999996680e-01 3.638291733454139809e+00 1.056329113924050489e-01
3.628688819031586466e+00 1.113799999999998264e-01 3.628454031686816350e+00 1.089240506329114400e-01
3.618436674070879544e+00 1.149899999999999395e-01 3.618163890077298550e+00 1.126582278481013388e-01
3.607708647309921357e+00 1.188099999999997769e-01 3.607392516458828080e+00 1.158860759493670622e-01
3.596484847798285145e+00 1.226099999999999551e-01 3.596115592476874845e+00 1.203164556962025150e-01
3.584736631093722981e+00 1.266599999999999948e-01 3.584308837312466967e+00 1.255696202531646211e-01
3.572443138757756653e+00 1.310200000000000253e-01 3.571948602367989611e+00 1.300632911392405611e-01
3.559580693433647802e+00 1.353200000000001624e-01 3.559019493427139746e+00 1.339873417721518523e-01
3.546124056813463987e+00 1.395100000000001617e-01 3.545479298307071314e+00 1.379746835443038666e-01
3.532049572595793663e+00 1.438100000000001599e-01 3.531315871433946540e+00 1.413924050632912044e-01
3.517320787719995234e+00 1.473100000000000798e-01 3.516495582028219768e+00 1.462658227848101788e-01
3.501915507759040480e+00 1.520700000000000940e-01 3.500996480042755099e+00 1.496835443037975444e-01
3.485804505913152607e+00 1.561400000000002508e-01 3.484778916419020156e+00 1.550632911392406665e-01
3.468946582423123814e+00 1.603999999999996817e-01 3.467809112237960179e+00 1.589240506329114844e-01
3.451310835738408134e+00 1.655499999999998917e-01 3.450083381759206702e+00 1.637974683544302923e-01
3.432879279333529876e+00 1.702999999999997849e-01 3.431534998729880215e+00 1.683544303797468722e-01
3.413634590325759000e+00 1.754499999999992732e-01 3.412172647816480886e+00 1.731645569620254288e-01
3.393537224767054550e+00 1.804799999999994187e-01 3.391933666960359250e+00 1.779113924050633455e-01
3.372588938490018062e+00 1.854499999999995319e-01 3.370841435667636610e+00 1.831645569620254377e-01
3.350806328778065613e+00 1.913499999999994095e-01 3.348893526351603978e+00 1.875316455696202367e-01
3.328185260280089430e+00 1.966099999999997294e-01 3.326039660177893875e+00 1.943037974683544389e-01
3.304734003796398589e+00 2.019199999999994610e-01 3.302315470735919245e+00 2.005696202531646044e-01
3.280478883292146097e+00 2.083499999999995911e-01 3.277800678862474282e+00 2.077215189873418688e-01
3.255440998325906499e+00 2.148599999999993571e-01 3.252479735534909544e+00 2.146835443037976021e-01
3.229647596614195759e+00 2.213899999999994761e-01 3.226413738739663195e+00 2.219620253164557300e-01
3.203150453020979782e+00 2.283999999999996033e-01 3.199595679954499339e+00 2.289873417721519089e-01
3.175980152280309721e+00 2.356899999999995943e-01 3.172138641484371746e+00 2.365189873417720967e-01
3.148159717463836493e+00 2.427799999999998570e-01 3.144062618912862650e+00 2.439240506329114766e-01
3.119736329520535811e+00 2.500000000000001665e-01 3.115314776379136674e+00 2.505696202531646488e-01
3.090755217154321777e+00 2.561700000000001753e-01 3.086048955408553063e+00 2.577848101265823311e-01
3.061278284418192275e+00 2.628900000000000126e-01 3.056220950792282842e+00 2.649999999999999578e-01
3.031358216805051242e+00 2.688600000000000434e-01 3.026016830126463830e+00 2.709493670886079508e-01
3.001039518437169207e+00 2.747100000000000097e-01 2.995366321095741746e+00 2.787341772151898933e-01
2.970405616105540325e+00 2.808600000000002206e-01 2.964371048102301565e+00 2.843670886075950754e-01
2.939530929364817968e+00 2.861500000000003485e-01 2.933238149265595229e+00 2.896835443037973912e-01
2.908465136390191663e+00 2.911100000000002574e-01 2.901848838506054573e+00 2.956962025316456355e-01
2.877284656574507604e+00 2.960600000000000454e-01 2.870330179371670010e+00 3.012025316455697044e-01
2.846085149572162187e+00 3.004600000000006710e-01 2.838750900358717466e+00 3.055696202531646422e-01
2.814907699563959032e+00 3.045500000000004315e-01 2.807296407673155247e+00 3.112025316455697688e-01
2.783845357382261465e+00 3.098600000000000798e-01 2.775888526846163273e+00 3.154430379746835378e-01
2.752939129960643605e+00 3.142299999999997318e-01 2.744705080572330758e+00 3.194303797468355244e-01
2.722290600805262084e+00 3.184400000000005559e-01 2.713668690192444721e+00 3.229113924050633910e-01
2.691962337407513228e+00 3.227500000000002034e-01 2.683079375479924256e+00 3.290506329113923045e-01
2.662040930398222649e+00 3.275199999999999778e-01 2.653023196518717430e+00 3.332911392405064066e-01
2.632552867026559884e+00 3.321599999999996222e-01 2.623178205492346482e+00 3.373417721518989221e-01
2.603588070639794250e+00 3.376000000000006773e-01 2.593839903938021330e+00 3.417721518987344442e-01
2.575110574394541274e+00 3.424999999999996381e-01 2.565145821235413237e+00 3.464556962025316378e-01
