3.874887809549318884e+00 1.518999999999981823e-02 3.874279338585600918e+00 1.531645569620251716e-02
3.868810700570977090e+00 1.637999999999981138e-02 3.868212851509664318e+00 1.715189873417719696e-02
3.863375091643671322e+00 1.773999999999987393e-02 3.862782238617937125e+00 1.860759493670884057e-02
3.858429840680956957e+00 1.905999999999991035e-02 3.857856101846345087e+00 1.974683544303794391e-02
3.853864642126237250e+00 2.018999999999994757e-02 3.853326955603380011e+00 2.037974683544301405e-02
3.849607711135200283e+00 2.106999999999995335e-02 3.849116718495726008e+00 2.139240506329111863e-02
3.845584553413102125e+00 2.246999999999995876e-02 3.845134762696026165e+00 2.259493670886073696e-02
3.841747956724832047e+00 2.357999999999996210e-02 3.841347173496957090e+00 2.310126582278477364e-02
3.838060368711329939e+00 2.477999999999997219e-02 3.837720278271485430e+00 2.405063291139237711e-02
3.834492277200761912e+00 2.588000000000001410e-02 3.834219542830308747e+00 2.518987341772149433e-02
3.831015925975807868e+00 2.697000000000000786e-02 3.830823497352438878e+00 2.569620253164552753e-02
3.827616366042623675e+00 2.786000000000002710e-02 3.827494138069015062e+00 2.658227848101262641e-02
3.824272270149950081e+00 2.884000000000002187e-02 3.824219868383767373e+00 2.784810126582274933e-02
3.820972311951389866e+00 2.962000000000004560e-02 3.820986590074196165e+00 2.905063291139235379e-02
3.817704754156102886e+00 3.041999999999999565e-02 3.817785747618383407e+00 2.955696202531639741e-02
3.814451365822728590e+00 3.137999999999999123e-02 3.814594742858651522e+00 3.012658227848097683e-02
3.811205242412832650e+00 3.235999999999999988e-02 3.811399170534939707e+00 3.120253164556957212e-02
3.807951842741037485e+00 3.330000000000004484e-02 3.808190197926659692e+00 3.208860759493665366e-02
3.804670426622433599e+00 3.402000000000003632e-02 3.804954708943313779e+00 3.284810126582272255e-02
3.801351075461110618e+00 3.486000000000000903e-02 3.801673361087775316e+00 3.386075949367083060e-02
3.797983749089431704e+00 3.538000000000004336e-02 3.798338349945729053e+00 3.481012658227842366e-02
3.794556167929874935e+00 3.618000000000006627e-02 3.794941458161678494e+00 3.582278481012652477e-02
3.791064511766141898e+00 3.701000000000005674e-02 3.791473826165564720e+00 3.677215189873413170e-02
3.787505637575720563e+00 3.778000000000002884e-02 3.787941011018611359e+00 3.772151898734171088e-02
3.783866600404474756e+00 3.883999999999997177e-02 3.784330762095456713e+00 3.810126582278475921e-02
3.780141375031196294e+00 3.980000000000002286e-02 3.780628333773079497e+00 3.816455696202528114e-02
3.776319574571557869e+00 4.072000000000005476e-02 3.776818211733144803e+00 3.917721518987338919e-02
3.772392578377679051e+00 4.155999999999993033e-02 3.772892864025456650e+00 4.012658227848096837e-02
3.768350975252265922e+00 4.259999999999989490e-02 3.768844801465919936e+00 4.063291139240499811e-02
3.764190377341038118e+00 4.349000000000002863e-02 3.764674553632305631e+00 4.177215189873414308e-02
3.759901179592540554e+00 4.447999999999998483e-02 3.760368366780454163e+00 4.278481012658224419e-02
3.755473220960427128e+00 4.585999999999997717e-02 3.755920239809233063e+00 4.417721518987337975e-02
3.750896243067871172e+00 4.692999999999994398e-02 3.751324944050845822e+00 4.518987341772148086e-02
3.746158178080862822e+00 4.815999999999996672e-02 3.746561442481955773e+00 4.696202531645565781e-02
3.741257522297395166e+00 4.931999999999994722e-02 3.741628204400119895e+00 4.841772151898729448e-02
3.736190430447528854e+00 5.069000000000004058e-02 3.736532151215419262e+00 4.987341772151895197e-02
3.730947740953714842e+00 5.204000000000003762e-02 3.731251742537090355e+00 5.170886075949365085e-02
3.725529145217814531e+00 5.368999999999998080e-02 3.725790090121583464e+00 5.240506329113920475e-02
3.719935751284595860e+00 5.538000000000008194e-02 3.720144097054286281e+00 5.405063291139233089e-02
3.714157934581901799e+00 5.684999999999999776e-02 3.714313199737889537e+00 5.607594936708859557e-02
3.708192574971787447e+00 5.827999999999991521e-02 3.708285446819618247e+00 5.740506329113920919e-02
3.702036830852438953e+00 5.987999999999994716e-02 3.702057860955692448e+00 5.968354430379746445e-02
3.695682935007377434e+00 6.196999999999996261e-02 3.695634524700235790e+00 6.164556962025309617e-02
3.689139358750560316e+00 6.390000000000005398e-02 3.689020317325366172e+00 6.310126582278481611e-02
3.682397766450326682e+00 6.573000000000006615e-02 3.682196072221629368e+00 6.537974683544303667e-02
3.675461331265271969e+00 6.825000000000006062e-02 3.675165592406274051e+00 6.765822784810124335e-02
3.668312032877978801e+00 7.037000000000002975e-02 3.667919395408996142e+00 7.012658227848105053e-02
3.660941996173720625e+00 7.256999999999994011e-02 3.660465049718754749e+00 7.240506329113921558e-02
3.653338895423982269e+00 7.491999999999983395e-02 3.652784557194655779e+00 7.525316455696201556e-02
3.645504328760230894e+00 7.714999999999999636e-02 3.644863885766983280e+00 7.753164556962023612e-02
3.637438813697538187e+00 7.938999999999987733e-02 3.636692171345749180e+00 7.987341772151899943e-02
3.629132663687139271e+00 8.201999999999985691e-02 3.628273381670242603e+00 8.234177215189873722e-02
3.620573902668169364e+00 8.457999999999993301e-02 3.619600404765877855e+00 8.493670886075949111e-02
3.611752115589943912e+00 8.725999999999982382e-02 3.610652572807994787e+00 8.797468354430379445e-02
3.602658275122094356e+00 8.998999999999977850e-02 3.601424330381963745e+00 8.987341772151895281e-02
3.593281902884346568e+00 9.257999999999978746e-02 3.591917524051950750e+00 9.291139240506328389e-02
3.583621933499447465e+00 9.568999999999981687e-02 3.582125122758173408e+00 9.601265822784808834e-02
3.573684915306066134e+00 9.884999999999977138e-02 3.572045773896109555e+00 9.873417721518981671e-02
3.563466633185642163e+00 1.020199999999999857e-01 3.561678239337859875e+00 1.017721518987341894e-01
3.552951216214761399e+00 1.053599999999997733e-01 3.551009250095051417e+00 1.052531645569620422e-01
3.542131702451706499e+00 1.088099999999998513e-01 3.540049403359459390e+00 1.092405063291138900e-01
3.530996859096995788e+00 1.127800000000000052e-01 3.528781761183533927e+00 1.125316455696202395e-01
3.519550148282781343e+00 1.167000000000000121e-01 3.517194753413952046e+00 1.163924050632911267e-01
3.507786121884719499e+00 1.202499999999997876e-01 3.505282535101964303e+00 1.201265822784810117e-01
3.495697392551275762e+00 1.244299999999999989e-01 3.493043249314845333e+00 1.248101265822784550e-01
3.483266240379156997e+00 1.285699999999998511e-01 3.480460366455441434e+00 1.283544303797468922e-01
3.470494812995948752e+00 1.324800000000002087e-01 3.467539050263969802e+00 1.324683544303798255e-01
3.457380881000629458e+00 1.368800000000001404e-01 3.454275725061157765e+00 1.372784810126582711e-01
3.443917627173358031e+00 1.415999999999997816e-01 3.440661965503466924e+00 1.417721518987341278e-01
3.430108568582035833e+00 1.460199999999998999e-01 3.426697944144269314e+00 1.464556962025316822e-01
3.415946496946746347e+00 1.504099999999999326e-01 3.412384417603530284e+00 1.501265822784811077e-01
3.401424784677547386e+00 1.554599999999998761e-01 3.397713602881049955e+00 1.550632911392405833e-01
3.386536960342095615e+00 1.598099999999999243e-01 3.382691301699629616e+00 1.600632911392405322e-01
3.371277914339910975e+00 1.643299999999997818e-01 3.367314774497249363e+00 1.655696202531645456e-01
3.355657050718496404e+00 1.685999999999998056e-01 3.351587799458163541e+00 1.702531645569620444e-01
3.339679372151057812e+00 1.726499999999996648e-01 3.335510983154631681e+00 1.760759493670886744e-01
3.323343774666510431e+00 1.768899999999998252e-01 3.319092841570841834e+00 1.801898734177216355e-01
3.306647331170219140e+00 1.811699999999995536e-01 3.302337757926942619e+00 1.846835443037975477e-01
3.289597883336025763e+00 1.857299999999993401e-01 3.285230121140527260e+00 1.885443037974685598e-01
3.272192647398806553e+00 1.900699999999993228e-01 3.267772793140800491e+00 1.930379746835443888e-01
3.254439038819538332e+00 1.944399999999998352e-01 3.249974307645846494e+00 1.968354430379746500e-01
3.236333066606733144e+00 1.985999999999994436e-01 3.231832147984235792e+00 2.018354430379749043e-01
3.217881298559682968e+00 2.032699999999996177e-01 3.213364738169012025e+00 2.062025316455696200e-01
3.199101145292012394e+00 2.077999999999996239e-01 3.194577217384195755e+00 2.112658227848101811e-01
3.179996184578659513e+00 2.120599999999993601e-01 3.175472249859315088e+00 2.146835443037974911e-01
3.160563968814200209e+00 2.164399999999995772e-01 3.156043565551439833e+00 2.209493670886074901e-01
3.140818872833528008e+00 2.209099999999994124e-01 3.136319378619346399e+00 2.265189873417720878e-01
3.120767828709306801e+00 2.254099999999996107e-01 3.116296453603257799e+00 2.300632911392404834e-01
3.100431105173067525e+00 2.295199999999999185e-01 3.095970627153505905e+00 2.338607594936709111e-01
3.079803446885140517e+00 2.345099999999998297e-01 3.075363617576249098e+00 2.389240506329112501e-01
3.058902451602253603e+00 2.389599999999995894e-01 3.054502498550496714e+00 2.427215189873418721e-01
3.037745296314930954e+00 2.435899999999995846e-01 3.033414963395352881e+00 2.467721518987341933e-01
3.016345913055099359e+00 2.486600000000000199e-01 3.012041441194153180e+00 2.515822784810126111e-01
2.994727441724134742e+00 2.537599999999999856e-01 2.990465714561488575e+00 2.572151898734177378e-01
2.972895444684873212e+00 2.585799999999996990e-01 2.968688877470705645e+00 2.613924050632912000e-01
2.950866882870530450e+00 2.639199999999999324e-01 2.946713815469940378e+00 2.665822784810127355e-01
2.928677857346868141e+00 2.689300000000002244e-01 2.924617335237928106e+00 2.718354430379748554e-01
2.906356447153078726e+00 2.739200000000003299e-01 2.902403740955378009e+00 2.763924050632911023e-01
2.883920453245118143e+00 2.784200000000007225e-01 2.880031417775032132e+00 2.806329113924053154e-01
2.861404714408692485e+00 2.840100000000003178e-01 2.857570697475823707e+00 2.860126582278481044e-01
2.838834612611377484e+00 2.893000000000004457e-01 2.835061831443111746e+00 2.911392405063290556e-01
