3.857368779409154236e+00 1.880999999999987543e-02 3.856936091319449034e+00 1.873417721518985321e-02
2.349654727401947252e+00 3.906100000000003458e-01 2.353450409925192943e+00 3.890506329113924133e-01
1.430876643252602332e+00 5.979200000000001181e-01 1.429583561231722477e+00 5.951265822784806980e-01
1.220517225687087759e+00 6.486000000000003984e-01 1.222505526657988728e+00 6.456962025316455023e-01
1.067972903549182950e+00 6.899100000000008004e-01 1.076635373603702428e+00 6.887341772151897024e-01
9.670398806554855176e-01 7.136800000000015354e-01 9.781387837752745229e-01 7.122784810126581156e-01
8.753533095499491656e-01 7.399299999999993105e-01 8.889418300782697679e-01 7.350632911392404045e-01
8.158612311697865938e-01 7.555199999999990812e-01 8.332009094547919714e-01 7.527215189873418533e-01
7.614910580682141550e-01 7.709499999999976927e-01 7.810178596938741613e-01 7.628481012658228089e-01
7.327505743040712005e-01 7.773899999999971389e-01 7.580409933599593364e-01 7.733544303797470487e-01
6.857719613146495696e-01 7.899299999999990218e-01 7.140249861472950377e-01 7.793670886075948490e-01
6.668320540366639015e-01 7.924999999999962075e-01 6.932027799476915275e-01 7.844303797468359374e-01
6.480607504890396608e-01 7.993299999999987637e-01 6.801621782852584897e-01 7.881012658227849466e-01
6.177319596709774929e-01 8.046399999999978014e-01 6.532656704632745504e-01 7.935443037974682090e-01
6.025520584852326333e-01 8.080399999999987593e-01 6.388410069458084761e-01 7.975316455696203066e-01
5.765832539785286093e-01 8.169300000000001560e-01 6.155973531345199090e-01 8.082278481012662441e-01
5.698888615119288570e-01 8.160799999999999166e-01 6.155983459398248758e-01 8.029113924050631512e-01
5.596277368061980395e-01 8.204999999999985638e-01 6.031609394382801970e-01 8.092405063291135958e-01
5.443201941989548320e-01 8.258000000000004226e-01 5.933623462457789932e-01 8.115822784810131640e-01
5.298594814949897369e-01 8.284200000000007114e-01 5.848734025999151598e-01 8.127848101265822134e-01
5.128254859600960280e-01 8.330400000000023342e-01 5.657615450726737327e-01 8.191772151898736309e-01
5.031491547424804534e-01 8.363199999999999523e-01 5.633034167009050019e-01 8.168987341772148136e-01
4.970589283929419122e-01 8.363000000000025969e-01 5.558779169512797491e-01 8.174050632911389336e-01
5.082217579585442957e-01 8.317700000000017857e-01 5.696205290078785177e-01 8.164556962025314446e-01
4.815165707802551154e-01 8.418900000000021366e-01 5.472613629461041684e-01 8.206329113924052399e-01
4.748394495528893144e-01 8.422600000000010079e-01 5.438291731883342361e-01 8.239240506329112979e-01
4.615318914481023049e-01 8.472700000000022991e-01 5.318985314023833011e-01 8.266455696202532621e-01
4.574158108370915410e-01 8.479100000000018289e-01 5.324012845315789777e-01 8.278481012658226446e-01
4.576482526063035405e-01 8.472900000000012088e-01 5.352857326299710339e-01 8.270253164556963243e-01
4.512355647174681739e-01 8.501300000000009405e-01 5.320550919567489379e-01 8.293670886075943383e-01
4.389308067961544824e-01 8.530200000000009997e-01 5.216179873790863786e-01 8.282911392405061246e-01
4.419233162457050779e-01 8.510900000000016785e-01 5.248777566404266848e-01 8.281012658227843160e-01
4.253221431271527186e-01 8.571900000000012287e-01 5.098970053245810430e-01 8.345569620253160403e-01
4.220332790316537741e-01 8.585800000000027854e-01 5.122385902353633336e-01 8.336075949367088844e-01
4.184472449832722374e-01 8.591200000000008830e-01 5.065644063596151936e-01 8.353164556962020537e-01
4.192163343746285742e-01 8.571800000000021624e-01 5.137179849598922932e-01 8.298734177215184582e-01
4.132999298349742112e-01 8.595100000000013285e-01 5.096756442735004278e-01 8.329746835443033737e-01
4.017975067485931584e-01 8.643500000000018391e-01 5.025658410388468278e-01 8.345569620253161514e-01
4.017727261002736472e-01 8.627900000000001679e-01 5.037262321411207777e-01 8.363291139240504046e-01
3.899608716749231596e-01 8.678700000000000303e-01 4.988415605196698244e-01 8.375949367088610931e-01
3.933478076212402197e-01 8.656600000000009842e-01 5.021434548160711442e-01 8.351898734177215511e-01
3.830582163096357684e-01 8.696200000000000596e-01 4.935134065996383823e-01 8.390506329113925910e-01
3.898799556083412665e-01 8.660400000000014753e-01 5.043518801628359416e-01 8.347468354430375159e-01
3.813856063607802827e-01 8.696400000000007458e-01 5.004906221470976080e-01 8.359493670886074534e-01
3.828415870689958478e-01 8.659700000000004616e-01 5.030800563251143220e-01 8.355696202531646133e-01
3.690620847744136568e-01 8.727200000000000513e-01 4.881148978762295809e-01 8.394303797468350981e-01
3.631423906720725459e-01 8.748399999999986187e-01 4.868848020852962200e-01 8.399999999999996358e-01
3.621890326592812626e-01 8.744799999999979256e-01 4.902967647914436844e-01 8.378481012658233196e-01
3.614917681259309790e-01 8.738099999999998646e-01 4.902699643806940344e-01 8.373417721518986445e-01
3.576534322123717802e-01 8.762599999999981515e-01 4.898085174701607425e-01 8.392405063291138445e-01
3.558475103385979055e-01 8.754199999999990878e-01 4.917940304684127462e-01 8.356962025316455600e-01
3.497904911980100895e-01 8.786199999999989574e-01 4.860490191992163367e-01 8.387341772151899466e-01
3.505264396496654555e-01 8.777299999999990110e-01 4.927277876322402328e-01 8.382278481012656046e-01
3.505907661842422307e-01 8.765399999999999858e-01 4.947369043549018075e-01 8.382278481012659377e-01
3.430063107393601651e-01 8.805399999999984351e-01 4.899423052306719484e-01 8.386075949367086668e-01
3.553370247936475934e-01 8.756399999999991968e-01 5.030286361287220620e-01 8.343037974683540359e-01
3.419247701098150904e-01 8.806399999999987571e-01 4.915269596605940650e-01 8.399367088607598841e-01
3.337039557179419802e-01 8.838399999999980716e-01 4.859649372987158156e-01 8.392405063291137335e-01
3.323089901573798577e-01 8.827999999999992520e-01 4.903246177159559238e-01 8.403164556962023912e-01
3.338366664848090859e-01 8.827899999999978542e-01 4.950894137011890850e-01 8.363924050632904894e-01
3.267810792306601320e-01 8.862299999999977418e-01 4.877365518026873792e-01 8.417088607594931382e-01
3.259382943055347814e-01 8.848699999999978250e-01 4.885747630725327251e-01 8.413924050632909379e-01
3.171496556274226442e-01 8.891299999999975334e-01 4.841060318365733028e-01 8.416455696202527204e-01
3.166153187681501335e-01 8.886899999999969824e-01 4.892882232875011561e-01 8.399367088607592180e-01
3.195670227910971661e-01 8.873199999999973331e-01 4.939236825697727595e-01 8.389240506329110891e-01
3.120355135157034110e-01 8.899099999999965371e-01 4.844341438636795005e-01 8.417088607594935823e-01
3.113316396562788579e-01 8.890499999999971203e-01 4.909446960648107261e-01 8.379113924050626272e-01
3.079349711965824743e-01 8.912399999999971456e-01 4.873518349539172068e-01 8.404430379746834490e-01
3.037948362171634109e-01 8.912899999999965850e-01 4.898395702100473148e-01 8.406329113924051466e-01
3.039070358353234136e-01 8.925199999999963163e-01 4.928655249411006967e-01 8.419620253164554757e-01
2.970425619167184617e-01 8.948799999999952348e-01 4.847949560757978116e-01 8.401898734177211114e-01
2.993566166506144710e-01 8.941999999999961091e-01 4.898989058365537663e-01 8.382911392405064666e-01
3.034823989639828246e-01 8.908899999999957409e-01 4.958226005887041987e-01 8.374683544303790361e-01
2.963329798943880600e-01 8.931199999999966943e-01 4.917768306823832591e-01 8.386075949367085558e-01
3.011342379419814641e-01 8.923099999999957177e-01 4.990735417672397256e-01 8.384810126582272760e-01
2.913899388007037961e-01 8.963599999999968260e-01 4.889496779681902217e-01 8.413924050632903828e-01
2.896070059274781228e-01 8.954999999999958549e-01 4.942830500746508426e-01 8.401898734177218886e-01
2.874702425890372504e-01 8.964999999999966329e-01 4.940364843728731192e-01 8.419620253164553647e-01
2.839114813990142872e-01 8.981899999999950479e-01 4.920710809543708542e-01 8.391139240506324537e-01
2.814065890186980834e-01 8.992399999999958204e-01 4.925062883428320548e-01 8.398101265822781603e-01
2.758428110357480367e-01 9.007699999999952967e-01 4.911715240314695197e-01 8.411392405063289335e-01
2.784802522360362853e-01 8.989299999999954549e-01 4.985696016021225474e-01 8.379746835443034891e-01
2.768721264271820637e-01 9.007499999999957208e-01 4.953010863622187010e-01 8.422151898734174802e-01
2.799636512583205672e-01 8.993299999999956329e-01 5.039098148038658742e-01 8.387341772151899466e-01
2.743883050187814199e-01 9.010699999999968179e-01 4.986735989885446863e-01 8.399367088607592180e-01
2.870882745014726178e-01 8.943299999999952954e-01 5.185037665367515647e-01 8.344303797468345385e-01
2.698692596643496033e-01 9.019399999999959672e-01 5.048173910118534113e-01 8.394936708860758490e-01
2.620086776208787605e-01 9.066399999999946724e-01 4.997081436461975890e-01 8.410759493670887377e-01
2.684083999964901324e-01 9.031899999999953854e-01 5.040698688988646259e-01 8.392405063291142886e-01
2.650321045496990546e-01 9.043699999999963435e-01 5.047736858085654088e-01 8.403797468354429201e-01
2.598924577342587305e-01 9.058399999999957597e-01 5.054977288613742292e-01 8.413291139240505201e-01
2.602467009848129509e-01 9.060799999999968879e-01 5.076716315022861137e-01 8.362658227848097647e-01
2.617127024672260549e-01 9.047099999999957953e-01 5.133141054639599465e-01 8.399999999999996358e-01
2.547862216515474065e-01 9.078899999999954229e-01 5.069970293372439984e-01 8.403797468354429201e-01
2.577280802456445863e-01 9.053899999999955872e-01 5.107738033249984433e-01 8.373417721518989776e-01
2.527035282694977680e-01 9.085099999999950438e-01 5.123419917887048758e-01 8.398734177215192442e-01
2.587092953282421059e-01 9.031099999999958605e-01 5.205453496241511102e-01 8.349367088607592136e-01
2.439163743883365487e-01 9.124099999999968347e-01 5.065326775247728230e-01 8.408227848101261781e-01
2.540449696910919708e-01 9.076399999999948953e-01 5.212895003709175912e-01 8.370886075949366401e-01
2.500538513436015853e-01 9.093399999999962624e-01 5.180780076422266678e-01 8.371518987341775020e-01
2.466360627191683252e-01 9.111299999999959986e-01 5.161385277521632897e-01 8.394303797468350981e-01
