3.898283219566215152e+00 1.235999999999985721e-02 3.898608283963198140e+00 1.341772151898734319e-02
1.053864019219336701e+00 6.857800000000007223e-01 1.064798897747625928e+00 6.825949367088610664e-01
8.039694720038085274e-01 7.513400000000003409e-01 8.325598365593723793e-01 7.448734177215190488e-01
7.096408043661399656e-01 7.761899999999972710e-01 7.402781325416932789e-01 7.662025316455696178e-01
6.267383521256648660e-01 8.014499999999989965e-01 6.661335550828233476e-01 7.870253164556957337e-01
5.927233003738172634e-01 8.065899999999982528e-01 6.370335662471231508e-01 7.900632911392401203e-01
5.518742290170640663e-01 8.202399999999996361e-01 6.029402551041589398e-01 8.037974683544301113e-01
5.230868841386780987e-01 8.265100000000009661e-01 5.735047777050291673e-01 8.105063291139240622e-01
5.194112149643584919e-01 8.283300000000015650e-01 5.813141857222778874e-01 8.097468354430378268e-01
5.311338780288332728e-01 8.201600000000004442e-01 5.946128235126079131e-01 8.043037974683543423e-01
4.791518360509402497e-01 8.389200000000018864e-01 5.459873577463284500e-01 8.190506329113922401e-01
4.671610580384794043e-01 8.437400000000024880e-01 5.411959131987866822e-01 8.199367088607589782e-01
4.703780209046670713e-01 8.417100000000014015e-01 5.557055991564057162e-01 8.172151898734173470e-01
4.746851739384822522e-01 8.399700000000015487e-01 5.569937422365789370e-01 8.138607594936705381e-01
4.840124877097389255e-01 8.362700000000015121e-01 5.742634644316588766e-01 8.127215189873421286e-01
4.460726483728026937e-01 8.468500000000021011e-01 5.455827501852228423e-01 8.191772151898732979e-01
4.403553036322315761e-01 8.495400000000016272e-01 5.437008975550887691e-01 8.217721518987339824e-01
4.154951837610972309e-01 8.572600000000014653e-01 5.202638276250930449e-01 8.244303797468349737e-01
4.228961326419561906e-01 8.534400000000028630e-01 5.355160697328856800e-01 8.208860759493666892e-01
4.109660487894741809e-01 8.575700000000017198e-01 5.333997309462245040e-01 8.246202531645568934e-01
4.062002286064594347e-01 8.587000000000015731e-01 5.241576107373460136e-01 8.273417721518987467e-01
4.222463386815392683e-01 8.523500000000014953e-01 5.502877530533204498e-01 8.184177215189871735e-01
3.965665407779446761e-01 8.613900000000012103e-01 5.273275457601189764e-01 8.252531645569616270e-01
4.280486653586045853e-01 8.512500000000011724e-01 5.647907825348973399e-01 8.154430379746829827e-01
3.934881295339839324e-01 8.626900000000010671e-01 5.345557843794813691e-01 8.265189873417719824e-01
3.981615399649348075e-01 8.610900000000005772e-01 5.433200884293006849e-01 8.196202531645571110e-01
3.924652023394561984e-01 8.620100000000031626e-01 5.418008571551479191e-01 8.236075949367084315e-01
3.900473235903877400e-01 8.642900000000003358e-01 5.429399515952669786e-01 8.262658227848099779e-01
3.785754606509764142e-01 8.683699999999996422e-01 5.335516082010808292e-01 8.280379746835445642e-01
3.692924259797392139e-01 8.699399999999997135e-01 5.309356147524437741e-01 8.312025316455693424e-01
3.814794872844139983e-01 8.634600000000006714e-01 5.434507541932008801e-01 8.208860759493670223e-01
3.907443194625800365e-01 8.597400000000005038e-01 5.659205005715741699e-01 8.189873417721517113e-01
3.736583325964376034e-01 8.659400000000002651e-01 5.506456569817644864e-01 8.215822784810121737e-01
3.607333519923625609e-01 8.741899999999986903e-01 5.326537498433659978e-01 8.298734177215186802e-01
3.615661484515024782e-01 8.724700000000001898e-01 5.434133572838930615e-01 8.271518987341771600e-01
3.603814176140993641e-01 8.703100000000004721e-01 5.419345054806256057e-01 8.240506329113923556e-01
3.471340676379283119e-01 8.765899999999983150e-01 5.413532663285401947e-01 8.272784810126578847e-01
3.609175421373544967e-01 8.712799999999990552e-01 5.552891903279543184e-01 8.241772151898734133e-01
3.573417248890639608e-01 8.726999999999998092e-01 5.503371093382298795e-01 8.289873417721516091e-01
3.581644981836851205e-01 8.720200000000000173e-01 5.629399934756158519e-01 8.246835443037969782e-01
3.397248539409610246e-01 8.780699999999993510e-01 5.397123871778943816e-01 8.268987341772152666e-01
3.436812694212988961e-01 8.756799999999973494e-01 5.539787857044409236e-01 8.251265822784815684e-01
3.528501047822650283e-01 8.722099999999993747e-01 5.596899608091238099e-01 8.212025316455692225e-01
3.401566406027296541e-01 8.762699999999986611e-01 5.513181367720058068e-01 8.263291139240502847e-01
3.359912770281074379e-01 8.791199999999974590e-01 5.502445299068652318e-01 8.241772151898731913e-01
3.482411700951446032e-01 8.748299999999989973e-01 5.649700051656758593e-01 8.253797468354427957e-01
3.435780107614334611e-01 8.738999999999995660e-01 5.634069826817628135e-01 8.205696202531642669e-01
3.300893882770904453e-01 8.811499999999972133e-01 5.616704949816970771e-01 8.266455696202527070e-01
3.336603954161204699e-01 8.801699999999984536e-01 5.657004978197910372e-01 8.271518987341771600e-01
3.307419425569753102e-01 8.821999999999979858e-01 5.631181448666349176e-01 8.303164556962021603e-01
3.387856613362223990e-01 8.762399999999994638e-01 5.834426057202206639e-01 8.175316455696197693e-01
3.293839032571471148e-01 8.807899999999981855e-01 5.661292344272408350e-01 8.249999999999997335e-01
3.226914542660174745e-01 8.835599999999966814e-01 5.705554017910829945e-01 8.262025316455692270e-01
3.487062922225250827e-01 8.733299999999989405e-01 5.850543100538579955e-01 8.182911392405058937e-01
3.153625229219746973e-01 8.867499999999981508e-01 5.650858910676457292e-01 8.279113924050629514e-01
3.280644560896848194e-01 8.796299999999986907e-01 5.755142339047966127e-01 8.227848101265818892e-01
3.171246024620828496e-01 8.847599999999978815e-01 5.765192755698002047e-01 8.229113924050629469e-01
3.397015059418382332e-01 8.764499999999990631e-01 6.058869941673120652e-01 8.133544303797466402e-01
3.126148705583681187e-01 8.843499999999976380e-01 5.756406182216307066e-01 8.229746835443032538e-01
3.141851410708842995e-01 8.862799999999975142e-01 5.779042543462095116e-01 8.250632911392398183e-01
3.224922049186583761e-01 8.817399999999983029e-01 5.843964859279993096e-01 8.193670886075947735e-01
3.159914914112994522e-01 8.843599999999989247e-01 5.889905234073911089e-01 8.213924050632909202e-01
3.194849397714393247e-01 8.820399999999983809e-01 5.944008501272500800e-01 8.215189873417720889e-01
3.070802809880936457e-01 8.878399999999974090e-01 5.885232306201267916e-01 8.206329113924046847e-01
3.185967440852990329e-01 8.830799999999978667e-01 5.953188149612980151e-01 8.206329113924050178e-01
3.179259011174760396e-01 8.836499999999974930e-01 6.008053745383236111e-01 8.192405063291139378e-01
3.142024289796391257e-01 8.849299999999979960e-01 6.059538880506358804e-01 8.170253164556956493e-01
3.308378200736435959e-01 8.773299999999992771e-01 6.198967969517957810e-01 8.121518987341768137e-01
3.044413233532724528e-01 8.870199999999970331e-01 6.034889085291366140e-01 8.209493670886076622e-01
3.120643242015775920e-01 8.846899999999975339e-01 6.079963938089546494e-01 8.182278481012654758e-01
2.962125973528801914e-01 8.917199999999974036e-01 5.974653060853024611e-01 8.231645569620255065e-01
3.085425491226373440e-01 8.859499999999980169e-01 6.144577871713837736e-01 8.201265822784807868e-01
2.955953332638269759e-01 8.906799999999974737e-01 6.027196848346664249e-01 8.184810126582272582e-01
3.021466989912595658e-01 8.873599999999972621e-01 6.043490494066493524e-01 8.191139240506329910e-01
3.094669446945162994e-01 8.852099999999992752e-01 6.133197977411859458e-01 8.193670886075947735e-01
3.106144919500343771e-01 8.841499999999967718e-01 6.272097395584423918e-01 8.187341772151899288e-01
2.902859783176898745e-01 8.923399999999966914e-01 6.080092105438408279e-01 8.214556962025314490e-01
2.911384600171750270e-01 8.927999999999949310e-01 6.080448081046332387e-01 8.227215189873416934e-01
3.038804853993539723e-01 8.862699999999966716e-01 6.207580893072301986e-01 8.194936708860757202e-01
2.808928899803326273e-01 8.974199999999963318e-01 6.023410169763501187e-01 8.205063291139241821e-01
2.928154335008358866e-01 8.907999999999969276e-01 6.268689360140826672e-01 8.167088607594931160e-01
2.990769281755729647e-01 8.892899999999964722e-01 6.242991247957597745e-01 8.210759493670884979e-01
2.971706921235270360e-01 8.890199999999965907e-01 6.339048748280059487e-01 8.181645569620253911e-01
2.930402980755115183e-01 8.907799999999965745e-01 6.245476861875662866e-01 8.215822784810126178e-01
2.970934366232282908e-01 8.867799999999972371e-01 6.370658746003979855e-01 8.158860759493669068e-01
2.806958252444464175e-01 8.967299999999962523e-01 6.179000435572951089e-01 8.218354430379749553e-01
2.980647492697238721e-01 8.896399999999958785e-01 6.417303360520408839e-01 8.165189873417723065e-01
2.888708667751245240e-01 8.918999999999975836e-01 6.334241043629627033e-01 8.168987341772149247e-01
2.945579867514339645e-01 8.894499999999966322e-01 6.399333634947516058e-01 8.176582278481012711e-01
2.906639913511812057e-01 8.917199999999966264e-01 6.457745687542646440e-01 8.188607594936708756e-01
2.932593870995807150e-01 8.889899999999977265e-01 6.451769493285498536e-01 8.153164556962022580e-01
2.934035010816547495e-01 8.892699999999970073e-01 6.447750704409884737e-01 8.153164556962022580e-01
3.121982113495289091e-01 8.813899999999977863e-01 6.672748822843294070e-01 8.093037974683539026e-01
2.851457034012188640e-01 8.942399999999969262e-01 6.443731748910789259e-01 8.222784810126583244e-01
2.929618218856503420e-01 8.914499999999963009e-01 6.664666059002734011e-01 8.173417721518986268e-01
2.877771284550889042e-01 8.894299999999981665e-01 6.587979903964115147e-01 8.134177215189872800e-01
2.761031546934608616e-01 8.977599999999948954e-01 6.563142824056635849e-01 8.190506329113923512e-01
2.824838966383311223e-01 8.926799999999974755e-01 6.565180375941476187e-01 8.147468354430379422e-01
2.792954304375077634e-01 8.940399999999962821e-01 6.605271919054256369e-01 8.156329113924045693e-01
2.811332251408263372e-01 8.939499999999953594e-01 6.563614717025051393e-01 8.137974683544298982e-01
2.848581030226398081e-01 8.926999999999964963e-01 6.799030287360097180e-01 8.153164556962021470e-01
