3.865839684433451051e+00 2.645000000000002210e-02 3.864975656755107014e+00 2.829113924050627796e-02
9.145590880963736513e-01 7.313100000000011258e-01 9.238953498154263144e-01 7.266455696202533954e-01
6.891251320981346407e-01 7.842399999999977167e-01 7.113302694862672082e-01 7.785443037974685287e-01
6.116086255925242687e-01 8.032799999999995499e-01 6.439224430031359470e-01 7.940506329113919959e-01
5.560652116998903161e-01 8.191000000000001613e-01 5.931394351767702577e-01 8.072784810126578670e-01
5.128261110975670389e-01 8.286800000000008604e-01 5.642742802209386177e-01 8.142405063291139333e-01
4.903897478952047306e-01 8.376300000000014290e-01 5.530451595913247198e-01 8.181645569620250580e-01
4.548441055008545231e-01 8.432900000000008722e-01 5.302375656870209619e-01 8.222784810126579913e-01
4.370756283568296152e-01 8.522199999999998665e-01 5.147729870629927929e-01 8.317721518987335472e-01
4.192044839358748387e-01 8.549300000000013000e-01 5.124772846158480721e-01 8.296835443037970936e-01
3.877347538639978053e-01 8.659300000000006436e-01 4.884840900725033741e-01 8.364556962025311293e-01
3.808652067743935055e-01 8.672400000000006770e-01 4.868136263274919218e-01 8.387341772151893915e-01
3.707040872226176620e-01 8.688800000000000967e-01 4.854758698394017191e-01 8.389240506329110891e-01
3.663524509158604392e-01 8.707400000000009577e-01 4.889396495729805836e-01 8.363924050632906004e-01
3.474041998775680984e-01 8.770599999999990626e-01 4.749879924569240797e-01 8.428481012658225469e-01
3.423413741478544270e-01 8.777899999999994041e-01 4.847551360769347117e-01 8.388607594936712264e-01
3.344981767453540922e-01 8.806499999999983785e-01 4.858559766539355951e-01 8.389873417721519511e-01
3.264607069064209832e-01 8.829699999999993665e-01 4.841591669480392324e-01 8.398101265822784933e-01
3.226082954026391891e-01 8.834399999999982267e-01 4.901020506635344054e-01 8.388607594936707823e-01
3.115491661241782118e-01 8.875299999999975986e-01 4.819501610021645344e-01 8.406962025316451204e-01
3.033770376333747021e-01 8.892499999999968763e-01 4.825685517482791731e-01 8.412658227848102133e-01
2.973415759328816299e-01 8.926799999999968094e-01 4.799016952234113620e-01 8.425316455696204576e-01
2.883926000382326937e-01 8.954599999999953708e-01 4.822699276868032126e-01 8.444303797468353245e-01
2.775369100569361480e-01 8.991699999999959170e-01 4.808409809687373415e-01 8.449999999999999734e-01
2.770590596008979944e-01 8.947699999999970677e-01 4.885460845073312242e-01 8.386708860759490847e-01
2.677237701390384750e-01 9.016499999999950665e-01 4.910870527377411143e-01 8.453164556962023957e-01
2.681695201342574331e-01 9.001599999999961854e-01 4.971957450489709607e-01 8.432278481012659421e-01
2.620079806525240640e-01 9.027799999999953640e-01 4.995213874081249061e-01 8.415822784810125246e-01
2.632433074215033142e-01 9.017699999999969629e-01 5.060313541119808578e-01 8.382911392405060225e-01
2.590896729479246208e-01 9.029199999999957260e-01 5.193839022528498051e-01 8.379113924050625162e-01
2.447186712895542682e-01 9.093199999999961314e-01 5.032589924467458786e-01 8.406329113924048135e-01
2.344649449350093839e-01 9.120499999999955865e-01 5.035694163659076850e-01 8.421518987341772844e-01
2.488968997705958419e-01 9.047699999999966325e-01 5.258586552342960907e-01 8.379113924050631823e-01
2.474777169851463954e-01 9.056199999999956507e-01 5.299709534007231992e-01 8.357594936708859779e-01
2.281821335978461984e-01 9.134499999999958764e-01 5.214251335782288388e-01 8.428481012658219917e-01
2.464915636357355722e-01 9.035599999999947007e-01 5.493595688874697291e-01 8.334177215189871868e-01
2.271789934618812790e-01 9.139199999999966240e-01 5.396652474906210584e-01 8.373417721518984225e-01
2.230788780092431700e-01 9.156499999999959671e-01 5.323997115899947730e-01 8.413924050632907159e-01
2.201624684276337340e-01 9.166999999999955184e-01 5.442342306224550175e-01 8.384810126582282752e-01
2.079328766252497573e-01 9.220199999999973972e-01 5.343027299546176945e-01 8.419620253164553647e-01
2.151933791678973251e-01 9.169099999999970052e-01 5.468128383911015078e-01 8.381645569620248537e-01
2.122539341881544694e-01 9.171599999999965336e-01 5.565180393156820005e-01 8.346202531645566802e-01
2.055212895467697642e-01 9.198199999999968623e-01 5.655631202276336644e-01 8.355696202531643912e-01
1.972114903666338515e-01 9.236299999999977306e-01 5.535287442080618625e-01 8.374683544303799243e-01
1.978786536190680068e-01 9.245599999999992713e-01 5.682340821474259895e-01 8.390506329113921469e-01
1.956973604353975105e-01 9.240899999999983017e-01 5.746987059992130220e-01 8.330379746835443466e-01
1.928679253408319139e-01 9.255899999999986916e-01 5.883464358492295210e-01 8.410126582278478757e-01
1.959511456933052953e-01 9.234199999999979092e-01 5.947017556570148855e-01 8.365189873417713251e-01
1.884406915994046861e-01 9.275099999999990574e-01 5.972375048341601600e-01 8.379113924050634044e-01
1.840847841564745568e-01 9.290199999999995129e-01 6.016203116737531831e-01 8.365822784810121870e-01
1.779226047093680485e-01 9.318400000000010008e-01 5.991924159597311617e-01 8.343037974683543689e-01
1.841735939864577176e-01 9.281099999999995465e-01 6.196517206478344697e-01 8.293670886075951154e-01
1.765922436190363320e-01 9.312300000000027778e-01 6.101912883083306927e-01 8.328481012658227600e-01
1.862592561327036378e-01 9.266000000000006454e-01 6.329381130046274340e-01 8.320886075949367466e-01
1.838417296528783718e-01 9.286299999999994004e-01 6.412050700071793008e-01 8.316455696202528225e-01
1.769136359065339448e-01 9.313599999999992995e-01 6.377267147312297713e-01 8.348734177215187957e-01
1.682429258722044907e-01 9.348100000000025833e-01 6.315065398874357694e-01 8.351898734177215511e-01
1.701157503847249841e-01 9.339700000000032976e-01 6.442597155127635089e-01 8.359493670886070094e-01
1.644512694266462849e-01 9.350000000000034950e-01 6.485107777746380586e-01 8.332278481012660443e-01
1.646168547881974586e-01 9.352300000000023372e-01 6.667362179394281663e-01 8.311392405063289246e-01
1.662718520747188955e-01 9.349100000000011290e-01 6.887724149901963688e-01 8.285443037974684621e-01
1.637206033540969941e-01 9.360000000000024967e-01 6.811228736388104110e-01 8.318987341772151600e-01
1.481411269928773200e-01 9.427900000000062342e-01 6.708600581640751237e-01 8.317088607594931293e-01
1.610537307032714194e-01 9.367000000000028637e-01 6.863430508168328892e-01 8.310126582278485330e-01
1.589179352190996097e-01 9.364000000000028967e-01 6.904234733799489154e-01 8.298734177215179031e-01
1.524128249379075040e-01 9.397600000000049247e-01 7.022902591978211762e-01 8.343037974683538138e-01
1.546741206893856302e-01 9.376400000000036927e-01 7.127296306570223283e-01 8.291139240506322228e-01
1.587070482611283861e-01 9.370900000000021990e-01 7.277749261504975475e-01 8.288607594936707734e-01
1.573332911939770984e-01 9.366100000000033843e-01 7.377456112268597765e-01 8.271518987341773821e-01
1.541073687556640259e-01 9.388100000000029199e-01 7.355388449661589556e-01 8.279746835443032582e-01
1.464235600340422772e-01 9.414700000000062463e-01 7.338040087899303510e-01 8.281012658227848711e-01
1.480905851183276500e-01 9.407800000000047236e-01 7.454126965685595740e-01 8.305696202531641648e-01
1.493732041805748700e-01 9.376400000000018053e-01 7.565256268465486711e-01 8.260126582278480845e-01
1.439856045568438103e-01 9.425300000000046419e-01 7.600704320657438728e-01 8.233544303797468711e-01
1.404714171029201597e-01 9.444000000000080108e-01 7.650421020772325553e-01 8.260759493670881692e-01
1.408651850085970436e-01 9.436700000000068922e-01 7.736204567406563815e-01 8.256329113924048002e-01
1.568382666026678085e-01 9.358700000000022001e-01 7.949505485287272633e-01 8.235443037974682357e-01
1.515678675236526718e-01 9.393600000000045247e-01 8.006481977406667561e-01 8.256962025316451070e-01
1.314540521044995081e-01 9.473400000000091747e-01 7.878201904279782397e-01 8.281012658227848711e-01
1.353203918999992539e-01 9.456700000000076711e-01 8.033733184842122288e-01 8.267088607594933469e-01
1.329439188342142475e-01 9.472200000000071674e-01 7.951053479454984751e-01 8.265189873417722044e-01
1.256167061793601880e-01 9.499800000000095945e-01 8.191849148100786016e-01 8.243670886075944448e-01
1.466362364048685307e-01 9.408600000000051367e-01 8.279286435037598313e-01 8.225949367088605246e-01
1.450990272269441217e-01 9.401800000000047897e-01 8.536439580531807181e-01 8.227215189873418044e-01
1.268978107750878548e-01 9.476100000000099444e-01 8.336766742367863747e-01 8.284177215189872934e-01
1.235664793214071022e-01 9.509100000000076935e-01 8.345035951464374602e-01 8.269620253164559065e-01
1.256656022378372095e-01 9.487100000000087130e-01 8.478468931160099142e-01 8.239240506329114089e-01
1.303693949131022323e-01 9.479500000000080639e-01 8.697063267134865772e-01 8.277848101265822267e-01
1.466197902468733827e-01 9.400400000000049827e-01 8.986676223137991526e-01 8.189873417721516002e-01
1.208315702427904259e-01 9.509900000000101050e-01 8.742488033226988309e-01 8.247468354430376181e-01
1.222347265709582964e-01 9.498200000000103227e-01 8.773591362252238790e-01 8.235443037974677916e-01
1.142686621495165727e-01 9.539900000000102187e-01 8.969838664629321556e-01 8.285443037974681291e-01
1.177281019668040135e-01 9.523200000000101584e-01 9.035242564582035563e-01 8.227215189873416934e-01
1.211905273486236223e-01 9.516000000000097714e-01 9.181946841619197386e-01 8.220886075949360716e-01
1.247277247056877564e-01 9.505900000000094829e-01 9.088488048037544065e-01 8.248101265822782580e-01
1.272436595829841977e-01 9.486300000000085220e-01 9.208821334459202923e-01 8.193670886075952176e-01
1.105632699452478024e-01 9.551900000000105306e-01 9.356578911073961669e-01 8.244936708860751695e-01
1.165863622472551181e-01 9.520600000000103424e-01 9.321780559733198190e-01 8.264556962025313425e-01
1.109376291493052447e-01 9.544400000000111683e-01 9.440474798388727162e-01 8.222151898734179065e-01
1.129516831422632539e-01 9.540200000000111924e-01 9.473958665199108120e-01 8.203164556962025955e-01
1.131443809474027423e-01 9.545700000000105767e-01 9.500863097791537593e-01 8.261392405063289202e-01
