3.898283219566215152e+00 1.235999999999985721e-02 3.898608283963198140e+00 1.341772151898734319e-02
3.794636959348645977e+00 3.952000000000001345e-02 3.794927025587593317e+00 3.772151898734175252e-02
3.715022273847809142e+00 7.544999999999996154e-02 3.715363683877515477e+00 7.569620253164560664e-02
3.618694403347600730e+00 1.216699999999999726e-01 3.618989994252540310e+00 1.231645569620253705e-01
3.492945014499635015e+00 1.700999999999995016e-01 3.493274186471421849e+00 1.694936708860760588e-01
3.330922312269524621e+00 2.120599999999994434e-01 3.331221935036309034e+00 2.120253164556963332e-01
3.134904654316355010e+00 2.484800000000002562e-01 3.134707920165235251e+00 2.516455696202531400e-01
2.919917416025075596e+00 2.954200000000006265e-01 2.919185411494484406e+00 2.970253164556962422e-01
2.705422564639067495e+00 3.414399999999997437e-01 2.703779325711678005e+00 3.408227848101265112e-01
2.506138553624047915e+00 3.845999999999993313e-01 2.503674182504991297e+00 3.827848101265822200e-01
2.330340984593656906e+00 4.210299999999996823e-01 2.326927029141994563e+00 4.216455696202531245e-01
2.180297256997626221e+00 4.512100000000006661e-01 2.176462650948069566e+00 4.514556962025317310e-01
2.053925636908965568e+00 4.780499999999999750e-01 2.049829382570138137e+00 4.767088607594935357e-01
1.949113117959956565e+00 4.981800000000004003e-01 1.944755873795478429e+00 4.956962025316458686e-01
1.861614564866860277e+00 5.148499999999995858e-01 1.857040470678042343e+00 5.110759493670884446e-01
1.788778988725816976e+00 5.279499999999998083e-01 1.784243913502064460e+00 5.246202531645567380e-01
1.727563718215976873e+00 5.396499999999991859e-01 1.723378512966307508e+00 5.372151898734176534e-01
1.675343281817069929e+00 5.509299999999995867e-01 1.671415812366237930e+00 5.469620253164556578e-01
1.630684581035623859e+00 5.590899999999993097e-01 1.626672600910042288e+00 5.548101265822786843e-01
1.592201022456213533e+00 5.667499999999988658e-01 1.588688092886625602e+00 5.622151898734178976e-01
1.558725157904177427e+00 5.744999999999993445e-01 1.555573684941128576e+00 5.687341772151897068e-01
1.529285207067326402e+00 5.805099999999996374e-01 1.526528902335060112e+00 5.736075949367088755e-01
1.503295815544394065e+00 5.876899999999987134e-01 1.500208075693091114e+00 5.824683544303798088e-01
1.480086125006038200e+00 5.925999999999991275e-01 1.477883891248728654e+00 5.874683544303800353e-01
1.458894781061770951e+00 5.981399999999987838e-01 1.456767866526364585e+00 5.918987341772149469e-01
1.439867875540825404e+00 6.014299999999999091e-01 1.438085205986730397e+00 5.971518987341769558e-01
1.422574700359645172e+00 6.061599999999996990e-01 1.421250306709024525e+00 6.015189873417717825e-01
1.406616804107190255e+00 6.093400000000004368e-01 1.405647039920269625e+00 6.044936708860757513e-01
1.391560476411942471e+00 6.134600000000001163e-01 1.390557690904888011e+00 6.080379746835442578e-01
1.377853848288114635e+00 6.169700000000001294e-01 1.377624940306636070e+00 6.119620253164553825e-01
1.365076077637823904e+00 6.198399999999989474e-01 1.365395801250837815e+00 6.141772151898736709e-01
1.352772327054491797e+00 6.234400000000001052e-01 1.353379233671575310e+00 6.172151898734175024e-01
1.341767282991922938e+00 6.258700000000002595e-01 1.342527460252755489e+00 6.199367088607594667e-01
1.331081541434713689e+00 6.287499999999986988e-01 1.331833170611624206e+00 6.246835443037976887e-01
1.320944712032633639e+00 6.310199999999992482e-01 1.322176055682147799e+00 6.286075949367090354e-01
1.311281434036241089e+00 6.337299999999997935e-01 1.312262933689876121e+00 6.306329113924054042e-01
1.301790749561646310e+00 6.364299999999994961e-01 1.303431315635229071e+00 6.342405063291139955e-01
1.293404710597686025e+00 6.384599999999996944e-01 1.295643406792636121e+00 6.351898734177215955e-01
1.284859967417891768e+00 6.407800000000006824e-01 1.286960534653715182e+00 6.374683544303795246e-01
1.276625792077160870e+00 6.428199999999997249e-01 1.279260791570800970e+00 6.387974683544306309e-01
1.269195107974264936e+00 6.445499999999989571e-01 1.271831723817059334e+00 6.410126582278482532e-01
1.261445248012786013e+00 6.469599999999994244e-01 1.264650078340425976e+00 6.436708860759495776e-01
1.254477595533223688e+00 6.482000000000007756e-01 1.257709216464159896e+00 6.455063291139241377e-01
1.247166360976975419e+00 6.501099999999998547e-01 1.250614056169143895e+00 6.463291139240504579e-01
1.239709470045159190e+00 6.519699999999989393e-01 1.243822627667948044e+00 6.473417721518986978e-01
1.234018997890919955e+00 6.532400000000005980e-01 1.237971864791035381e+00 6.493037974683544267e-01
1.226866422576115889e+00 6.556300000000006012e-01 1.231541400542872422e+00 6.519620253164558621e-01
1.220854958161074366e+00 6.567299999999992588e-01 1.225592719193573155e+00 6.531645569620254665e-01
1.214312954206278494e+00 6.585299999999997267e-01 1.218888978684858460e+00 6.532278481012655513e-01
1.208285590671313026e+00 6.605199999999999960e-01 1.212895780929720724e+00 6.565822784810129153e-01
1.202380535754120627e+00 6.614000000000004320e-01 1.207341050387314763e+00 6.572151898734177600e-01
1.196500746781757440e+00 6.631500000000013495e-01 1.201609693090655240e+00 6.589240506329109293e-01
1.191318750219772182e+00 6.651799999999998825e-01 1.196249364419164740e+00 6.613924050632911111e-01
1.185601296356164625e+00 6.662200000000013667e-01 1.190786239270690494e+00 6.618987341772148980e-01
1.179893190311395834e+00 6.679900000000000837e-01 1.185543156335495674e+00 6.636075949367089555e-01
1.174739681284217241e+00 6.690800000000011183e-01 1.180340218057281287e+00 6.647468354430375870e-01
1.169834843643411837e+00 6.705700000000014427e-01 1.175496299315550441e+00 6.663924050632918927e-01
1.164889494017268268e+00 6.720499999999998142e-01 1.171102249664885964e+00 6.677848101265823066e-01
1.159522583391817907e+00 6.730199999999998406e-01 1.165683173803564232e+00 6.691772151898734977e-01
1.154686537763916165e+00 6.742499999999995719e-01 1.160808351416947604e+00 6.711392405063292266e-01
1.149940280981825547e+00 6.755700000000015581e-01 1.156456870319131802e+00 6.716455696202532355e-01
1.145186416401480889e+00 6.766500000000000847e-01 1.151735229171509944e+00 6.742405063291141420e-01
1.140508163622461879e+00 6.778900000000007697e-01 1.147209957907714184e+00 6.751265822784813242e-01
1.135823785970241140e+00 6.789500000000019408e-01 1.142887910839246457e+00 6.743037974683545599e-01
1.131305173341650372e+00 6.798100000000005805e-01 1.138519338016467763e+00 6.760126582278481733e-01
1.126536187202230810e+00 6.812700000000020406e-01 1.133908891977759570e+00 6.777215189873416756e-01
1.122759941975523423e+00 6.823200000000009258e-01 1.130151676547117345e+00 6.781645569620253777e-01
1.117856661849853772e+00 6.835000000000002185e-01 1.125181943965398945e+00 6.801898734177215244e-01
1.114601902743472817e+00 6.842100000000009841e-01 1.122445391300161299e+00 6.805696202531646977e-01
1.109527902331101767e+00 6.858200000000005403e-01 1.116511020500762452e+00 6.827215189873415691e-01
1.105285831724047485e+00 6.869900000000020990e-01 1.113245489216736939e+00 6.837974683544304488e-01
1.101325012963509931e+00 6.879900000000019888e-01 1.109087308409271388e+00 6.841772151898736221e-01
1.096781681368117711e+00 6.892700000000011595e-01 1.104566291199679862e+00 6.855696202531643690e-01
1.093102500368089425e+00 6.906000000000017680e-01 1.101118569948488890e+00 6.870253164556959780e-01
1.088759267339780568e+00 6.911400000000005317e-01 1.096892095928734934e+00 6.877215189873420176e-01
1.084952676450096298e+00 6.918400000000005656e-01 1.093172229471270462e+00 6.879113924050634932e-01
1.081270405131324663e+00 6.928500000000016312e-01 1.089417607993169446e+00 6.884810126582278089e-01
1.077249944111159818e+00 6.948100000000019261e-01 1.085635617644037820e+00 6.901898734177215333e-01
1.073202210876329277e+00 6.950500000000009448e-01 1.081895261178676959e+00 6.920253164556957604e-01
1.069361711170084606e+00 6.963300000000005596e-01 1.078365050377197543e+00 6.929113924050632756e-01
1.065960021825243853e+00 6.974500000000013467e-01 1.074689940077650618e+00 6.905696202531647065e-01
1.061676085450448781e+00 6.988800000000011670e-01 1.070670664800853933e+00 6.950632911392408131e-01
1.058089689388515442e+00 6.993500000000023586e-01 1.067460953689506775e+00 6.960759493670890530e-01
1.054562482508118793e+00 7.007900000000006902e-01 1.063458703817276030e+00 6.955063291139241821e-01
1.051649893283369774e+00 7.006900000000023665e-01 1.061038967313448600e+00 6.965822784810126178e-01
1.047129842812946521e+00 7.026100000000005119e-01 1.056377962536453552e+00 6.971518987341771556e-01
1.044389771722209703e+00 7.033000000000023677e-01 1.053978797503071885e+00 6.982911392405063422e-01
1.040986024201450366e+00 7.044500000000017970e-01 1.050601373963871321e+00 6.984810126582277068e-01
1.036857852321486417e+00 7.055000000000021254e-01 1.046470291319067547e+00 6.997468354430383952e-01
1.033099549042858056e+00 7.061500000000026089e-01 1.043321758538247046e+00 7.025316455696201112e-01
1.029679915144959157e+00 7.069300000000023898e-01 1.039642332790152723e+00 7.019620253164559065e-01
1.026549017425109511e+00 7.080200000000012039e-01 1.036828158557898893e+00 7.030379746835443422e-01
1.023126789949038162e+00 7.090200000000013159e-01 1.033456574763562674e+00 7.039873417721518312e-01
1.019820538641425633e+00 7.098300000000020704e-01 1.029926097481383751e+00 7.066455696202535997e-01
1.016332116861337287e+00 7.106900000000017092e-01 1.026769343375968147e+00 7.056962025316453335e-01
1.013049475711434555e+00 7.113600000000008805e-01 1.023908705959343246e+00 7.059493670886077821e-01
1.010065078270196759e+00 7.121700000000008579e-01 1.021019750958839678e+00 7.061392405063294797e-01
1.006696537435934236e+00 7.132900000000016449e-01 1.017316306467505260e+00 7.072784810126580002e-01
1.003928612572313028e+00 7.138700000000004486e-01 1.014656828342934913e+00 7.083544303797469910e-01
1.000180159064246510e+00 7.148800000000018473e-01 1.011557043955267021e+00 7.077848101265823422e-01
9.969525251966973034e-01 7.157000000000016682e-01 1.008146463527846981e+00 7.099367088607597687e-01
