3.867048358145748654e+00 2.511000000000000384e-02 3.867658650175818114e+00 2.348101265822780809e-02
2.558183828861736675e+00 2.281699999999997897e-01 2.563299535743975621e+00 2.315822784810125101e-01
2.102817338726946428e+00 3.788900000000002266e-01 2.128175287291945050e+00 3.778481012658229110e-01
1.874821787173779342e+00 4.589400000000004587e-01 1.885393234249722161e+00 4.594936708860760111e-01
1.721349934303296525e+00 4.846800000000003883e-01 1.745980169415064065e+00 4.765189873417722821e-01
1.819390289907413250e+00 4.990999999999992109e-01 1.853325347579016791e+00 4.877215189873418955e-01
1.838933595387349795e+00 4.634600000000004272e-01 1.853205129011908925e+00 4.670886075949369776e-01
2.147099088290755464e+00 4.220900000000000762e-01 2.152894938084558341e+00 4.248101265822784023e-01
1.845688155352486870e+00 4.487300000000008504e-01 1.867958477526841854e+00 4.444936708860758867e-01
1.981431859332902112e+00 4.379300000000003745e-01 2.016791258785717744e+00 4.305063291139238357e-01
2.113166758994782679e+00 3.716499999999997028e-01 2.142667719760781964e+00 3.663924050632910712e-01
3.129188024111031918e+00 9.688999999999971247e-02 3.135877861167809755e+00 9.151898734177212058e-02
3.076907683803119298e+00 9.124999999999980349e-02 3.084285674517623477e+00 8.822784810126582666e-02
3.127594270683182742e+00 8.276999999999987145e-02 3.133891020739905553e+00 8.607594936708860833e-02
3.252742155003176983e+00 7.918999999999988548e-02 3.267976468970013482e+00 7.588607594936705447e-02
3.564971710916996717e+00 5.961999999999993693e-02 3.571188995020844192e+00 5.651898734177212419e-02
3.705134568350932245e+00 4.179999999999997606e-02 3.712129019563107590e+00 3.765822784810125140e-02
3.851982829330045988e+00 2.124999999999993561e-02 3.852431084413798335e+00 2.164556962025314044e-02
3.852260675157630043e+00 2.119999999999993417e-02 3.852123942670672818e+00 2.151898734177212433e-02
3.852591682729820555e+00 2.116999999999995621e-02 3.852298711182926549e+00 2.145569620253161280e-02
3.852681148571818426e+00 2.134999999999993847e-02 3.852544408282418065e+00 2.018987341772149682e-02
3.852476087055210385e+00 2.153999999999993073e-02 3.853541700169288653e+00 2.044303797468351169e-02
3.851497135677684369e+00 2.127999999999995867e-02 3.852454302851534784e+00 2.151898734177212433e-02
3.852247995726176377e+00 2.116999999999997356e-02 3.853219189002931255e+00 2.107594936708858183e-02
3.851424771027633920e+00 2.134999999999994541e-02 3.852271589268247087e+00 2.018987341772149682e-02
3.852159030094498782e+00 2.116999999999993540e-02 3.853899435663168394e+00 2.189873417721516224e-02
3.851492348970983137e+00 2.137999999999993031e-02 3.852832006111618579e+00 2.031645569620249211e-02
3.852289509648037402e+00 2.136999999999994460e-02 3.852854686939756856e+00 2.012658227848099571e-02
3.851986701921263467e+00 2.107999999999992519e-02 3.852363221800282123e+00 2.253164556962021156e-02
3.853192600393970935e+00 2.137999999999996500e-02 3.854999547801456927e+00 2.031645569620250946e-02
3.851537797546942254e+00 2.133999999999993541e-02 3.852782357480300401e+00 2.208860759493668641e-02
3.851886849890944209e+00 2.133999999999992500e-02 3.852499949243349597e+00 2.164556962025313697e-02
3.851830733876740354e+00 2.153999999999993767e-02 3.851983543902352203e+00 2.044303797468350822e-02
3.852540669746782331e+00 2.138999999999994031e-02 3.852064430704401854e+00 2.107594936708857142e-02
3.851473129381111971e+00 2.173999999999993993e-02 3.852306079875338352e+00 2.012658227848098183e-02
3.852661365631391277e+00 2.141999999999995297e-02 3.853045020568990342e+00 2.088607594936705766e-02
3.852374889431747995e+00 2.124999999999995642e-02 3.853053819847929606e+00 2.164556962025314391e-02
3.852275664272303946e+00 2.143999999999994868e-02 3.852723017042470666e+00 2.227848101265818628e-02
3.851598425583037777e+00 2.174999999999997768e-02 3.852856877382747847e+00 1.981012658227844850e-02
3.851774702089664437e+00 2.127999999999991010e-02 3.852726976876423848e+00 2.208860759493667253e-02
3.852153887305562296e+00 2.121999999999994724e-02 3.851558090130386081e+00 2.158227848101263238e-02
3.852299530944967465e+00 2.107999999999997376e-02 3.852722101149808953e+00 2.253164556962020809e-02
3.852322425750337676e+00 2.174999999999993952e-02 3.853543958237042322e+00 1.981012658227845891e-02
3.852231741570763202e+00 2.174999999999994299e-02 3.852783907187679713e+00 1.981012658227845197e-02
3.852235896578729335e+00 2.128999999999994092e-02 3.853433454320365215e+00 2.151898734177211739e-02
3.851953128358977629e+00 2.109999999999990702e-02 3.853069514548776553e+00 2.126582278481009558e-02
3.852823303976542935e+00 2.143999999999999725e-02 3.851961161852297533e+00 1.886075949367085197e-02
3.852195751761006370e+00 2.121999999999996458e-02 3.852499345951607257e+00 2.158227848101262891e-02
3.853064144808525882e+00 2.124999999999991479e-02 3.853685587832379245e+00 2.164556962025313697e-02
3.852683558904099304e+00 2.173999999999995381e-02 3.852962572733322766e+00 2.012658227848098183e-02
3.852189439934917914e+00 2.123999999999992214e-02 3.853644592391447965e+00 2.158227848101262197e-02
3.852460196750792765e+00 2.141999999999992868e-02 3.852903431257609146e+00 1.879746835443035433e-02
3.852014912692696580e+00 2.124999999999994602e-02 3.851988157253413370e+00 2.037974683544300711e-02
3.851865337495282482e+00 2.133999999999992500e-02 3.852111102689396382e+00 2.164556962025313003e-02
3.852405730074455192e+00 2.143999999999993133e-02 3.853109535572330824e+00 2.227848101265820363e-02
3.851841386370457254e+00 2.133999999999995970e-02 3.852243833484637836e+00 2.164556962025313350e-02
3.852007064048851959e+00 2.141999999999994256e-02 3.852026768894286413e+00 2.088607594936706460e-02
3.852404345577721489e+00 2.131999999999993622e-02 3.853098619142361958e+00 2.006329113924047378e-02
3.852197346806446543e+00 2.121999999999992642e-02 3.852064398397490042e+00 2.164556962025312656e-02
3.852723060965899560e+00 2.127999999999995520e-02 3.853232538932208850e+00 2.208860759493668641e-02
3.852520557743626561e+00 2.143999999999993480e-02 3.852832521128225718e+00 1.886075949367084503e-02
3.851759146746091655e+00 2.142999999999997338e-02 3.852301752805864954e+00 2.107594936708857836e-02
3.852377708262896494e+00 2.143999999999998338e-02 3.851568673810938481e+00 2.227848101265820363e-02
3.852453958246096377e+00 2.116999999999995274e-02 3.852870252656510619e+00 2.189873417721516224e-02
3.852175668011289744e+00 2.174999999999996728e-02 3.852589696651357531e+00 1.981012658227844850e-02
3.852071065411696082e+00 2.078999999999994394e-02 3.852839346132616694e+00 2.006329113924048418e-02
3.852388198533162278e+00 2.141999999999996337e-02 3.851485958306866575e+00 2.088607594936705766e-02
3.852413098891165344e+00 2.116999999999995621e-02 3.853240780802251741e+00 2.107594936708857489e-02
3.851551604363754766e+00 2.133999999999993888e-02 3.851437031809378908e+00 2.164556962025312656e-02
3.853158702517801348e+00 2.143999999999995909e-02 3.853220096367155900e+00 2.227848101265819322e-02
3.853473795684359438e+00 2.143999999999994521e-02 3.852925214104632179e+00 2.189873417721515531e-02
3.852283567730629077e+00 2.132999999999993582e-02 3.851906459060705057e+00 2.075949367088605543e-02
3.851990025259353523e+00 2.116999999999995968e-02 3.851964582364089562e+00 2.189873417721516571e-02
3.851848979480563706e+00 2.143999999999994521e-02 3.851709830542486834e+00 2.227848101265819669e-02
3.852163255908511719e+00 2.146999999999996481e-02 3.852615438147936278e+00 1.993670886075947501e-02
3.851964771603964888e+00 2.146999999999996481e-02 3.851809367036333587e+00 1.993670886075947501e-02
3.852388322635744711e+00 2.127999999999991704e-02 3.853598515184411877e+00 2.151898734177211739e-02
3.851946642330351445e+00 2.106999999999993947e-02 3.852769928717842518e+00 2.202531645569616447e-02
3.851227997513764212e+00 2.107999999999994947e-02 3.851227443708608256e+00 2.139240506329112210e-02
3.852621626477181760e+00 2.153999999999994461e-02 3.852718784422871412e+00 2.044303797468351516e-02
3.851663059337095518e+00 2.116999999999994234e-02 3.852550144137977917e+00 2.215189873417718405e-02
3.852567603371897409e+00 2.093999999999994130e-02 3.852092835602588305e+00 2.386075949367084947e-02
3.851521671018300452e+00 2.124999999999994602e-02 3.851811369224021675e+00 2.164556962025313003e-02
3.854162947083716872e+00 2.116999999999992846e-02 3.854511448613546776e+00 2.215189873417717711e-02
3.851741943259794354e+00 2.174999999999998462e-02 3.851410015018438049e+00 1.981012658227845891e-02
3.852066906314416617e+00 2.143999999999996256e-02 3.853219994474697430e+00 1.886075949367087279e-02
3.852612847068578539e+00 2.132999999999997051e-02 3.853346727436004038e+00 2.075949367088604849e-02
3.851624383881985469e+00 2.111999999999994437e-02 3.851971464933028777e+00 2.253164556962022544e-02
3.852392883518948263e+00 2.133999999999993194e-02 3.852413059819222774e+00 2.164556962025314391e-02
3.852096320450468347e+00 2.124999999999994948e-02 3.852820238803563502e+00 2.101265822784807724e-02
3.852817957612319599e+00 2.138999999999993337e-02 3.854289785129408230e+00 2.107594936708858877e-02
3.852240414810792490e+00 2.143999999999994174e-02 3.853436608863935131e+00 2.227848101265820016e-02
3.852284444560580834e+00 2.148999999999995011e-02 3.853850085857850161e+00 2.012658227848098877e-02
3.852544516939480079e+00 2.174999999999994299e-02 3.852473293550310984e+00 1.981012658227846238e-02
3.852496387121753685e+00 2.142999999999996297e-02 3.852923802421526212e+00 2.107594936708857489e-02
3.852638407817808197e+00 2.131999999999993622e-02 3.852766430775525830e+00 2.006329113924048765e-02
3.852282141098998913e+00 2.146999999999994052e-02 3.853303039657080653e+00 1.993670886075947501e-02
3.852869926922120491e+00 2.148999999999992236e-02 3.853993386276350019e+00 2.012658227848097489e-02
3.852030330995769525e+00 2.174999999999995687e-02 3.852916710792227306e+00 1.981012658227846238e-02
3.852722113397729409e+00 2.146999999999996134e-02 3.852689639663650301e+00 2.069620253164553697e-02
3.852562613591001384e+00 2.143999999999994174e-02 3.853785159701974106e+00 2.189873417721515877e-02
