3.868502702657455217e+00 1.185999999999986718e-02 3.865592332475261017e+00 1.354430379746835757e-02
3.844962397212700278e+00 1.811999999999990008e-02 3.842908693499340611e+00 1.936708860759490600e-02
3.827395624763298976e+00 2.651999999999999497e-02 3.825410768426303232e+00 2.822784810126576643e-02
3.806692902241316290e+00 3.331000000000004097e-02 3.804707479572906337e+00 3.639240506329109726e-02
3.777753484507206494e+00 4.108999999999997377e-02 3.775846912417160528e+00 4.354430379746832003e-02
3.735080087085281608e+00 5.226000000000001477e-02 3.733443323432096506e+00 5.316455696202528752e-02
3.671121737066926016e+00 6.785999999999985099e-02 3.669660026246027495e+00 6.626582278481012167e-02
3.575474669261564653e+00 9.255999999999985073e-02 3.574437968698882973e+00 9.075949367088602393e-02
3.439354168881011642e+00 1.184200000000000114e-01 3.439097637410630348e+00 1.153797468354430394e-01
3.257618678277975466e+00 1.552299999999998958e-01 3.258477371148507107e+00 1.490506329113924500e-01
3.032479182429764553e+00 2.155099999999994798e-01 3.034655870012353152e+00 2.074050632911391689e-01
2.792054167535621634e+00 2.822500000000000009e-01 2.794724888830612208e+00 2.783544303797469976e-01
2.572108457762449785e+00 3.335400000000003362e-01 2.575127055268238596e+00 3.296202531645567868e-01
2.379585688007314292e+00 3.778899999999998927e-01 2.382465372027642303e+00 3.748101265822784689e-01
2.211060183555057179e+00 4.087400000000001588e-01 2.215127270105520463e+00 4.044303797468354333e-01
2.067529788905537291e+00 4.406300000000004657e-01 2.071398288728455661e+00 4.402531645569617846e-01
1.950280304247876462e+00 4.654999999999999138e-01 1.955193410437230828e+00 4.638607594936708378e-01
1.857824654233709571e+00 4.850900000000000767e-01 1.862064270659595122e+00 4.821518987341769091e-01
1.781296930719535876e+00 5.031699999999997841e-01 1.785734205428953558e+00 5.018987341772152000e-01
1.718101130544764654e+00 5.184399999999993458e-01 1.722391937845407783e+00 5.163924050632910934e-01
1.666324178929054156e+00 5.299599999999994315e-01 1.669900221204670743e+00 5.282911392405061912e-01
1.617237516310713108e+00 5.434399999999994790e-01 1.620713751160170579e+00 5.412658227848103909e-01
1.577629617754914948e+00 5.529499999999994975e-01 1.580513995847027342e+00 5.470886075949370486e-01
1.539389133957500988e+00 5.623099999999989773e-01 1.543524575674978472e+00 5.557594936708860622e-01
1.502766569112768957e+00 5.728699999999992132e-01 1.505432100793571593e+00 5.676582278481013821e-01
1.473468476971953711e+00 5.794299999999995565e-01 1.476366919126407051e+00 5.731012658227848666e-01
1.443635662970804256e+00 5.885499999999992404e-01 1.447386338467970157e+00 5.808860759493671422e-01
1.419295565101464707e+00 5.954699999999996107e-01 1.423151753491454841e+00 5.901265822784810267e-01
1.392814516181285489e+00 6.021699999999993169e-01 1.397031001416240814e+00 5.946202531645570222e-01
1.368540842247946809e+00 6.080899999999989092e-01 1.373395346487844115e+00 6.008860759493668269e-01
1.347008539481850731e+00 6.139099999999995116e-01 1.351454083782249516e+00 6.060126582278483331e-01
1.326006128955566910e+00 6.180799999999986305e-01 1.331439157292628295e+00 6.092405063291136402e-01
1.306773367539215691e+00 6.232300000000003948e-01 1.311973709028633195e+00 6.146835443037979019e-01
1.288760069094014415e+00 6.293300000000018324e-01 1.294584904610476928e+00 6.213291139240502137e-01
1.270036747485953965e+00 6.329500000000001236e-01 1.275658947743630645e+00 6.256329113924050667e-01
1.254262243844767921e+00 6.386899999999996469e-01 1.259477613683143149e+00 6.311392405063291910e-01
1.237829051560907168e+00 6.426400000000005441e-01 1.244190708802515699e+00 6.339873417721521021e-01
1.221296428256961830e+00 6.480500000000000149e-01 1.227359119752581718e+00 6.407594936708862488e-01
1.207628513033571771e+00 6.510300000000002196e-01 1.215015818798572234e+00 6.441772151898733645e-01
1.191513015908621576e+00 6.546300000000010444e-01 1.198646288623008926e+00 6.485443037974687464e-01
1.177335749402790066e+00 6.589000000000004853e-01 1.184320701819733923e+00 6.509493670886078442e-01
1.163405471791384871e+00 6.633099999999999552e-01 1.170607626012676761e+00 6.567721518987341689e-01
1.150634377525124874e+00 6.664500000000005420e-01 1.158045268484480861e+00 6.596202531645574130e-01
1.138061796922160696e+00 6.688399999999997680e-01 1.146125602860625037e+00 6.622151898734182085e-01
1.126295722833115187e+00 6.727600000000001357e-01 1.134185817221126102e+00 6.657594936708863820e-01
1.115608724857940937e+00 6.756900000000002349e-01 1.124720542388466527e+00 6.698734177215188712e-01
1.104344149877656722e+00 6.783499999999994534e-01 1.113945347567837585e+00 6.718987341772152400e-01
1.093646448715497987e+00 6.801600000000016522e-01 1.103732002389057998e+00 6.741139240506333064e-01
1.081021647799230045e+00 6.851900000000015201e-01 1.091556677434020184e+00 6.788607594936710843e-01
1.072205172688390995e+00 6.868900000000006667e-01 1.083469680334493646e+00 6.791139240506327557e-01
1.062346245367144615e+00 6.896400000000016961e-01 1.073430232448652433e+00 6.820253164556961956e-01
1.053927960650846929e+00 6.919000000000006256e-01 1.065118836170440897e+00 6.834810126582282486e-01
1.043853212487463100e+00 6.944600000000011875e-01 1.056728938378962868e+00 6.876582278481010446e-01
1.035239963030525345e+00 6.971000000000006080e-01 1.047966039401706517e+00 6.915189873417720845e-01
1.025447526106380902e+00 6.992800000000012339e-01 1.038978599269002601e+00 6.940506329113923512e-01
1.019876388129409950e+00 6.998500000000011934e-01 1.032980560177408469e+00 6.936075949367087601e-01
1.010575611855021316e+00 7.038700000000023271e-01 1.024163605489951445e+00 6.975949367088604136e-01
1.004153414736686400e+00 7.042700000000021721e-01 1.019682118763888035e+00 6.979746835443041419e-01
9.945477954718178193e-01 7.082300000000016915e-01 1.008912253313687168e+00 7.023417721518988577e-01
9.903214882201181180e-01 7.080100000000016935e-01 1.005036005627848006e+00 7.015189873417719824e-01
9.813168291084469752e-01 7.110000000000010756e-01 9.960476827499673558e-01 7.040506329113924711e-01
9.743446125564021454e-01 7.133200000000022856e-01 9.908396104832157825e-01 7.050632911392404889e-01
9.671956845466355146e-01 7.140800000000009362e-01 9.842800626390757479e-01 7.083544303797469910e-01
9.604249054892215476e-01 7.166800000000018711e-01 9.771881398020960674e-01 7.081012658227848755e-01
9.551668948341837106e-01 7.171000000000015140e-01 9.723140102089723458e-01 7.115189873417722133e-01
9.482022074483834606e-01 7.192600000000016758e-01 9.655713327526675993e-01 7.143037974683545954e-01
9.422483761360341825e-01 7.209700000000018871e-01 9.599931384361389819e-01 7.146835443037973246e-01
9.352036056684770449e-01 7.228800000000020765e-01 9.542769368147053788e-01 7.167088607594941374e-01
9.302838166865795566e-01 7.247900000000007115e-01 9.482219163306211396e-01 7.163291139240504091e-01
9.263137846481832582e-01 7.248000000000012211e-01 9.450175173794327366e-01 7.177215189873413781e-01
9.192351103777826049e-01 7.271900000000007802e-01 9.389659631778181081e-01 7.210759493670886311e-01
9.124108023715596927e-01 7.284200000000023989e-01 9.321024037260753348e-01 7.226582278481014088e-01
9.084788483751093935e-01 7.298500000000018861e-01 9.280435433031902770e-01 7.217721518987338936e-01
9.026673870120618393e-01 7.312900000000014389e-01 9.224538229167010828e-01 7.256962025316452403e-01
8.974993484545202849e-01 7.318900000000012618e-01 9.184009232032449566e-01 7.277215189873420531e-01
8.914822795930775756e-01 7.342200000000015381e-01 9.128057151913870904e-01 7.271518987341771822e-01
8.876586198488957136e-01 7.349000000000013300e-01 9.086934730060611809e-01 7.282911392405065909e-01
8.839069324843631392e-01 7.360999999999996435e-01 9.057303331119865852e-01 7.299367088607598975e-01
8.764827093298018790e-01 7.380700000000012251e-01 8.991029308866901326e-01 7.341139240506330266e-01
8.736237933025612357e-01 7.389900000000007019e-01 8.952067371732838064e-01 7.305063291139239912e-01
8.688459748319448117e-01 7.399200000000005772e-01 8.911392334655339198e-01 7.335443037974681557e-01
8.641068054901941409e-01 7.411600000000012622e-01 8.864341793962164928e-01 7.345569620253165066e-01
8.600111496293350033e-01 7.423700000000003074e-01 8.831763728331867291e-01 7.352531645569622132e-01
8.548289514670650568e-01 7.433900000000008834e-01 8.777922981836752125e-01 7.370886075949364402e-01
8.529926543172240416e-01 7.427200000000003799e-01 8.770657100891513513e-01 7.388607594936710266e-01
8.474431156686095257e-01 7.462900000000002310e-01 8.719383521287844552e-01 7.396835443037974578e-01
8.432749196962543436e-01 7.469600000000002904e-01 8.671273928398283148e-01 7.406962025316461418e-01
8.379203662684077125e-01 7.484700000000006348e-01 8.631722725674286778e-01 7.422784810126576982e-01
8.342067927141260109e-01 7.496799999999989028e-01 8.587721351276008663e-01 7.428481012658229021e-01
8.309120281250622631e-01 7.493899999999987793e-01 8.548747166696780697e-01 7.439240506329111158e-01
8.263260615409809828e-01 7.516099999999998893e-01 8.517916604222447452e-01 7.458860759493671777e-01
8.219782802604921335e-01 7.529200000000009219e-01 8.477611607474976330e-01 7.455696202531646444e-01
8.193746665148248232e-01 7.525900000000000922e-01 8.463618154767634794e-01 7.457594936708858979e-01
8.169686886172066176e-01 7.534899999999996600e-01 8.423150451255788651e-01 7.455696202531642003e-01
8.130055939494675865e-01 7.529399999999988324e-01 8.390121105776588983e-01 7.479746835443038533e-01
8.086437153527387123e-01 7.548299999999992238e-01 8.352227599247862289e-01 7.508227848101267643e-01
8.066457383089705724e-01 7.572399999999991360e-01 8.331815663880128842e-01 7.492405063291142087e-01
8.015648022698320663e-01 7.582699999999991114e-01 8.283548797790694085e-01 7.510759493670883247e-01
8.000259276849666090e-01 7.577699999999987224e-01 8.265295411633087896e-01 7.525949367088611286e-01
7.965392122454147961e-01 7.583299999999992824e-01 8.232874645764084454e-01 7.499367088607596932e-01
7.930990710974824554e-01 7.606099999999984540e-01 8.209545410642817842e-01 7.530379746835444976e-01
