3.852105263066471164e+00 2.766000000000000750e-02 3.852084007117016373e+00 2.835443037974678254e-02
3.846116108422266588e+00 3.194999999999999230e-02 3.846180586897653075e+00 3.215189873417716171e-02
3.840917361560111321e+00 3.650000000000000466e-02 3.841135861063082579e+00 3.677215189873411089e-02
3.834578206591869876e+00 4.052999999999998271e-02 3.834959955579153146e+00 3.981012658227842810e-02
3.826068428383451625e+00 4.454999999999996463e-02 3.826564513980590387e+00 4.303797468354425559e-02
3.814687803377660114e+00 4.785000000000003140e-02 3.815133917582492096e+00 4.746835443037969449e-02
3.799638187855012728e+00 5.320999999999999341e-02 3.799937098528852975e+00 5.310126582278475865e-02
3.779724472083849651e+00 5.977999999999999287e-02 3.779925994091419827e+00 5.962025316455691476e-02
3.753137890803617260e+00 6.139000000000000706e-02 3.753287168511026728e+00 6.145569620253164139e-02
3.718122154427874637e+00 6.030999999999994698e-02 3.718106705625868980e+00 6.132911392405065304e-02
3.673874286625501639e+00 6.079999999999997212e-02 3.674024739876910584e+00 6.215189873417719529e-02
3.619739515529210916e+00 6.538999999999997592e-02 3.620203123273104229e+00 6.658227848101266888e-02
3.555140082119982559e+00 7.534999999999998643e-02 3.555986649226832608e+00 7.297468354430379500e-02
3.479049448390516108e+00 8.896999999999979925e-02 3.480721336984149428e+00 8.803797468354432332e-02
3.390622926766619027e+00 1.110299999999999759e-01 3.393247005902126912e+00 1.075316455696202489e-01
3.288973668187813448e+00 1.378299999999999248e-01 3.292042020538835434e+00 1.322784810126583221e-01
3.176797292336536849e+00 1.616899999999998061e-01 3.180584125877103485e+00 1.581645569620253877e-01
3.062794515356820568e+00 1.876199999999994816e-01 3.067383919091911881e+00 1.826582278481012622e-01
2.952560318348952162e+00 2.102299999999993896e-01 2.958343903581398315e+00 2.070253164556963843e-01
2.846699082146030069e+00 2.296099999999995922e-01 2.853982597496095952e+00 2.246835443037973890e-01
2.744521166692448944e+00 2.545700000000000740e-01 2.752128375573669405e+00 2.498734177215190533e-01
2.646188046899113910e+00 2.774100000000001565e-01 2.653912495326704146e+00 2.752531645569619712e-01
2.552847647306921708e+00 3.010600000000003829e-01 2.560085180189798137e+00 2.965189873417721222e-01
2.463195148336229767e+00 3.202199999999999491e-01 2.470781474170321346e+00 3.140506329113926798e-01
2.375536389661385250e+00 3.439200000000000590e-01 2.382167093725931828e+00 3.420886075949368110e-01
2.293184648879085685e+00 3.659399999999997655e-01 2.300275191584378653e+00 3.611392405063289512e-01
2.215769083607199263e+00 3.870900000000001007e-01 2.221871213328233008e+00 3.846835443037972535e-01
2.147163651491919456e+00 4.070300000000002250e-01 2.154031318085527946e+00 4.050632911392406110e-01
2.086377776516682658e+00 4.206499999999994133e-01 2.093038812593555509e+00 4.198101265822782868e-01
2.031993952948819349e+00 4.356900000000004103e-01 2.039763624975265977e+00 4.331012658227847423e-01
1.984238897191163975e+00 4.469300000000003270e-01 1.991436463354095521e+00 4.480379746835440602e-01
1.944084858773332813e+00 4.577100000000005608e-01 1.952754757208317704e+00 4.546202531645569533e-01
1.906928624193393151e+00 4.647400000000007081e-01 1.916232946040301366e+00 4.600632911392403823e-01
1.870792003477284693e+00 4.755099999999999327e-01 1.880018585503280049e+00 4.725949367088608799e-01
1.840060013176932019e+00 4.826899999999997859e-01 1.848496523329804520e+00 4.801898734177217909e-01
1.811483671419007901e+00 4.882200000000002094e-01 1.820731583410478471e+00 4.846835443037971758e-01
1.783157313709271996e+00 4.989199999999997526e-01 1.793917765434430267e+00 4.940506329113923956e-01
1.755852269472524263e+00 5.063700000000004309e-01 1.765816137500983540e+00 5.019620253164557289e-01
1.732209989243367998e+00 5.143599999999998174e-01 1.742439392404137255e+00 5.065822784810124491e-01
1.707680820610153694e+00 5.197699999999997322e-01 1.718412398078583703e+00 5.164556962025317333e-01
1.682934317747671660e+00 5.281599999999995187e-01 1.693868045030500147e+00 5.205063291139239157e-01
1.659276915957725862e+00 5.341999999999997861e-01 1.670534600057696384e+00 5.267721518987342755e-01
1.637270673194394455e+00 5.399599999999994404e-01 1.648351705829346647e+00 5.334810126582278933e-01
1.617032223730547225e+00 5.454799999999995208e-01 1.628000905822000854e+00 5.396835443037976132e-01
1.594975132012032670e+00 5.508099999999990226e-01 1.605591677466945422e+00 5.445569620253164489e-01
1.575090717046322197e+00 5.560099999999991160e-01 1.585695801522961856e+00 5.483544303797465158e-01
1.554664786787220088e+00 5.626599999999997159e-01 1.566605162452586963e+00 5.537974683544304444e-01
1.536444905107730241e+00 5.654600000000000737e-01 1.547497156484278769e+00 5.571518987341772533e-01
1.519255755288408505e+00 5.716599999999995019e-01 1.531303372356325632e+00 5.634810126582279199e-01
1.499339275173452890e+00 5.775800000000000933e-01 1.511624222824931474e+00 5.691772151898732979e-01
1.483721396975507867e+00 5.796600000000001751e-01 1.495245372144641705e+00 5.733544303797467601e-01
1.465723250918629095e+00 5.849800000000001665e-01 1.478014162577502288e+00 5.773417721518986356e-01
1.451075240652780041e+00 5.881099999999994665e-01 1.462990395756492923e+00 5.814556962025314579e-01
1.436503124971714618e+00 5.923400000000003107e-01 1.449725875277592557e+00 5.832278481012658222e-01
1.421780328082735467e+00 5.955399999999995142e-01 1.434844782944766584e+00 5.874683544303794802e-01
1.405008826077537742e+00 6.009900000000003573e-01 1.417736938816993364e+00 5.941772151898734311e-01
1.392373080355725712e+00 6.025800000000003376e-01 1.406286519208209906e+00 5.952531645569621999e-01
1.376798479860709135e+00 6.073999999999998289e-01 1.390880291972053096e+00 6.000632911392400626e-01
1.364142493385948951e+00 6.106300000000001171e-01 1.378185653636461838e+00 6.035443037974683733e-01
1.351760709983459874e+00 6.125899999999999679e-01 1.365580109421284272e+00 6.065189873417722310e-01
1.339921756743735815e+00 6.165300000000000225e-01 1.352887626905493246e+00 6.086708860759498796e-01
1.330817716645111171e+00 6.173100000000008025e-01 1.345234287161674036e+00 6.080379746835440358e-01
1.314192778603494149e+00 6.223600000000002463e-01 1.329451763688928700e+00 6.138607594936712486e-01
1.302105288786216786e+00 6.255599999999996719e-01 1.316774362739687954e+00 6.180379746835443777e-01
1.291671129981843746e+00 6.280900000000003702e-01 1.305469019923658269e+00 6.207594936708862310e-01
1.282208579701392015e+00 6.310399999999991572e-01 1.297084207345331253e+00 6.231645569620254399e-01
1.270743064220892338e+00 6.319900000000001627e-01 1.285635933280424803e+00 6.261392405063287425e-01
1.258989011904785071e+00 6.352199999999995628e-01 1.273314002463636241e+00 6.291139240506332664e-01
1.250995058800892012e+00 6.373999999999994115e-01 1.264409575216786763e+00 6.297468354430375559e-01
1.240798413173930470e+00 6.399900000000003919e-01 1.255086563896744334e+00 6.339240506329113511e-01
1.229599296251659757e+00 6.432199999999993478e-01 1.243243184579448268e+00 6.374050632911398839e-01
1.220631462090548958e+00 6.457299999999992490e-01 1.234527954954816265e+00 6.394303797468355866e-01
1.211625434699164616e+00 6.489400000000002944e-01 1.225433527946595547e+00 6.422784810126583865e-01
1.203592989259628876e+00 6.497700000000000697e-01 1.216840136916918613e+00 6.451265822784810755e-01
1.195213207599970628e+00 6.519300000000012307e-01 1.209133849868856414e+00 6.443670886075951731e-01
1.186864554757917967e+00 6.536100000000001353e-01 1.200691697341573549e+00 6.491772151898735910e-01
1.179056237033335286e+00 6.554300000000004012e-01 1.191961477357306398e+00 6.489240506329112534e-01
1.171060132325787873e+00 6.584600000000001563e-01 1.183760359418031261e+00 6.537974683544302001e-01
1.164611510655646720e+00 6.594999999999999751e-01 1.177126606346781790e+00 6.547468354430381332e-01
1.156046202615354845e+00 6.619299999999999073e-01 1.168822069373814054e+00 6.557594936708862621e-01
1.149104602725976587e+00 6.640400000000008518e-01 1.161438254242062929e+00 6.580379746835440802e-01
1.140306961850661160e+00 6.671100000000003138e-01 1.152431144320055445e+00 6.627848101265825242e-01
1.134869096894865592e+00 6.689400000000004232e-01 1.146749876203720708e+00 6.633544303797470620e-01
1.125935961039150168e+00 6.708100000000016827e-01 1.137950127448431159e+00 6.631645569620253644e-01
1.119970680621033887e+00 6.719600000000010009e-01 1.132336481489296443e+00 6.668987341772153465e-01
1.113181481774488280e+00 6.748900000000008781e-01 1.124988743092761867e+00 6.680379746835443111e-01
1.106405884080264412e+00 6.763100000000001888e-01 1.119043974568906030e+00 6.687341772151899066e-01
1.101073186030076201e+00 6.774500000000005517e-01 1.113164158596945397e+00 6.734177215189874888e-01
1.095698516145755086e+00 6.771600000000005393e-01 1.106755929228925961e+00 6.726582278481015864e-01
1.090288668280606110e+00 6.801099999999996593e-01 1.102705601643243938e+00 6.737341772151899111e-01
1.086717542192795261e+00 6.821600000000009878e-01 1.098025193168272073e+00 6.753164556962027998e-01
1.077825502469485164e+00 6.846300000000010710e-01 1.089662307427097465e+00 6.794936708860760399e-01
1.069667303330572139e+00 6.875300000000008627e-01 1.080914545592665865e+00 6.800632911392405777e-01
1.065757488256061425e+00 6.870400000000020935e-01 1.077367769672487485e+00 6.802531645569618313e-01
1.060955890105891530e+00 6.888500000000012946e-01 1.071949768176177598e+00 6.843037974683543467e-01
1.053603778868425600e+00 6.911600000000017729e-01 1.064575939330098420e+00 6.865189873417721911e-01
1.048893997618123297e+00 6.920800000000002505e-01 1.060576231459763541e+00 6.867088607594934446e-01
1.043238106744020399e+00 6.933600000000006425e-01 1.055366433024638617e+00 6.882911392405057782e-01
1.039200191394358042e+00 6.937900000000011280e-01 1.050795205729798676e+00 6.893670886075952131e-01
1.033258149945504911e+00 6.970200000000014162e-01 1.044566279334963710e+00 6.894936708860758268e-01
1.029910544243197945e+00 6.978600000000018122e-01 1.040839722540289891e+00 6.917721518987346441e-01
