3.857093441908212572e+00 2.455000000000001972e-02 3.857178087096038155e+00 2.424050632911389780e-02
2.369441613859534002e+00 4.065700000000000980e-01 2.367835907638921711e+00 4.006329113924050889e-01
1.440082289807018245e+00 5.917100000000005133e-01 1.442563405690784561e+00 5.882278481012659377e-01
1.184201505813856414e+00 6.547500000000006093e-01 1.192309646219694041e+00 6.491139240506330621e-01
1.043826601889030981e+00 6.949500000000013999e-01 1.054660457497175852e+00 6.899367088607597509e-01
9.495319360021579058e-01 7.199400000000012456e-01 9.609956532756250835e-01 7.141139240506331198e-01
8.825065801666217569e-01 7.337700000000013656e-01 8.967339228286462793e-01 7.271518987341776263e-01
8.101306799034081463e-01 7.567099999999991056e-01 8.273049077102496707e-01 7.491139240506329289e-01
7.681282125768041924e-01 7.679499999999982451e-01 7.879276995383414084e-01 7.586075949367083737e-01
7.310668456451695496e-01 7.768599999999981076e-01 7.505781484605511533e-01 7.696202531645570666e-01
7.047163339514858071e-01 7.812599999999982892e-01 7.308552118282183319e-01 7.695569620253164267e-01
6.763904611560224156e-01 7.907199999999966478e-01 7.017776048403320255e-01 7.786075949367090576e-01
6.677329831059505283e-01 7.874199999999970112e-01 6.942107177622894865e-01 7.782278481012661064e-01
6.241810892001391498e-01 8.038699999999976420e-01 6.556960596362773064e-01 7.912658227848100578e-01
6.127833998570993979e-01 8.069099999999987949e-01 6.463919101268780221e-01 7.950632911392401247e-01
6.072806036594391443e-01 8.070799999999973551e-01 6.443132557593086451e-01 7.901265822784807602e-01
5.707565168301010905e-01 8.181800000000001294e-01 6.090432051744700814e-01 8.023417721518985024e-01
5.721340582443364964e-01 8.145999999999995467e-01 6.163447856836776761e-01 7.996202531645567602e-01
5.517551927254620292e-01 8.241100000000003423e-01 5.985783919684956045e-01 8.076582278481009292e-01
5.374807465028353937e-01 8.270400000000008855e-01 5.852031939960803397e-01 8.117721518987334184e-01
5.263891391979725887e-01 8.304300000000000015e-01 5.773751860194236141e-01 8.155063291139240667e-01
5.241772277708813821e-01 8.300999999999996160e-01 5.779526521237684511e-01 8.151898734177212003e-01
5.079902111171553658e-01 8.358700000000025554e-01 5.650235294806292830e-01 8.190506329113920181e-01
5.006007971461988726e-01 8.368700000000025563e-01 5.611331952649382115e-01 8.186708860759491779e-01
4.830114864402619834e-01 8.418000000000014360e-01 5.471697346411528162e-01 8.218354430379742892e-01
4.811383971989420250e-01 8.401600000000010171e-01 5.467998516252027263e-01 8.211392405063288047e-01
4.815333644786798373e-01 8.423200000000014009e-01 5.524379237902777851e-01 8.217721518987342044e-01
4.748459378176748680e-01 8.406200000000028094e-01 5.475119817481128859e-01 8.208227848101266044e-01
4.630986696343911690e-01 8.462700000000024092e-01 5.372768187462364509e-01 8.250632911392403734e-01
4.528293136466459146e-01 8.501500000000015156e-01 5.292118639379955747e-01 8.289873417721518312e-01
4.583382044565342817e-01 8.449800000000020628e-01 5.392818300526297515e-01 8.210759493670881648e-01
4.451979028502374702e-01 8.510900000000019006e-01 5.289857378929347931e-01 8.275316455696198892e-01
4.468094990960091994e-01 8.468300000000020811e-01 5.304012014708393563e-01 8.225949367088609687e-01
4.248569817927622116e-01 8.574100000000013377e-01 5.126791650151463209e-01 8.331645569620254044e-01
4.256759108957468007e-01 8.564200000000021795e-01 5.154311182069403197e-01 8.306962025316455556e-01
4.247437126269817398e-01 8.566000000000031367e-01 5.202015604436901475e-01 8.320253164556956627e-01
4.113761403875351719e-01 8.598000000000013410e-01 5.076958996894508358e-01 8.296835443037975377e-01
4.120840330416228325e-01 8.594100000000012285e-01 5.112803233007598980e-01 8.308860759493665871e-01
4.090724933216637327e-01 8.600000000000020961e-01 5.112306901469553244e-01 8.306329113924051377e-01
4.007125394896706716e-01 8.606600000000012018e-01 5.012429991230390458e-01 8.324050632911386138e-01
3.908716189471453939e-01 8.668500000000003425e-01 4.974264684363615685e-01 8.345569620253160403e-01
3.944038161976670676e-01 8.656100000000008787e-01 5.055497736245575524e-01 8.346202531645570133e-01
3.995371354611818582e-01 8.625800000000013457e-01 5.147679837905629885e-01 8.291139240506327779e-01
3.774413459946408533e-01 8.715599999999988912e-01 4.934708410843203219e-01 8.370253164556960002e-01
3.833384882046600439e-01 8.706100000000012162e-01 5.032487587103421367e-01 8.345569620253167065e-01
3.712689210522348571e-01 8.739099999999999646e-01 4.939846134346945750e-01 8.384177215189871912e-01
3.770993366304079553e-01 8.692100000000014814e-01 5.000579346900896338e-01 8.375316455696200091e-01
3.628482088736454947e-01 8.755399999999995408e-01 4.880216299997907070e-01 8.386708860759493067e-01
3.640229723236381165e-01 8.749299999999979871e-01 4.927198965429650523e-01 8.377215189873409296e-01
3.597517406406732232e-01 8.755999999999994898e-01 4.902632198039847955e-01 8.376582278481010668e-01
3.511744480559949033e-01 8.787299999999985678e-01 4.840588239607679921e-01 8.403797468354433642e-01
