3.856241969159825533e+00 2.530000000000000304e-02 3.856221489000024594e+00 2.525316455696197462e-02
1.916684876517465996e+00 4.308299999999998797e-01 1.940618629279160734e+00 4.286708860759494977e-01
1.619816872896881144e+00 5.189099999999995383e-01 1.648570825210909252e+00 5.130379746835441734e-01
1.494933407189212859e+00 5.646800000000000708e-01 1.522985562212325172e+00 5.629113924050632711e-01
1.430536411428346755e+00 5.747099999999997211e-01 1.461614220460561109e+00 5.669620253164554535e-01
1.324536768409723786e+00 6.000000000000000888e-01 1.363550186010556775e+00 5.952531645569620888e-01
1.316734137761739198e+00 6.065199999999998370e-01 1.336052900461929482e+00 6.029113924050636397e-01
1.240478362276494551e+00 6.356499999999994932e-01 1.273931923065435123e+00 6.315189873417728084e-01
1.374514685272104408e+00 5.868299999999989636e-01 1.411523043926834697e+00 5.836075949367084403e-01
1.274789907637438047e+00 6.140300000000004088e-01 1.316587313473130516e+00 6.091772151898737775e-01
1.250645706352959907e+00 6.367000000000004878e-01 1.301064377389716142e+00 6.294303797468356887e-01
1.186208296988376709e+00 6.547299999999999232e-01 1.232690270667471610e+00 6.477215189873419821e-01
1.230078470889495845e+00 6.390600000000000724e-01 1.279014164156119904e+00 6.325949367088609110e-01
1.135393946189222847e+00 6.627899999999994352e-01 1.178961990903557133e+00 6.536708860759491424e-01
1.277913643930290943e+00 6.323300000000006138e-01 1.329228800967401591e+00 6.271518987341770934e-01
1.233370591319546516e+00 6.370900000000007113e-01 1.291311213792101453e+00 6.312025316455700530e-01
1.214473956001491439e+00 6.351399999999990387e-01 1.278946194401123115e+00 6.303164556962026488e-01
1.220995908267751950e+00 6.506900000000006568e-01 1.285940717915358134e+00 6.363291139240508931e-01
1.302104627584386831e+00 6.200100000000009492e-01 1.346368797226023650e+00 6.127848101265823688e-01
1.216011962414674574e+00 6.379199999999995985e-01 1.268128795966905642e+00 6.314556962025317244e-01
1.221635303768140002e+00 6.427300000000001345e-01 1.277319439160865322e+00 6.335443037974682889e-01
1.587495381204455880e+00 6.014199999999993995e-01 1.631867324969407340e+00 5.941139240506327912e-01
1.313853988326957545e+00 6.328400000000000691e-01 1.350744736811441360e+00 6.276582278481013244e-01
1.267018951828970064e+00 6.353000000000001979e-01 1.318534297065506733e+00 6.291772151898731291e-01
1.148727553757582287e+00 6.586400000000003363e-01 1.210337448198428367e+00 6.474683544303797555e-01
1.213350170733073385e+00 6.506399999999992190e-01 1.285859566604813597e+00 6.339873417721515469e-01
1.218867551755238976e+00 6.251700000000003365e-01 1.273422172118814810e+00 6.148101265822786266e-01
1.173566584755509901e+00 6.577000000000000624e-01 1.221488311698067930e+00 6.512025316455694046e-01
1.193878084967537223e+00 6.611999999999993438e-01 1.263096137555166365e+00 6.467721518987339380e-01
1.195234561805575968e+00 6.545899999999992280e-01 1.255352534383326946e+00 6.424683544303799732e-01
1.172090033930213382e+00 6.626500000000009605e-01 1.248468232583167969e+00 6.508227848101263424e-01
1.275350957546006914e+00 6.379399999999989523e-01 1.315739594686407665e+00 6.324050632911389913e-01
1.301169941822155618e+00 6.181800000000003958e-01 1.360720895494259119e+00 6.096835443037975644e-01
1.307179878995138766e+00 6.392100000000005000e-01 1.369319508029705368e+00 6.256962025316455955e-01
1.258810107027907854e+00 6.375399999999997736e-01 1.320813793579875384e+00 6.224683544303798444e-01
1.343952156104514017e+00 6.250499999999996614e-01 1.392627713970830960e+00 6.151898734177216888e-01
1.161709761539993169e+00 6.695299999999997365e-01 1.231199610262684763e+00 6.568354430379745867e-01
1.208357079270888867e+00 6.563999999999995394e-01 1.281749839301517202e+00 6.442405063291137823e-01
1.287780800064472819e+00 6.288399999999989554e-01 1.344073405611037275e+00 6.174050632911395331e-01
1.137953781978567003e+00 6.690000000000013713e-01 1.209088505615432796e+00 6.579113924050637996e-01
1.368704539423049038e+00 6.317299999999997917e-01 1.436757438336381920e+00 6.227848101265823777e-01
1.217572849743277619e+00 6.381900000000002571e-01 1.293369777738232251e+00 6.175316455696201468e-01
1.332185099674657813e+00 6.159400000000002651e-01 1.385854234975989918e+00 6.065189873417722310e-01
1.221248809004059410e+00 6.511099999999996335e-01 1.277193972046732018e+00 6.357594936708862443e-01
1.222302724441693078e+00 6.609800000000002340e-01 1.287964409633601370e+00 6.473417721518986978e-01
1.265293286216337965e+00 6.425300000000004896e-01 1.349428084556131058e+00 6.306962025316458220e-01
1.263770444415579730e+00 6.421799999999994180e-01 1.336259572166912823e+00 6.299367088607595866e-01
1.216299514329508336e+00 6.552000000000003377e-01 1.275464294113133779e+00 6.422151898734178577e-01
1.269540033198300666e+00 6.343500000000003025e-01 1.337568034007924345e+00 6.243670886075946003e-01
1.326834870437819003e+00 6.089899999999999203e-01 1.382678905615820408e+00 5.994936708860761909e-01
1.205799347647227959e+00 6.552599999999999536e-01 1.268077571783021718e+00 6.422151898734177466e-01
1.392191401262831363e+00 6.009200000000005648e-01 1.459447590364245650e+00 5.908227848101265112e-01
1.394372688848404707e+00 6.241100000000002757e-01 1.476133985854797048e+00 6.130379746835441512e-01
1.301476313341128899e+00 6.414400000000002322e-01 1.372195989527006166e+00 6.301265822784810622e-01
1.306214649383522941e+00 6.338500000000002466e-01 1.364561034602801204e+00 6.249367088607591381e-01
1.327033109544683898e+00 6.200799999999998535e-01 1.394823872344314264e+00 6.151265822784808268e-01
1.509550007991361742e+00 5.757200000000000095e-01 1.555675467265385636e+00 5.738607594936706580e-01
1.291198002107287746e+00 6.302300000000002900e-01 1.360106312175743515e+00 6.220253164556958092e-01
1.514911821280824578e+00 6.049999999999994271e-01 1.587884661014389076e+00 5.887974683544300314e-01
1.488874636775557869e+00 6.017700000000008043e-01 1.521862697922296892e+00 5.961392405063291600e-01
1.452165390769660558e+00 6.018899999999998141e-01 1.524898544812619772e+00 5.875316455696202311e-01
1.599879372913180164e+00 5.424899999999991396e-01 1.645229055249943340e+00 5.353797468354429823e-01
1.577516459863202325e+00 5.578299999999993819e-01 1.640332114210808934e+00 5.463291139240504801e-01
1.703580854148724510e+00 5.440699999999999426e-01 1.751282352849212742e+00 5.346835443037976088e-01
2.205560736769654806e+00 4.390400000000003744e-01 2.247382214675135437e+00 4.343670886075949866e-01
1.703057555875112872e+00 5.294299999999994011e-01 1.757666807357232575e+00 5.208227848101266710e-01
1.933874844634010159e+00 4.668700000000000627e-01 1.961352788226052191e+00 4.614556962025317399e-01
1.950463863714792634e+00 4.692300000000004245e-01 2.015644260896007900e+00 4.574050632911393910e-01
1.906191514847267454e+00 4.791499999999999093e-01 1.956810961540105254e+00 4.707594936708860422e-01
1.936594914754484753e+00 4.618099999999998873e-01 2.003146182787013618e+00 4.525316455696204443e-01
1.795389390377520655e+00 5.177299999999992464e-01 1.845294011785738375e+00 5.111392405063290845e-01
2.150908370537768288e+00 4.204700000000001769e-01 2.206422275451921156e+00 4.075949367088606001e-01
1.906584570006859547e+00 4.646400000000002195e-01 1.940311821624349786e+00 4.605696202531644468e-01
2.232153083987518549e+00 3.921499999999991104e-01 2.272815171972435877e+00 3.855696202531646577e-01
2.792434340744911037e+00 2.095799999999994612e-01 2.827867230103992213e+00 2.103797468354431377e-01
3.162611259258500951e+00 1.037399999999998046e-01 3.175362242917300737e+00 9.835443037974676839e-02
3.407261150132582461e+00 6.527000000000006408e-02 3.400592481946364209e+00 6.721518987341776330e-02
3.135047393659150750e+00 8.722999999999976606e-02 3.141372856969958161e+00 8.886075949367086557e-02
3.394591265547020509e+00 7.516999999999991744e-02 3.397499339511342420e+00 7.506329113924048446e-02
3.537978226456538700e+00 4.222999999999993426e-02 3.534503515603866663e+00 4.284810126582275919e-02
3.380935440394603031e+00 6.084000000000006070e-02 3.389138125982249505e+00 5.886075949367085974e-02
3.489826537059904421e+00 4.177999999999999076e-02 3.487094841760810748e+00 4.170886075949360727e-02
3.371573515026844881e+00 5.456999999999997270e-02 3.375650673358276066e+00 5.405063291139237946e-02
3.477462877763831894e+00 4.308999999999999636e-02 3.478788884162503425e+00 4.189873417721511756e-02
3.463940285290847410e+00 4.155000000000003135e-02 3.475376984189184171e+00 3.867088607594930394e-02
3.439500533494985746e+00 4.984999999999997072e-02 3.438253266942704389e+00 4.715189873417717503e-02
3.428214951933273635e+00 6.669999999999996765e-02 3.440987411196824830e+00 6.487341772151895836e-02
3.355365262148823913e+00 5.587000000000002381e-02 3.360022854996830066e+00 5.430379746835441168e-02
3.462783949039474951e+00 4.144999999999993828e-02 3.469037703812153151e+00 4.196202531645565337e-02
3.318773104347706226e+00 6.162999999999999728e-02 3.327709036029325773e+00 6.613924050632909168e-02
3.372629096029238660e+00 5.817999999999992622e-02 3.382068851919709740e+00 5.734177215189866644e-02
3.473927723203118489e+00 4.037999999999997841e-02 3.488799560256135024e+00 3.873417721518983975e-02
3.424706067498158202e+00 4.634000000000001313e-02 3.434260926047667084e+00 4.873417721518982781e-02
3.372383252931665076e+00 5.575000000000000094e-02 3.383856869195840389e+00 5.329113924050628281e-02
3.470078969183898021e+00 4.246999999999997305e-02 3.480138421253065939e+00 4.012658227848096143e-02
3.384973781370131718e+00 4.782999999999996976e-02 3.392113634098231412e+00 4.759493670886072447e-02
3.428550657219802122e+00 4.276999999999993307e-02 3.435412344381763905e+00 3.892405063291132922e-02
3.430302675433402282e+00 3.849000000000001032e-02 3.442313561162535063e+00 4.082278481012655003e-02
3.466164636709607283e+00 4.140999999999999542e-02 3.477908577301262572e+00 3.981012658227841422e-02
3.434487126511911903e+00 4.450999999999996626e-02 3.442399618092461200e+00 4.367088607594933614e-02
3.418385650684955923e+00 5.152999999999988839e-02 3.426441617288078945e+00 4.987341772151896585e-02
