3.869232272125368688e+00 1.923999999999991689e-02 3.869927241692362241e+00 2.012658227848099224e-02
8.672436801287076724e-01 7.360000000000009868e-01 8.842384637787463753e-01 7.284177215189870935e-01
6.647333324547672895e-01 7.815599999999964798e-01 6.906132485849818536e-01 7.760759493670885689e-01
5.682964964891015214e-01 8.132099999999992113e-01 6.057782596490741689e-01 8.056962025316454223e-01
4.917328567589972499e-01 8.359600000000019238e-01 5.445125497541190018e-01 8.174050632911389336e-01
4.833439485057425267e-01 8.383500000000018160e-01 5.500128422130413641e-01 8.179746835443033603e-01
4.427110060193381602e-01 8.477000000000016744e-01 5.196457721280023367e-01 8.256962025316451070e-01
4.052977028193539000e-01 8.577900000000022729e-01 4.916942272490768540e-01 8.327215189873413692e-01
3.978887211599816398e-01 8.575700000000016088e-01 4.954197184370112694e-01 8.295569620253160359e-01
3.714473471927874360e-01 8.671800000000011721e-01 4.809383147338385789e-01 8.386708860759489736e-01
3.620103357239953801e-01 8.701299999999999590e-01 4.842741193614884532e-01 8.407594936708860933e-01
3.667948758939585940e-01 8.658700000000010277e-01 5.017678675912513597e-01 8.322151898734172493e-01
3.356470171872549257e-01 8.787899999999997380e-01 4.782639065351579344e-01 8.401898734177215555e-01
3.389727852289458609e-01 8.747499999999981402e-01 4.909615625112246917e-01 8.384177215189875243e-01
3.146315050912023015e-01 8.816899999999990856e-01 4.797409912856048786e-01 8.396202531645573508e-01
2.978796854751704637e-01 8.890899999999962722e-01 4.716716627224689651e-01 8.441772151898734311e-01
2.860998395500817804e-01 8.920399999999960583e-01 4.641249353479908746e-01 8.434177215189873067e-01
2.925246641351930688e-01 8.917499999999970450e-01 4.875759783696472227e-01 8.458227848101262936e-01
2.854124476016542400e-01 8.926299999999959267e-01 4.928828117552925825e-01 8.427215189873416001e-01
2.688758389689970829e-01 8.995399999999964535e-01 4.855171589393131315e-01 8.432278481012656091e-01
2.679722912204210994e-01 8.966099999999963543e-01 4.903474570891029338e-01 8.413291139240501870e-01
2.579166345991228959e-01 9.027599999999963432e-01 4.847573163872420654e-01 8.454430379746834534e-01
2.496623624877813141e-01 9.060099999999968734e-01 4.907534598126276904e-01 8.468354430379742004e-01
2.424627302250234873e-01 9.069199999999955075e-01 4.991625206273402338e-01 8.451898734177216710e-01
2.386695691628755722e-01 9.089899999999945246e-01 4.961874936448918416e-01 8.466455696202533909e-01
2.346775069123435142e-01 9.101499999999966839e-01 5.127061544798406922e-01 8.447468354430379689e-01
2.324305941082286664e-01 9.096299999999962749e-01 5.225459228588447136e-01 8.445569620253166043e-01
2.333949871320691316e-01 9.085499999999963050e-01 5.320089507032922382e-01 8.440506329113921513e-01
2.143094764348318915e-01 9.170799999999953434e-01 5.216779378439638792e-01 8.498101265822781691e-01
2.129156133287780639e-01 9.153799999999961967e-01 5.283326720053743708e-01 8.453164556962025067e-01
2.090719339590557391e-01 9.174999999999976508e-01 5.335155426822181246e-01 8.441772151898729870e-01
2.142274074919323090e-01 9.148799999999966959e-01 5.529157400593106564e-01 8.394303797468354311e-01
2.366050567232690638e-01 9.045999999999955188e-01 5.970125792823877120e-01 8.282278481012650406e-01
1.959514152970198431e-01 9.214299999999976398e-01 5.566983383542012387e-01 8.436708860759487560e-01
2.026601456177318239e-01 9.177999999999966185e-01 5.728315176781731966e-01 8.413924050632907159e-01
1.985857610696487030e-01 9.193299999999980932e-01 5.845893597650408946e-01 8.386075949367086668e-01
1.885947607802903603e-01 9.243899999999970474e-01 5.781519098815940394e-01 8.418987341772150579e-01
1.835387819285672906e-01 9.243999999999987782e-01 5.904685101476677689e-01 8.381012658227847689e-01
2.079576328289932940e-01 9.163999999999966617e-01 6.335245912869489349e-01 8.349367088607595466e-01
1.907366748254276934e-01 9.228299999999982628e-01 6.160571957256258946e-01 8.421518987341765072e-01
1.861150938731888638e-01 9.239599999999984492e-01 6.376790558415675880e-01 8.385443037974683600e-01
1.890648945837756223e-01 9.237099999999979216e-01 6.393860520155956184e-01 8.365822784810125201e-01
1.921789051293872619e-01 9.210899999999987431e-01 6.656633789408297197e-01 8.326582278481009514e-01
1.736321974632917264e-01 9.277199999999996560e-01 6.534273070175500298e-01 8.344303797468353157e-01
1.777894327443917122e-01 9.278200000000000891e-01 6.704568063588621785e-01 8.371518987341772799e-01
1.554991014519423453e-01 9.364100000000018520e-01 6.474244648130291768e-01 8.389240506329110891e-01
1.663414507895833172e-01 9.333900000000010522e-01 6.781723052150243625e-01 8.353164556962026088e-01
1.590830626809146275e-01 9.357100000000027062e-01 6.675280581930026491e-01 8.386708860759486406e-01
1.707032335920082577e-01 9.323900000000023836e-01 7.094838933385176905e-01 8.336075949367087734e-01
1.546031996424475363e-01 9.367800000000033878e-01 7.023788594906872351e-01 8.363924050632910445e-01
1.593956819629806509e-01 9.344899999999997098e-01 7.168642141562979742e-01 8.305063291139238579e-01
1.709198665327867350e-01 9.299599999999993427e-01 7.362286371807966745e-01 8.328481012658224270e-01
1.759576098517772469e-01 9.299400000000006550e-01 7.640718680762154102e-01 8.321518987341774976e-01
1.563283130463541393e-01 9.363600000000017465e-01 7.493306873161702519e-01 8.312658227848096493e-01
1.435607315065911271e-01 9.416200000000054526e-01 7.418230759690094267e-01 8.368987341772152755e-01
1.663554488776794738e-01 9.327200000000007707e-01 7.922849490085471791e-01 8.291139240506328889e-01
1.508986517798504012e-01 9.368900000000016659e-01 7.498380680364382656e-01 8.329113924050632889e-01
1.456380956375248892e-01 9.393500000000042371e-01 7.740191641664785349e-01 8.331645569620250713e-01
1.560067974828499848e-01 9.361100000000021071e-01 7.985033218232983065e-01 8.298734177215187913e-01
1.756993723134726015e-01 9.289800000000011382e-01 8.510726501991848769e-01 8.248734177215186758e-01
1.592259756210006316e-01 9.328600000000023540e-01 8.171462043454290614e-01 8.245569620253156984e-01
1.391190720781698142e-01 9.434200000000073638e-01 8.298780293425650489e-01 8.316455696202528225e-01
1.386549820144370171e-01 9.418900000000048900e-01 8.356716671679511599e-01 8.292405063291136136e-01
1.469983143560464889e-01 9.403400000000033954e-01 8.567543118864887619e-01 8.305696202531639427e-01
1.458316119029698377e-01 9.389100000000054624e-01 8.607691299255730843e-01 8.296835443037967606e-01
1.362715781372558499e-01 9.439400000000075508e-01 8.594564261760535562e-01 8.295569620253165910e-01
1.420849415391687576e-01 9.419400000000051065e-01 8.581433934152274956e-01 8.263291139240502847e-01
1.567784136472092082e-01 9.356400000000039130e-01 9.121851523562392039e-01 8.233544303797465380e-01
1.615851915534105843e-01 9.337400000000014577e-01 8.786729568577633653e-01 8.253797468354427957e-01
1.673273984527888503e-01 9.341200000000022818e-01 9.545259444174170049e-01 8.266455696202523740e-01
1.535525237563389878e-01 9.361100000000031063e-01 9.179413960784269522e-01 8.216455696202531467e-01
1.453429713276671309e-01 9.415800000000054126e-01 9.087177068318939011e-01 8.283544303797469865e-01
1.755208649821519140e-01 9.289900000000008706e-01 9.697976569356802079e-01 8.196835443037974178e-01
1.449199052954633915e-01 9.412100000000055422e-01 9.339312109820565588e-01 8.241772151898736354e-01
1.462313864932681395e-01 9.402800000000046676e-01 9.535611034177428058e-01 8.231645569620252845e-01
1.239540575576563997e-01 9.503800000000092174e-01 9.269531018687282575e-01 8.294936708860757291e-01
1.404614268297933177e-01 9.436800000000054034e-01 9.648415626088994168e-01 8.254430379746834356e-01
1.391920995621000190e-01 9.433700000000067032e-01 1.006884319607634914e+00 8.231012658227851997e-01
1.867161525017765333e-01 9.273099999999976362e-01 1.022409443199883583e+00 8.118354430379746134e-01
1.499607777093758254e-01 9.411100000000041099e-01 1.018765125682158379e+00 8.255696202531643824e-01
1.434160532975752300e-01 9.427300000000043978e-01 9.957179262325949187e-01 8.269620253164556845e-01
1.520915808548878312e-01 9.416600000000040493e-01 1.018746877632082715e+00 8.220253164556957648e-01
1.205178659211293690e-01 9.506400000000092554e-01 9.807401158005790709e-01 8.260759493670881692e-01
1.470938240400234964e-01 9.401600000000045476e-01 1.056582214599571135e+00 8.218987341772149291e-01
1.446679805811947050e-01 9.413900000000047230e-01 1.039012338912577382e+00 8.227215189873416934e-01
1.360077641131142434e-01 9.441300000000076853e-01 1.040680987537203173e+00 8.253797468354430178e-01
1.189127966016092636e-01 9.512800000000087852e-01 1.029147026081367766e+00 8.286075949367089910e-01
1.380861218714813654e-01 9.434000000000062336e-01 1.037457066914448500e+00 8.219620253164556800e-01
1.359638304949571108e-01 9.451300000000077972e-01 1.075816825054818571e+00 8.175949367088604092e-01
1.243655659297581706e-01 9.503100000000100911e-01 1.065029949019490108e+00 8.261392405063289202e-01
1.281495421570886528e-01 9.477300000000080660e-01 1.067172642392844262e+00 8.234810126582270406e-01
1.173946250801802260e-01 9.527400000000102454e-01 1.087028130808453730e+00 8.291139240506328889e-01
1.467332101026068980e-01 9.436500000000059840e-01 1.092257153372811151e+00 8.188607594936706535e-01
1.201643467242192453e-01 9.523000000000089171e-01 1.109439305563240774e+00 8.234810126582277068e-01
1.479489210027764012e-01 9.416500000000062043e-01 1.124746681582357688e+00 8.225316455696195517e-01
1.367343750817143766e-01 9.464900000000073810e-01 1.133317620423199168e+00 8.175949367088600761e-01
1.425455298126477033e-01 9.438000000000055234e-01 1.136497534422509004e+00 8.206962025316454357e-01
1.664241159566867689e-01 9.368000000000021865e-01 1.195502040389436749e+00 8.206962025316454357e-01
1.141243179192018564e-01 9.543200000000100491e-01 1.139611951380292920e+00 8.255696202531641603e-01
1.632882236587364921e-01 9.380500000000040473e-01 1.205528798533204382e+00 8.194303797468354134e-01
1.975423270598907766e-01 9.336300000000016253e-01 1.257035908309775962e+00 8.137341772151894803e-01
