3.852105263066471164e+00 2.766000000000000750e-02 3.852084007117016373e+00 2.835443037974678254e-02
1.309306759375441720e+00 6.065599999999999881e-01 1.331199317072878863e+00 6.003164556962025111e-01
1.007798442256301552e+00 6.900200000000012990e-01 1.031181044972221850e+00 6.858860759493667913e-01
8.831322475723452081e-01 7.178500000000014314e-01 9.167207400117289851e-01 7.044936708860759511e-01
8.407847155845185050e-01 7.363700000000006352e-01 8.764900638496923024e-01 7.279113924050635287e-01
7.593095299965665346e-01 7.587799999999988998e-01 8.034046794395942603e-01 7.498734177215189423e-01
7.392491936821925513e-01 7.625499999999990619e-01 7.909557032132170651e-01 7.507594936708857913e-01
7.106498764174687954e-01 7.674999999999991829e-01 7.692283337488666772e-01 7.530379746835438315e-01
6.989933475741179070e-01 7.728599999999972159e-01 7.572540454445343405e-01 7.614556962025316178e-01
6.968066838894277915e-01 7.740599999999987491e-01 7.637416000484487100e-01 7.576582278481012178e-01
6.797506175794311156e-01 7.801499999999967905e-01 7.468851087561467761e-01 7.650632911392404312e-01
6.748874960916215748e-01 7.771499999999990083e-01 7.402804016582750224e-01 7.658227848101265556e-01
6.453340874124651183e-01 7.897899999999974385e-01 7.147101767898583757e-01 7.765822784810127999e-01
6.256839412641882481e-01 7.922899999999973852e-01 6.941603625727114091e-01 7.772151898734175335e-01
6.273374563050760910e-01 7.889999999999981473e-01 7.005170439850522124e-01 7.718354430379747999e-01
6.230402651115728441e-01 7.936199999999969945e-01 7.028196573191014540e-01 7.747468354430382398e-01
6.036330921787190773e-01 8.021499999999978092e-01 6.852266865359578629e-01 7.855063291139238180e-01
6.423977728098579920e-01 7.899299999999972455e-01 7.251749856170708330e-01 7.713924050632913199e-01
6.334959999535659803e-01 7.921199999999962715e-01 7.168071038867807054e-01 7.745569620253158760e-01
5.929832092048260561e-01 8.022199999999979347e-01 6.806205213550836630e-01 7.838607594936708445e-01
5.763256797818148147e-01 8.091899999999984106e-01 6.618853028167908104e-01 7.893037974683544400e-01
6.078206412058891894e-01 7.989099999999975665e-01 6.998120622419271575e-01 7.801898734177217243e-01
5.700581442078022087e-01 8.101099999999985535e-01 6.653939160946511500e-01 7.869620253164562040e-01
5.758727268071841543e-01 8.077599999999982572e-01 6.731992415390912754e-01 7.847468354430379156e-01
5.880736340646076643e-01 8.041899999999988502e-01 6.887604566390077565e-01 7.824683544303795424e-01
5.753605403025137122e-01 8.093999999999991202e-01 6.756703258218409447e-01 7.851898734177210626e-01
6.103005594817908497e-01 7.978099999999973546e-01 7.104665709950938046e-01 7.789873417721520088e-01
5.924362268379086416e-01 8.011999999999989130e-01 6.963546937836493367e-01 7.757594936708858135e-01
5.762413854228651822e-01 8.071199999999982833e-01 6.770334504514622376e-01 7.821518987341771201e-01
5.637730952665688244e-01 8.105399999999989280e-01 6.667812058480394599e-01 7.883544303797466180e-01
5.629882759123915337e-01 8.098399999999987831e-01 6.664476712456404162e-01 7.879746835443035557e-01
5.470672407042257435e-01 8.158800000000008268e-01 6.517070576089660783e-01 7.927848101265821956e-01
5.805868880095405027e-01 8.053399999999972803e-01 6.943786636714182059e-01 7.815822784810129153e-01
5.208203043060990467e-01 8.245600000000001817e-01 6.304198059067961379e-01 7.988607594936707468e-01
5.606661647453640152e-01 8.117699999999978822e-01 6.722466065084427012e-01 7.856329113924055418e-01
5.678662927445062847e-01 8.080299999999984717e-01 6.864257529893272869e-01 7.823417721518985957e-01
5.577446707198318032e-01 8.125499999999976630e-01 6.718735428585146385e-01 7.858227848101265733e-01
5.334349622954273062e-01 8.186999999999989841e-01 6.508227792350191887e-01 7.943037974683545555e-01
5.474513816979299508e-01 8.146899999999999142e-01 6.729550316496021312e-01 7.895569620253168885e-01
5.308003154308591487e-01 8.223599999999993138e-01 6.504115031534222213e-01 7.957594936708860534e-01
5.507960541732511706e-01 8.138000000000001899e-01 6.716765656355661029e-01 7.840506329113928752e-01
5.285980979111138955e-01 8.205700000000001326e-01 6.512702464701992655e-01 7.901898734177209560e-01
5.402209888010789385e-01 8.155000000000001137e-01 6.665594913883280404e-01 7.889873417721520177e-01
5.283067509795530414e-01 8.216999999999994309e-01 6.539842684144012708e-01 7.921518987341771290e-01
5.153271291791848840e-01 8.250399999999994405e-01 6.449138499563401572e-01 7.931645569620245917e-01
5.469174281826397754e-01 8.147199999999983344e-01 6.687041751184591432e-01 7.886708860759495954e-01
5.601625466464703607e-01 8.116799999999984028e-01 6.856048958861833409e-01 7.874050632911389069e-01
5.314969082546610046e-01 8.212199999999997280e-01 6.578689163180244659e-01 7.938607594936707423e-01
5.398835908461565580e-01 8.161500000000004862e-01 6.737332493880124895e-01 7.881645569620249203e-01
5.507460988368972910e-01 8.084499999999975595e-01 6.790582648550084199e-01 7.803164556962026710e-01
5.163963940312269463e-01 8.236800000000001898e-01 6.470071813148601247e-01 7.953797468354429911e-01
5.266458954868940001e-01 8.198099999999995946e-01 6.597786391632555203e-01 7.886075949367089555e-01
5.181174795061340710e-01 8.204700000000004767e-01 6.559693101457125808e-01 7.881012658227842804e-01
5.124213452872214969e-01 8.255500000000002281e-01 6.475277408902108123e-01 7.977215189873415602e-01
5.106354463119783249e-01 8.263200000000004986e-01 6.500608562913556820e-01 7.963924050632911200e-01
5.345060981580636028e-01 8.193900000000011730e-01 6.768805942603315362e-01 7.896202531645569733e-01
5.224587688545645481e-01 8.209099999999993624e-01 6.634460666391096550e-01 7.875316455696202977e-01
5.494543882948591529e-01 8.142299999999994542e-01 6.922564274196923995e-01 7.855696202531645689e-01
5.299716327675959571e-01 8.182699999999976104e-01 6.736539874257301275e-01 7.889873417721522397e-01
5.121671150994333566e-01 8.248000000000013099e-01 6.507790592088943393e-01 7.945569620253165599e-01
5.187425187671437232e-01 8.236700000000005684e-01 6.679038713892654355e-01 7.947468354430385906e-01
5.286076425448894556e-01 8.192299999999999027e-01 6.728523869933747958e-01 7.898734177215187557e-01
5.118005086888741673e-01 8.253800000000012238e-01 6.585208216869457010e-01 7.931012658227849510e-01
5.584806952529705049e-01 8.094899999999976004e-01 6.988994560487725716e-01 7.822784810126580668e-01
5.244559602843067436e-01 8.215099999999992963e-01 6.747441395248934271e-01 7.919620253164555423e-01
4.971234498705994764e-01 8.294300000000011108e-01 6.479874923676156584e-01 7.955696202531641337e-01
5.201257221534862918e-01 8.214100000000013058e-01 6.652873653431237155e-01 7.893037974683544400e-01
5.226734082063001496e-01 8.112399999999968525e-01 6.743176427880435142e-01 7.809493670886071826e-01
4.969245465179891741e-01 8.294200000000010453e-01 6.470091500033988696e-01 7.953164556962026843e-01
4.978357334535309375e-01 8.265300000000005420e-01 6.479052361602785082e-01 7.948101265822783423e-01
4.990461389296789729e-01 8.278399999999997982e-01 6.494417156447009898e-01 7.932911392405065376e-01
5.027835084857703585e-01 8.282699999999995066e-01 6.618744341150433197e-01 7.918354430379743736e-01
4.958050238146060051e-01 8.300300000000004896e-01 6.555190648102899864e-01 7.951265822784807646e-01
5.118495134857692364e-01 8.250199999999997535e-01 6.661209128582880057e-01 7.893670886075949689e-01
5.118435654741292362e-01 8.253800000000002246e-01 6.717167455336647830e-01 7.923417721518986045e-01
4.873155104048869091e-01 8.319700000000018747e-01 6.514397365533528550e-01 7.966455696202527914e-01
5.234480208568597082e-01 8.194599999999988560e-01 6.878984061549038298e-01 7.834810126582278933e-01
5.053100267838144255e-01 8.255000000000007887e-01 6.586997408050999647e-01 7.901265822784812043e-01
5.274996284890978160e-01 8.198400000000003462e-01 6.883910659239486085e-01 7.884810126582281198e-01
5.078028092391806414e-01 8.242899999999996341e-01 6.717655947827662066e-01 7.858860759493666581e-01
4.828442238405198372e-01 8.330000000000008509e-01 6.466914844885689462e-01 7.981645569620252623e-01
4.828984262514597892e-01 8.334200000000018260e-01 6.455408433698249793e-01 7.948734177215184271e-01
5.119841544837483438e-01 8.260099999999997999e-01 6.832277895752945085e-01 7.913924050632912266e-01
4.954271752157118902e-01 8.294699999999999296e-01 6.668747897994855567e-01 7.953164556962025733e-01
4.989209330612268678e-01 8.273199999999998333e-01 6.678310100216594547e-01 7.908860759493669956e-01
4.915093633111257687e-01 8.299200000000009902e-01 6.639723707751805648e-01 7.927215189873417778e-01
5.266804280515929859e-01 8.168299999999992789e-01 7.065813618504976912e-01 7.789873417721521198e-01
5.092184597310321914e-01 8.251500000000009383e-01 6.834325647233737699e-01 7.891772151898736043e-01
5.067656413302124019e-01 8.246499999999995500e-01 6.738261830881562275e-01 7.923417721518989376e-01
5.046514604041774099e-01 8.245900000000006003e-01 6.652803520368962831e-01 7.903164556962031240e-01
5.187874632244604545e-01 8.207699999999998886e-01 6.881976819043778004e-01 7.855696202531643468e-01
5.082503691266591073e-01 8.244899999999998341e-01 6.832154629079392194e-01 7.891139240506329644e-01
4.913590653402086228e-01 8.286000000000003363e-01 6.676119179513603230e-01 7.908860759493671067e-01
5.035878500244955758e-01 8.268100000000008221e-01 6.767275160893514441e-01 7.846202531645570799e-01
5.027586957851515326e-01 8.273500000000009180e-01 6.816090102613825419e-01 7.914556962025315334e-01
5.316136934995012719e-01 8.187299999999996247e-01 7.100929147767800487e-01 7.855696202531650130e-01
4.798476464869421698e-01 8.323300000000009025e-01 6.572221814064177492e-01 7.919620253164555423e-01
4.914124493571434549e-01 8.310700000000006415e-01 6.762147105097758848e-01 7.915189873417722843e-01
4.992555514181802878e-01 8.245000000000005658e-01 6.796510295476377861e-01 7.849367088607598353e-01
4.872294485250948659e-01 8.311500000000011656e-01 6.648523212799396509e-01 7.945569620253167820e-01
4.947669478186005332e-01 8.275100000000017442e-01 6.654564317519636729e-01 7.892405063291140221e-01
