3.016776635275707275e+00 1.409999999999985223e-02 3.856748753493563164e+00 1.613924050632910626e-02
2.459749061906496337e+00 3.852500000000000369e-01 2.456746580349818299e+00 3.854430379746834334e-01
1.447494167124015574e+00 5.918099999999999472e-01 1.446613361455817204e+00 5.866455696202531600e-01
1.206099615599909969e+00 6.545000000000006368e-01 1.212857081519537639e+00 6.492405063291136758e-01
1.061827339410646331e+00 6.914000000000011248e-01 1.071784029003751915e+00 6.864556962025315512e-01
9.703915455528687728e-01 7.133200000000011753e-01 9.820138845940069583e-01 7.070886075949366356e-01
8.833595076766072030e-01 7.372500000000010711e-01 9.003661865644829732e-01 7.301898734177210137e-01
8.249465702583947957e-01 7.513699999999989831e-01 8.463576224381889057e-01 7.432278481012657423e-01
7.777474252237936980e-01 7.641999999999984361e-01 8.023817935710733096e-01 7.520253164556960357e-01
7.360449979316017188e-01 7.759799999999971165e-01 7.623616385321676514e-01 7.652531645569619068e-01
7.236109079881246631e-01 7.734799999999973918e-01 7.528392923217225308e-01 7.631012658227852574e-01
6.851419211416619470e-01 7.855599999999965943e-01 7.183611336044682938e-01 7.735443037974683023e-01
6.495143062822199553e-01 7.988199999999985312e-01 6.850611325929409912e-01 7.874050632911394620e-01
6.271909403270902184e-01 8.017699999999975402e-01 6.693700541185944042e-01 7.875949367088606046e-01
6.123040607858477591e-01 8.045799999999977414e-01 6.532145124960088145e-01 7.909493670886077465e-01
6.047647973666766541e-01 8.069999999999990514e-01 6.470821251805176644e-01 7.927215189873413337e-01
5.823776092658436987e-01 8.139799999999987046e-01 6.256541567594005038e-01 7.998734177215189867e-01
5.823368552772133500e-01 8.133499999999987962e-01 6.305657312425375638e-01 7.991139240506325292e-01
5.628395953182835365e-01 8.196199999999990160e-01 6.131652945871941540e-01 8.070253164556961956e-01
5.372876114311341267e-01 8.275900000000004919e-01 5.913314313325360727e-01 8.096835443037974089e-01
5.344483531722928893e-01 8.251799999999999136e-01 5.909611887572416844e-01 8.062025316455690982e-01
5.183900591129825264e-01 8.320000000000008500e-01 5.765021577916717987e-01 8.165822784810123913e-01
5.093864726940336984e-01 8.344399999999995154e-01 5.695024096991928575e-01 8.193670886075946624e-01
5.044959893312082055e-01 8.339200000000005497e-01 5.667602223925661820e-01 8.181012658227847512e-01
4.976364827180259076e-01 8.373100000000009979e-01 5.614570635417105438e-01 8.192405063291142708e-01
4.909878875927515263e-01 8.390500000000014058e-01 5.554399598414044847e-01 8.201898734177217598e-01
4.905335798347990606e-01 8.355100000000015292e-01 5.596955810190930025e-01 8.177848101265821068e-01
4.686728116531587718e-01 8.451800000000020407e-01 5.383093942401453447e-01 8.241139240506325514e-01
4.633776242104513110e-01 8.445300000000023344e-01 5.362511378665439921e-01 8.242405063291138312e-01
4.670841772225762245e-01 8.443400000000012007e-01 5.445528937992384355e-01 8.242405063291137202e-01
4.533855788725930647e-01 8.486000000000037957e-01 5.319013733974709002e-01 8.273417721518988577e-01
4.529849696953697769e-01 8.475700000000028211e-01 5.321448763646254854e-01 8.249367088607593157e-01
4.354928764592953527e-01 8.555800000000027827e-01 5.179822520035975986e-01 8.308860759493669201e-01
4.364167527536940705e-01 8.524700000000016153e-01 5.237062333351231169e-01 8.283544303797466535e-01
4.238580589529819531e-01 8.578300000000013137e-01 5.107646172677572372e-01 8.344303797468350936e-01
4.292352592398528954e-01 8.555800000000021166e-01 5.241938149054810037e-01 8.305696202531641648e-01
4.236357135468643009e-01 8.579700000000007876e-01 5.185034144524883759e-01 8.306329113924048047e-01
4.137581991560618788e-01 8.592400000000005589e-01 5.108058470637536486e-01 8.324683544303792537e-01
4.122861719548532311e-01 8.592700000000008664e-01 5.146781391936340322e-01 8.326582278481012844e-01
4.035402371743525007e-01 8.620999999999999774e-01 5.053501227974586119e-01 8.335443037974682445e-01
4.110218602636613316e-01 8.615500000000015923e-01 5.149549382886042803e-01 8.323417721518985291e-01
3.963265565055293926e-01 8.653999999999999471e-01 5.022028986938613659e-01 8.334177215189870758e-01
4.017616316417177424e-01 8.622300000000022724e-01 5.090489938554700888e-01 8.341772151898735332e-01
4.025524119579402815e-01 8.618600000000006256e-01 5.133081010733575589e-01 8.315822784810121826e-01
3.830350911833361183e-01 8.695200000000002927e-01 4.977686034469275822e-01 8.381645569620251868e-01
4.005832751915758272e-01 8.623800000000009236e-01 5.188070543568260584e-01 8.296835443037969826e-01
3.768410091745151291e-01 8.706300000000001260e-01 4.925609002235998291e-01 8.359493670886073424e-01
3.709869699096616791e-01 8.715399999999997593e-01 4.923880322108266094e-01 8.341772151898735332e-01
3.758702841981758636e-01 8.696700000000001651e-01 5.008218933206171064e-01 8.344303797468356487e-01
3.704592533579503799e-01 8.722499999999990816e-01 5.002026232164182851e-01 8.360126582278479823e-01
3.836242757872097564e-01 8.667600000000003080e-01 5.125052668015603885e-01 8.315822784810120716e-01
3.656373411849592192e-01 8.740300000000004177e-01 4.954252893727436047e-01 8.367721518987339957e-01
3.563230515215351502e-01 8.771399999999989205e-01 4.938334203283503143e-01 8.375316455696205642e-01
3.637306181598414234e-01 8.734799999999992570e-01 4.985554748620073529e-01 8.360126582278480933e-01
3.604322312458731470e-01 8.746399999999988628e-01 5.018876469222739445e-01 8.370886075949364180e-01
3.495440881926507037e-01 8.788799999999986623e-01 4.906065722676742347e-01 8.378481012658230975e-01
3.479347140895430179e-01 8.766499999999993742e-01 4.882101497126627443e-01 8.374683544303791471e-01
3.482698894965257641e-01 8.769400000000002748e-01 4.949884998477873110e-01 8.355063291139234183e-01
3.419515391884404565e-01 8.791499999999983217e-01 4.908057622744440573e-01 8.360759493670884002e-01
3.428827566492376189e-01 8.814599999999992441e-01 4.936239714384566546e-01 8.390506329113925910e-01
3.454840647845791590e-01 8.763299999999982770e-01 4.984405909862064665e-01 8.357594936708863109e-01
3.317639604735715397e-01 8.837299999999973510e-01 4.894381728409613608e-01 8.401898734177216665e-01
3.294643498481308330e-01 8.835499999999975040e-01 4.869094298950090161e-01 8.402531645569611962e-01
3.376104833795262605e-01 8.799099999999995259e-01 5.061218446884869770e-01 8.360126582278477603e-01
3.182472784859980419e-01 8.891299999999985326e-01 4.814343714366463578e-01 8.427848101265819070e-01
3.269368311786721715e-01 8.857399999999984175e-01 4.922118232585623310e-01 8.401265822784809156e-01
3.234417275336250452e-01 8.869299999999962214e-01 4.899555277731145186e-01 8.406329113924050356e-01
3.150886114962593298e-01 8.890399999999977210e-01 4.868929309192097099e-01 8.384177215189875243e-01
3.177487242950692847e-01 8.873599999999984833e-01 4.956332998763764985e-01 8.372784810126583377e-01
3.075078738360136343e-01 8.929899999999972859e-01 4.882181606263288898e-01 8.408860759493671511e-01
3.132723557626587718e-01 8.895899999999969943e-01 4.988050149877322759e-01 8.375949367088606490e-01
3.220801425319579914e-01 8.855499999999968397e-01 5.026367793579927801e-01 8.378481012658225424e-01
3.054774700413855903e-01 8.915099999999964719e-01 4.898294288428045040e-01 8.395569620253167109e-01
3.106023875797678802e-01 8.899899999999976163e-01 4.967659780099661360e-01 8.376582278481010668e-01
3.013633305056160894e-01 8.944399999999962381e-01 4.909591856589829439e-01 8.433544303797466668e-01
2.983675743418187087e-01 8.933199999999972274e-01 4.956711344054423596e-01 8.396835443037972135e-01
3.035390046716687218e-01 8.920399999999960583e-01 4.985105884148029465e-01 8.386075949367085558e-01
3.045938663393903956e-01 8.892099999999980575e-01 5.024903766817175876e-01 8.363291139240499605e-01
2.934946522554898185e-01 8.938799999999964552e-01 4.979002873979925803e-01 8.375316455696203422e-01
2.944138432523754068e-01 8.952999999999957659e-01 5.005720627811868217e-01 8.395569620253162668e-01
2.995330941145614156e-01 8.927799999999956881e-01 5.038810029429614534e-01 8.389873417721517290e-01
2.846359157066815082e-01 8.984599999999961506e-01 4.934367001915339612e-01 8.417088607594935823e-01
2.843253455049402079e-01 8.980699999999955940e-01 4.998168610297210601e-01 8.408227848101261781e-01
2.877999934334189436e-01 8.959299999999962294e-01 5.031906123328133695e-01 8.396202531645571288e-01
2.839155278364953738e-01 8.980499999999969063e-01 5.083325155509771376e-01 8.403164556962022802e-01
2.814269577610973849e-01 8.984599999999961506e-01 5.026686477135040576e-01 8.368987341772147204e-01
2.833402486009768961e-01 8.985199999999957665e-01 5.076120926825585800e-01 8.374683544303797023e-01
2.772633157987375863e-01 9.004699999999952187e-01 5.040883589774312057e-01 8.415189873417718847e-01
2.719230670096606794e-01 9.023499999999951005e-01 5.041003126054611760e-01 8.405063291139237558e-01
2.912619243281403536e-01 8.926999999999966073e-01 5.211083423193516584e-01 8.341772151898730892e-01
2.806304625790833063e-01 8.971899999999960462e-01 5.131554836977422207e-01 8.375316455696201201e-01
2.692099091263346344e-01 9.038899999999956414e-01 5.085108857020967932e-01 8.411392405063289335e-01
2.761221195599727896e-01 8.987899999999947598e-01 5.180592829270973532e-01 8.358860759493664805e-01
2.663432615129429082e-01 9.043399999999953698e-01 5.127568890703875226e-01 8.381645569620248537e-01
2.626703845855904440e-01 9.051799999999962099e-01 5.072589469954775776e-01 8.396202531645563516e-01
2.626395163493397411e-01 9.052499999999970015e-01 5.143842938201290682e-01 8.374683544303797023e-01
2.616741706286063174e-01 9.047999999999957188e-01 5.200694095534751371e-01 8.374050632911393954e-01
2.624207874637328186e-01 9.042399999999963800e-01 5.171394064926952971e-01 8.399999999999996358e-01
2.645795084822906706e-01 9.020299999999963347e-01 5.225968292828236939e-01 8.355063291139236403e-01
2.620519279159220227e-01 9.050099999999944300e-01 5.234964147027220127e-01 8.355063291139241954e-01
2.650103170670373154e-01 9.004299999999940685e-01 5.334486801701808778e-01 8.321518987341769424e-01
