3.864962554083679169e+00 1.904999999999991075e-02 3.865977439088637890e+00 1.987341772151896696e-02
2.194371463916433118e+00 4.248200000000000864e-01 2.191798568084908805e+00 4.269620253164556622e-01
1.442850509857384500e+00 5.953099999999996728e-01 1.448481919067715840e+00 5.909493670886075689e-01
1.211017916058882316e+00 6.526900000000003255e-01 1.217602392680044554e+00 6.460126582278484797e-01
1.067882924683566159e+00 6.876600000000017143e-01 1.078496990429080649e+00 6.810126582278480667e-01
9.580325374518841031e-01 7.162400000000026523e-01 9.697384986520876105e-01 7.088607594936708889e-01
8.750643803333590931e-01 7.399299999999997546e-01 8.870108454960988764e-01 7.320253164556964620e-01
8.219373731243956316e-01 7.534399999999998876e-01 8.350384483216340969e-01 7.486708860759496709e-01
7.663881023937267889e-01 7.696399999999982144e-01 7.788965948979185150e-01 7.665822784810129020e-01
7.347738867944134666e-01 7.751899999999978252e-01 7.524492999639740276e-01 7.693670886075951731e-01
6.979814498120271438e-01 7.839199999999967305e-01 7.186443759961002042e-01 7.746202531645570710e-01
6.881108255277114116e-01 7.880099999999968796e-01 7.120174391122531254e-01 7.826582278481016841e-01
6.462321803052724078e-01 7.991399999999980741e-01 6.729806252133583300e-01 7.897468354430380311e-01
6.264181098367068712e-01 8.031999999999971385e-01 6.540770248752132421e-01 7.941139240506325248e-01
6.079542779560553889e-01 8.092099999999986526e-01 6.395871074726612315e-01 7.985443037974683245e-01
5.946989568712338636e-01 8.110299999999981413e-01 6.262666973929312819e-01 7.997468354430378179e-01
5.734496891709558453e-01 8.191499999999992676e-01 6.077126532420374927e-01 8.076582278481011512e-01
5.622968936237484616e-01 8.202899999999982983e-01 6.008264773886895505e-01 8.077848101265822089e-01
5.454133437600861001e-01 8.246700000000002362e-01 5.875255605051480368e-01 8.136708860759490625e-01
5.381960894416167873e-01 8.267400000000005855e-01 5.828823307892941896e-01 8.129113924050629381e-01
5.238107882819587058e-01 8.296600000000006192e-01 5.711284175376204475e-01 8.166455696202524761e-01
5.110825593960270918e-01 8.348300000000021814e-01 5.636955791742346289e-01 8.185443037974687863e-01
5.105961766953834857e-01 8.338400000000001366e-01 5.641273178039286629e-01 8.188607594936706535e-01
4.931578954056182740e-01 8.404900000000011806e-01 5.514510567263370966e-01 8.228481012658224181e-01
4.873400060732319683e-01 8.410100000000018117e-01 5.448988248555519665e-01 8.234810126582279288e-01
4.885597573541225480e-01 8.395300000000015528e-01 5.503008350519401626e-01 8.215189873417720889e-01
4.760749400478720972e-01 8.415500000000020187e-01 5.407795747708220579e-01 8.225949367088605246e-01
4.820189407417529992e-01 8.407500000000017737e-01 5.508027260343643094e-01 8.211392405063285826e-01
4.570483298056458588e-01 8.489400000000025814e-01 5.271421191231124848e-01 8.278481012658226446e-01
4.573394234679704073e-01 8.486800000000022104e-01 5.299866007159694803e-01 8.276582278481006139e-01
4.481640867517724947e-01 8.519500000000019835e-01 5.246448514534094443e-01 8.306962025316450005e-01
4.659324877099456086e-01 8.452500000000012781e-01 5.424253985176377135e-01 8.245569620253164755e-01
4.355857740698776404e-01 8.531300000000017203e-01 5.170572698826824132e-01 8.299999999999997380e-01
4.346945641398010651e-01 8.536900000000007260e-01 5.172724638315413515e-01 8.299999999999997380e-01
4.286784317723560944e-01 8.575100000000028810e-01 5.142211708314586849e-01 8.309493670886073380e-01
4.293203245040446148e-01 8.548000000000011145e-01 5.206112435472218802e-01 8.282278481012657068e-01
4.188501602559301373e-01 8.595800000000016761e-01 5.105503374607013312e-01 8.342405063291141731e-01
4.058274248576332344e-01 8.635900000000005239e-01 5.019898964861503332e-01 8.343670886075950088e-01
4.039972284811413350e-01 8.636900000000007349e-01 5.014134708256540174e-01 8.363291139240504046e-01
4.002931693409021996e-01 8.656400000000008532e-01 4.995035381545191444e-01 8.368987341772146094e-01
3.993399539108032359e-01 8.648700000000009158e-01 5.032205244814595968e-01 8.352531645569619689e-01
3.947172797338756034e-01 8.666200000000000570e-01 5.004611469918308631e-01 8.369620253164558044e-01
3.941981332751617884e-01 8.650600000000003842e-01 5.017614586011696076e-01 8.365822784810128532e-01
3.844658939420646515e-01 8.680000000000003268e-01 4.951785409333705479e-01 8.384177215189873023e-01
3.785457493654859062e-01 8.721900000000001318e-01 4.919579765692162487e-01 8.397468354430378534e-01
3.803560468559538110e-01 8.695900000000001961e-01 4.956158245718968458e-01 8.382278481012658267e-01
3.858218456116711548e-01 8.666000000000008141e-01 5.060262356038967013e-01 8.328481012658229821e-01
3.761537547266611270e-01 8.691299999999998471e-01 4.999392893837070750e-01 8.353797468354434708e-01
3.671578777794938797e-01 8.739100000000002977e-01 4.919687034719095187e-01 8.387974683544296983e-01
3.593087215746402774e-01 8.765899999999983150e-01 4.856948063325561282e-01 8.415189873417722177e-01
3.634011679280411689e-01 8.740499999999993275e-01 4.927011918767578158e-01 8.405063291139240889e-01
