[[ 0.00990074 -0.06973092 -0.01201977 ...  0.07663041 -0.02297585
  -0.00810314]
 [-0.02006864  0.04864989  0.0368384  ... -0.0727274   0.03494395
   0.03961961]
 [-0.03920118 -0.01037741 -0.01774431 ...  0.0136364  -0.03583577
  -0.04678604]
 ...
 [-0.03554682 -0.06696798 -0.00314302 ... -0.04316043 -0.01738673
  -0.08513239]
 [ 0.0370907   0.06645336  0.00777281 ... -0.07174753  0.02567844
  -0.04859589]
 [ 0.06168688  0.03688035  0.03696159 ... -0.05811083 -0.01219945
   0.01839734]]
[-0.11251147 -0.01247076 -0.36851934 -0.21012422 -0.22346217  0.29249593
 -0.08659575  0.42610201 -0.23701539  0.14714495 -0.13599973  0.0444963
 -0.03895938 -0.05049444 -0.00283146 -0.09938563  0.0322994   0.11250564
 -0.09313873  0.19727682  0.56674985  0.22826998 -0.04947439  0.01875583
  0.02178363  0.31497367  0.07445973  0.45615594  0.26785404  0.04224959
 -0.00662918 -0.62890864]
[[ 0.18667109  0.1586306   0.2440884  ... -0.18127975  0.09910213
   0.21275436]
 [ 0.25627519 -0.45291793 -0.01259642 ... -0.07074024 -0.05751972
  -0.345114  ]
 [ 0.11338713 -0.04982234 -0.01340767 ...  0.06791215 -0.23033631
   0.01119734]
 ...
 [ 0.00226158  0.14427074  0.06693716 ...  0.21224522 -0.25261296
  -0.0614443 ]
 [ 0.16467409 -0.32207091  0.0967003  ...  0.04141156  0.02729909
   0.26140807]
 [ 0.15418759 -0.18817321  0.07722156 ...  0.20580585 -0.3042492
   0.07129666]]
[-0.02309969  0.2824362   0.06074492 -0.13932365  0.09844656 -0.05791511
  0.20213244 -0.01054337  0.03700932 -0.03219381 -0.21975781 -0.03069058
  0.05388588  0.11995465 -0.14464968  0.18182797  0.3299012  -0.01621912
  0.12801695  0.07382662  0.02603695 -0.18432701  0.211489   -0.06003651
 -0.38414587 -0.15601969 -0.04555808  0.10956999 -0.03385526 -0.10137785
 -0.23149415 -0.09137887]
[[-0.20360857 -0.34215908 -0.015385   ...  0.34175341  0.14767722
   0.12760797]
 [ 0.01986261  0.18294499 -0.04545952 ... -0.29378071 -0.15109405
  -0.42858783]
 [ 0.09384213  0.01141962 -0.41189306 ...  0.15575218 -0.02451559
   0.10820408]
 ...
 [-0.00219615  0.03632912 -0.03315995 ...  0.23869542  0.23677723
   0.3041163 ]
 [-0.00486571  0.16127045  0.11179777 ...  0.25555556 -0.33725518
  -0.09486949]
 [ 0.04386589  0.286267    0.53637592 ...  0.13098123 -0.2099234
   0.03371839]]
[-0.07435361  0.03512082 -0.07111021 -0.11635975  0.05022884  0.12111229
 -0.19936638  0.00094389 -0.15573062 -0.13942936  0.00516707 -0.07838073
  0.07020048  0.07297093 -0.11828084  0.12732299 -0.12061296  0.00062725
  0.02663837  0.3118659   0.01397641  0.24589862 -0.04230714  0.03448135
 -0.04638783 -0.03324119 -0.00648657 -0.05175862 -0.03753553  0.0398856
  0.02187315  0.06199851  0.01597084 -0.05857458  0.20161723  0.03342156
 -0.02041424 -0.06081498 -0.0247108  -0.15844596  0.00372805 -0.01679788
  0.0933301  -0.08304406 -0.03456748 -0.05427898  0.21461008]
