[[ 0.00416369 -0.0213664   0.04058618 ...  0.06052155 -0.00962422
   0.03414766]
 [-0.06355444 -0.05581075 -0.07660789 ...  0.02501747 -0.07629986
   0.04162132]
 [-0.04002315 -0.0700175  -0.05163116 ...  0.01557211 -0.00116177
   0.04006842]
 ...
 [ 0.06004048  0.0804777  -0.05175269 ...  0.02386518  0.00283028
   0.05873674]
 [ 0.02983728  0.04198598  0.05738385 ...  0.02576524 -0.03894767
   0.06675839]
 [-0.02876084  0.05208309 -0.05951312 ... -0.07105214 -0.00056685
  -0.01283167]]
[ 0.22479476 -0.01930151  0.08537385 -0.02111483  0.11851143  0.16186792
 -0.23575313  0.07557995 -0.04851931  0.26684379 -0.01349645  0.0991978
 -0.06642436  0.07546469 -0.1536357   0.03738865 -0.00131306 -0.04953326
  0.21073665 -0.30223117 -0.24645921  0.03922865  0.15996718 -0.01923084
 -0.08200631 -0.21692214 -0.00448126 -0.07248675 -0.18480469 -0.21928913
 -0.01671076  0.19167028 -0.15555789  0.08995173  0.04240991 -0.0783725
  0.00180328 -0.00805397 -0.0605315  -0.00126438  0.13721135  0.08724609
  0.09294088  0.17124063  0.02024978 -0.13944567 -0.01856624  0.12749031
 -0.04629674  0.08807377  0.10190879 -0.0498036  -0.02789395 -0.13342456
 -0.00322198  0.05417732  0.17546058 -0.04223095  0.06787979 -0.07787088
  0.11474551  0.06897555  0.09188355 -0.18846197  0.10483504  0.11711495
 -0.10986576 -0.01825533 -0.21141649 -0.03241352  0.10077312  0.1295328
  0.10472128 -0.10872735  0.04841129  0.12474393 -0.02924097  0.17498354
 -0.07543955  0.00617115  0.17420278 -0.02664341 -0.16038995 -0.08728182
  0.06007259 -0.11929577  0.01822135 -0.00115387  0.01911056  0.02234055
  0.17146399 -0.11853856 -0.03233592  0.14649414 -0.0207131  -0.11448565
 -0.16267106  0.13382008 -0.00660068 -0.08270675 -0.11189907 -0.00263017
 -0.15918451  0.0612498  -0.01517324 -0.21848199  0.14790702 -0.11253019
 -0.0785775   0.11256087  0.16216137 -0.10782988 -0.07825054 -0.04099206
 -0.05919933  0.11842178 -0.01003662 -0.03023307  0.02114225 -0.11689073
 -0.14368586 -0.08023768  0.29942137  0.05973818 -0.05301661 -0.19955044
  0.14707711  0.04321038]
[[ 0.00796602  0.09057149 -0.05067725 ...  0.05573285 -0.07255411
  -0.09511278]
 [ 0.07008276  0.0881103  -0.15493862 ... -0.04216464  0.03317669
   0.11508284]
 [ 0.05691462  0.03314709  0.11168931 ...  0.08887241 -0.02128298
  -0.10928461]
 ...
 [-0.13114073  0.01242375 -0.12595434 ...  0.15621952  0.09591273
  -0.00558298]
 [-0.14467762  0.06113405  0.08802696 ...  0.11031344  0.06866467
  -0.0804619 ]
 [ 0.11470362  0.00512077  0.13187708 ... -0.13488554  0.05167676
  -0.00990586]]
[-0.05398874  0.0426272   0.02740293  0.02922404  0.08735495 -0.05219883
 -0.0588011  -0.01301215 -0.01953682 -0.05216018 -0.10420262  0.04753243
 -0.16355134 -0.00095113  0.18656835  0.16154596  0.01747628 -0.04887183
 -0.09307005  0.0298262   0.03245849 -0.09744555  0.06963347 -0.05615039
  0.03314428  0.00687798  0.07107744  0.00973016 -0.00583121  0.06010588
 -0.08536987 -0.00118836  0.09165795  0.02792768 -0.01352778 -0.08972275
  0.06305664 -0.00181265  0.03346778 -0.15424247  0.08898608 -0.00623079
 -0.17328806 -0.06051905  0.01418289 -0.12491679 -0.00741731 -0.0631595
  0.0706686   0.07225664 -0.00766689 -0.01708046  0.09673719 -0.05110531
  0.04541651  0.01392095  0.06642821 -0.03177174 -0.00738928  0.0351718
 -0.02592346 -0.06281844  0.07057462 -0.0441779   0.0589916   0.15249107
 -0.08887071 -0.10208294  0.07953033 -0.0817966   0.05936454 -0.10028467
  0.05683849  0.01489717  0.08991643 -0.04138692  0.05916012  0.08583042
 -0.01923406 -0.17782238 -0.00142665  0.04993795 -0.00606495  0.02917668
 -0.09603791 -0.08879931 -0.02148017 -0.06014403  0.20305065  0.05407933
 -0.03377629  0.08224178  0.11696748 -0.03345304  0.07508168 -0.04054962
 -0.10049654  0.05410159 -0.03498678 -0.04290394  0.14410285  0.05324354
 -0.09411151  0.08449189 -0.04089572 -0.1068936   0.0042534  -0.05721285
  0.19539393 -0.00754731  0.01424685  0.0371569   0.11839332  0.00213183
  0.0675699  -0.07625596 -0.01716818  0.09172346  0.09804941  0.05106036
  0.00205903 -0.18174435 -0.03124091 -0.05582111  0.04227268 -0.10744999
 -0.07353216  0.15061877]
[[-0.0979906   0.0568488  -0.00045587 ...  0.2083569  -0.04918381
  -0.05915061]
 [-0.05963348 -0.12203079  0.05767378 ...  0.05469403  0.06530925
   0.21823585]
 [ 0.22934643 -0.21371386 -0.03241879 ...  0.0216344   0.11221022
  -0.24162586]
 ...
 [ 0.21333345 -0.1471516   0.0419305  ...  0.12925911  0.14208773
   0.01221646]
 [-0.13167902 -0.01596859 -0.07543383 ... -0.2045309  -0.17968762
   0.08997738]
 [ 0.15887475  0.19316544  0.06881117 ... -0.08020449  0.06438299
   0.23203129]]
[-3.19039311e-02  7.36133748e-02 -2.47622304e-02 -9.22744796e-02
  3.61662566e-02  6.83319716e-02 -1.13999100e-01 -5.49303407e-03
 -1.37829665e-01 -2.04826658e-02 -2.69401288e-02 -1.11317916e-01
  5.59241819e-02  2.67244867e-04 -9.60610935e-02  5.26320134e-02
 -3.39456450e-02 -3.98306453e-03  4.87775955e-02  2.40423332e-01
 -7.00361540e-04  2.58949391e-01 -2.40376616e-02  1.06798487e-02
 -5.85892855e-02  7.49736488e-03 -4.18480057e-02 -9.24425949e-02
 -1.68120140e-02  6.17648987e-02  9.42567621e-03  4.76244975e-02
 -4.14852984e-02 -8.74670921e-02  1.50101867e-01 -5.63920538e-03
 -3.78453073e-02 -5.30985169e-02 -2.01134434e-02 -1.06240971e-01
  2.53192844e-02 -5.88467688e-02  1.05188926e-01  4.53872377e-03
 -7.49489958e-02 -2.32997323e-04  1.62115024e-01]
