[[-0.066632   -0.0595272   0.02308124 ... -0.0403324   0.03511584
  -0.05945352]
 [ 0.01757603  0.03609788 -0.01490332 ...  0.01554997 -0.05656036
   0.08142858]
 [ 0.02061138  0.08179162 -0.03306751 ...  0.04466106 -0.04864662
  -0.00808556]
 ...
 [ 0.07425627 -0.08494682 -0.03578433 ... -0.00096148  0.05577866
  -0.05204999]
 [-0.0159003  -0.00110455 -0.05960789 ... -0.00572572 -0.00081797
  -0.01298061]
 [ 0.04231835  0.05276101  0.0068796  ...  0.06877929 -0.00371338
   0.05053256]]
[-0.2479198  -0.03605132 -1.2765928   0.25391344 -0.75373667 -1.33486394
  0.36274047  0.72649358  0.55875045 -0.60424349  0.86185462  1.23317778
  0.60901879  0.50898671  0.14202055 -0.22214175 -1.48141735 -1.40807373
 -1.22196431 -3.23539249 -0.20298038 -0.30610641 -1.77771068 -0.06060423
 -1.3221669  -0.5169641  -1.20812718  1.12537939 -0.85419227 -0.83313016
 -1.00403407  2.9631446 ]
[[-0.01145267 -0.31286229  0.03161649 ... -0.17881404  0.27354709
   0.1653996 ]
 [-0.05949262 -0.45140729 -0.33993819 ...  0.01886506 -0.36086269
  -0.13019786]
 [ 0.02870386  0.24316514 -0.19677919 ...  0.10466392  0.17410708
  -0.2743162 ]
 ...
 [ 0.16838878 -0.31761016  0.14636107 ...  0.02919538  0.44145031
   0.28432269]
 [ 0.45135058  0.26734534 -0.10556142 ... -0.25904047  0.02486653
   0.00549968]
 [ 0.1500535   0.04044115  0.03767031 ...  0.20365794  0.08751382
  -0.06932565]]
[ 0.43890132 -0.59722594 -0.15374461 -0.46004067 -0.23650154  0.49695308
 -1.4991939  -1.03634617 -0.47518969  0.21173382 -0.14522144 -0.69447075
 -0.31869479 -0.19776566 -0.32452335 -0.50718301  0.27327866  0.20436468
  0.36739077  0.09409644  0.13281061 -0.2541406  -0.05425378 -0.10073153
  0.11531862 -0.11713364  0.71936922  0.2122321   0.20269248  0.00537032
 -0.25193818  0.30138849]
[[ 0.28466622  0.08788116 -0.71048764 ... -0.03397603  0.22482777
   0.35614891]
 [ 0.40066307  0.29078568  0.0883363  ... -0.18311534  0.00249475
  -0.62947457]
 [ 0.37327527 -0.13048473  0.3099252  ... -0.08135479 -0.07945596
  -0.05778496]
 ...
 [ 0.04090803 -0.28410467 -0.14093221 ... -0.13619612 -0.10852391
  -0.04705449]
 [-0.35524724 -0.15093206 -0.29988647 ...  0.08367529 -0.12300822
  -0.03232856]
 [ 0.19125354  0.04644902 -0.35341605 ... -0.08819273 -0.24880323
   0.00684642]]
[ 0.08019118 -0.45399358 -0.64180011 -0.99560826 -0.18244599  0.28945271
 -1.24869147 -1.15707088  0.60767672 -0.5891142   0.56903815  0.54709754
 -0.17398655  0.53512268  0.0278396   0.82089353 -0.27723042  0.26893428
  0.27573752 -0.05958806 -0.01177936  0.5708445  -0.87876648  0.55280257
 -0.1888877  -0.95735855  0.34233444  0.16614364 -0.00346757 -1.18178376
  0.19181252  0.47927777 -0.87741961 -0.26540368  0.88060468  0.78624169
  1.10040096 -0.55859102 -0.69216721 -0.32790314  0.36629759  1.35259378
 -0.23339117 -0.34896597  0.82394086 -0.61116395  1.28129979]
