[[-3.22100957e-03 -5.82695424e-02 -3.10973568e-02 ...  3.29797938e-05
   7.05251948e-03 -6.06278029e-02]
 [ 5.88640880e-02  4.55382243e-03  3.71273894e-02 ... -1.52646311e-02
   1.32451696e-02 -6.15238905e-02]
 [-6.13798558e-02  3.94491692e-03  6.48386647e-02 ... -1.64088842e-02
  -6.73923737e-02 -4.82751207e-02]
 ...
 [-2.74483792e-02  1.82898790e-02  6.80792575e-02 ... -2.09591074e-02
  -3.89901074e-02  3.51180345e-02]
 [-5.03111073e-02  6.76616530e-02 -3.26604718e-02 ...  7.44527663e-02
  -2.75798216e-02 -3.14180430e-02]
 [-2.20116334e-02 -6.99768318e-02 -7.51832524e-02 ... -6.77267552e-02
  -1.17997838e-03 -8.19207704e-02]]
[-0.06191529  0.17600218  0.21427861  0.29726628  0.07076979 -0.23673108
  0.21765977 -0.3442221   0.60334568 -0.03440954  0.13783413  0.27949063
  0.07039333 -0.08911989  0.0615103  -0.02294     0.02774745 -0.12625964
 -0.23832563  0.36804935  0.10299539  0.14761199 -0.21936792  0.13119592
  0.22623725  0.03247323 -0.06221116 -0.24568663  0.06389101  0.38311453
 -0.43236875 -0.0307124  -0.09140313 -0.24030213 -0.1627376  -0.08328326
 -0.08777553 -0.15244362 -0.35780305  0.00108326 -0.02261407 -0.15944099
 -0.02807113 -0.16264095 -0.23564422 -0.17906703 -0.02561734 -0.21837256
 -0.28261359 -0.03091482 -0.0725085  -0.02063163  0.24575218  0.14276675
 -0.00524833  0.26411629 -0.50060687 -0.1249702   0.09837148  0.08816456
 -0.12130353  0.04853186  0.39059804 -0.00328851]
[[ 1.17153480e-01 -2.72647872e-02  1.25993774e-01 ...  1.23509561e-01
  -1.80454191e-02 -5.82441583e-02]
 [ 1.32132720e-01  1.28990383e-01 -1.88322312e-01 ...  1.93881280e-01
   5.38088632e-02 -3.06283619e-02]
 [-3.06636799e-01  1.44387286e-01 -2.04315530e-01 ... -2.18220090e-01
   1.12228476e-01  2.50132326e-01]
 ...
 [-2.20484415e-02 -1.38237866e-01  1.56210560e-01 ... -9.57445918e-02
   4.25501975e-02  3.22946330e-01]
 [-6.02680827e-02  3.04937656e-03 -1.02102198e-01 ... -1.10880992e-01
  -1.47093280e-01 -2.30264645e-04]
 [-2.92908381e-01  2.74697688e-01  1.98100981e-01 ...  2.53172258e-01
  -1.10411323e-01 -5.51673748e-03]]
[ 7.03663454e-02 -1.01963202e-01  5.20699641e-02 -6.94363572e-02
  2.90827509e-01  1.63548485e-04  4.76056382e-02 -1.83414145e-01
 -1.59052923e-01 -2.56807031e-02  2.48989788e-01  4.15259642e-02
 -2.12921178e-01  1.84228329e-01 -7.04851128e-02 -8.26306368e-03
  1.54744781e-01  3.07031682e-02 -3.15644531e-02 -1.34193664e-01
  2.44009011e-03  3.22544898e-01  1.99625209e-02 -1.14564992e-01
  1.33303964e-01 -1.61629367e-01 -2.04792952e-01 -5.60332128e-03
 -1.19241308e-02 -1.10638575e-01  2.34886343e-01 -3.30302756e-01
 -1.18227178e-02 -7.38050543e-03 -2.31503647e-01 -5.95548016e-02
  3.43460776e-01  2.89143129e-02 -4.91919641e-02 -3.79289847e-02
  3.08667406e-02  1.22164220e-01 -2.69075171e-01  1.70479385e-01
  1.04379764e-01  1.26622685e-01  1.49300632e-01 -1.70330022e-02
  2.80280767e-02  3.71963288e-02  1.18961054e-01  1.49634607e-01
  1.70055700e-01 -2.59466346e-01 -5.43116385e-02  1.76380305e-02
 -1.81767182e-03 -1.73188898e-01 -4.71962296e-02  4.68017950e-02
 -9.47885503e-02  2.72099660e-03  2.18602677e-01  1.58152810e-01]
[[-0.20042502 -0.19154116  0.10525031 ... -0.12592168 -0.23639969
  -0.14052037]
 [-0.20219866  0.23691879  0.11656422 ...  0.24208694 -0.15329207
  -0.05933878]
 [-0.01825593  0.06379922  0.14208133 ...  0.0305051  -0.04079045
  -0.00868872]
 ...
 [-0.09199422  0.18671811 -0.14803154 ...  0.1617996  -0.05407971
  -0.01913667]
 [-0.23958036  0.19470493  0.1141195  ... -0.26533568 -0.19598752
   0.30811758]
 [-0.10973613 -0.07478541  0.10595527 ... -0.05772679  0.09692159
  -0.1736496 ]]
[ 0.05392057 -0.05744888  0.07013647 -0.01244832 -0.09347466 -0.03698879
  0.0006406   0.27973043 -0.05727375  0.07004403 -0.12889129  0.01028456
 -0.00274272 -0.11092962  0.022734   -0.07831949  0.01054581  0.1401744
 -0.09285519  0.16078307  0.04485167  0.09029844  0.03136213 -0.15372088
  0.01458027 -0.17469249  0.04163441  0.26036016 -0.03227355  0.01167871
  0.02359572  0.0857863  -0.07866567  0.05876591  0.06217529 -0.16457918
  0.16408926  0.05606438  0.06432418 -0.07336308 -0.13158209 -0.12325927
 -0.15153179  0.11422538 -0.06243918  0.14792769 -0.06243411  0.15028985
 -0.04255955  0.12694052 -0.04982216 -0.07273213  0.03072548 -0.0493923
 -0.04965672  0.11217893 -0.01695264  0.04636884 -0.01548074 -0.09579617
 -0.08668809 -0.01393502  0.07506843  0.00424546]
[[-0.01255495  0.02850982 -0.17818009 ... -0.13441715  0.13334784
   0.0151244 ]
 [-0.10528954 -0.1087616   0.13763082 ... -0.06855464 -0.13138845
  -0.28962873]
 [-0.17400229 -0.02697483 -0.17137284 ... -0.01272357 -0.35400743
  -0.2303966 ]
 ...
 [ 0.0228655  -0.19323414  0.20038714 ... -0.21826168 -0.09097193
  -0.20070222]
 [ 0.04836544  0.40393183  0.06591109 ... -0.11701289 -0.17842654
  -0.00090281]
 [ 0.12454058 -0.02460807 -0.09422065 ... -0.44282468  0.0039564
   0.24671245]]
[-0.00775959 -0.00045602 -0.09296431 -0.1138439   0.01179374  0.03770131
 -0.19711611 -0.08625313 -0.1151307  -0.10064862  0.01365139 -0.0518698
  0.06232636  0.09685427 -0.10734848  0.14305032  0.03141241  0.00872817
  0.07063709  0.12570428  0.01218735  0.22844191 -0.02762757  0.02378267
 -0.10477291 -0.03985737 -0.04622992 -0.08888692  0.0238735   0.01042537
  0.03366469  0.11634685 -0.10936895 -0.11428948  0.10901928  0.06871208
  0.07418421 -0.11501773  0.00461996 -0.1142114   0.06319473  0.03132207
  0.07200646 -0.01227017 -0.02724514 -0.02348076  0.22300849]
