[[-0.08095857 -0.04051969 -0.06466859 ... -0.04135475 -0.06366636
  -0.03546342]
 [ 0.01775947  0.05884936 -0.03513386 ... -0.07822955 -0.01530861
  -0.02378327]
 [ 0.07450856 -0.05274097  0.00346194 ... -0.05451917  0.05696062
   0.03162268]
 ...
 [-0.03964816  0.07082638  0.00817151 ... -0.01700297 -0.01153592
  -0.05325159]
 [ 0.0663073   0.00519525  0.01390979 ...  0.00713359 -0.03717073
   0.06619184]
 [-0.03610422 -0.04615557  0.04861485 ...  0.02059135 -0.00462617
  -0.06769182]]
[ 0.04435552 -0.00392468 -0.27326556  0.17563831  0.38144559  0.1192098
  0.03242708 -0.09986699  0.06236695 -0.31958421 -0.05141174  0.11589857
 -0.13151704  0.14366838 -0.13812224  0.12389847  0.05988431  0.12616359
 -0.14429114 -0.14824949 -0.04910655  0.03319563  0.0274827  -0.08223542
 -0.07326888  0.19912015  0.0582322   0.18513608  0.05507031 -0.07419408
  0.05774184 -0.35625549  0.01552963  0.18984076  0.02148978 -0.13808379
  0.06001655  0.28320238  0.1099012  -0.01562532 -0.22790215  0.02371854
 -0.10226534 -0.20124581  0.04847069 -0.05728622 -0.06700538  0.16188441
  0.14957339 -0.11888382  0.00826933  0.14010709  0.22973573 -0.16578411
 -0.12502738 -0.0335416   0.21967134  0.00901556 -0.03005168  0.00227326
  0.16399888  0.0727139   0.08835668  0.03813341 -0.09730486  0.06551015
 -0.19023275 -0.20673176 -0.10697385 -0.25579211  0.28409788  0.2515849
 -0.22548221  0.21804883 -0.08135155  0.25906033 -0.23470575  0.20844353
 -0.09793602 -0.0373143   0.03341364 -0.07167599 -0.26244751  0.02557035
  0.06009924 -0.16579604 -0.00182206  0.08483688 -0.07878663  0.15373932
 -0.35996507 -0.09502129  0.13072752  0.11356699 -0.08688962  0.07445917
  0.01171806  0.26268035 -0.15325554  0.21831333 -0.05948701 -0.05000374
 -0.21042533  0.0331386   0.01599196 -0.16106216 -0.11643826  0.25038183
 -0.25023677  0.0896069  -0.14013334 -0.026589   -0.01583308 -0.01423078
  0.0375858  -0.21121124  0.32964124 -0.00168963  0.06277842  0.10119824
 -0.00697311 -0.04592883  0.04403164  0.12048315  0.00957985  0.1666612
  0.00478477  0.14870058]
[[-0.12330546 -0.06535178  0.07106765 ... -0.06797033 -0.09939151
   0.11275379]
 [-0.11737998 -0.01339883  0.16479876 ...  0.04047886  0.14447464
  -0.13299539]
 [ 0.10322983  0.05531141  0.14511452 ... -0.03506615  0.0772382
   0.05964627]
 ...
 [ 0.09241684 -0.12117176 -0.03508805 ...  0.13338572 -0.17335639
   0.03982665]
 [ 0.18469863 -0.03982626 -0.11033617 ... -0.01439967 -0.14127789
   0.05589406]
 [-0.00380291 -0.02570355  0.00023325 ... -0.09230193  0.1404292
   0.13548533]]
[-2.20068805e-02  4.39411471e-04  9.51853029e-02 -1.12145541e-02
 -3.93533058e-02 -2.78034146e-02 -1.81319504e-01  7.16051800e-02
 -2.08997718e-02  1.81011918e-01  1.80141654e-01  4.30314608e-02
  9.55895927e-02  9.51045353e-02 -3.56405530e-02 -2.16980512e-01
 -1.15582729e-01 -2.77520645e-02 -3.08404678e-02 -1.76900828e-01
 -1.25842291e-01  2.10913448e-01  8.25636321e-02  9.84886518e-03
 -5.86914788e-02  1.08255005e-01  3.32810903e-02  8.67613692e-02
 -1.67660762e-03 -1.67519401e-02  2.18402401e-01  2.05338076e-01
  7.34592233e-02  6.83279243e-02 -7.00477901e-02  1.17291057e-02
 -4.47648594e-05 -4.69512217e-02 -2.84159334e-02  7.67473185e-02
  6.01578869e-03 -1.46480011e-01 -5.47746850e-02 -7.69629539e-03
  7.37330111e-02  2.48833040e-02 -2.80083958e-02 -8.06656279e-02
  2.62973173e-02 -1.22327529e-01  1.13391898e-01  1.04575821e-01
  7.96285842e-02  2.70270345e-02  9.86985923e-02 -1.58039700e-01
 -5.04367254e-03  7.20754873e-02  1.34542023e-02 -1.77801266e-01
 -1.74275883e-01 -1.97391495e-01 -4.23775744e-02 -1.57921966e-01
  1.53276186e-02 -6.06355194e-02 -1.26366217e-01  5.51033735e-02
 -1.85001878e-01 -5.77499080e-02  6.82076807e-02  9.77633226e-02
  5.63487385e-02 -4.33974760e-02  2.77196940e-02 -1.50734256e-01
 -1.35064348e-01  3.67953097e-02 -1.23261579e-01 -1.01860899e-01
 -2.62312796e-02 -1.94058813e-01 -1.65167937e-01 -3.23301701e-02
 -9.69306568e-02 -6.54114378e-02  2.09519067e-01  2.58207768e-02
  7.54421461e-02  1.83814794e-02 -4.64307012e-02  1.09071286e-01
 -9.25443940e-02 -1.79971679e-02  1.70199697e-02  4.27231637e-03
  9.88582373e-02  1.01011252e-01  2.54033081e-02 -2.90016632e-02
  1.96935955e-01 -1.50464368e-01 -6.69820211e-02  2.37504002e-02
 -3.06649445e-03 -4.87525155e-02 -5.91287432e-02 -9.00760689e-02
  3.81685990e-02 -1.47791194e-01 -3.25811631e-02  8.02536185e-02
 -6.04739187e-02  8.55557444e-03 -1.25980082e-01  1.34306598e-01
 -2.06377426e-02  1.59049254e-02  4.53599660e-02 -3.47735557e-02
  2.12101383e-02 -1.71562867e-01  6.07375383e-02 -5.89703579e-02
  2.01266614e-01  3.28919166e-02  1.16237882e-01  1.89468902e-02]
[[-0.087626    0.13978187  0.04085892 ...  0.11080732 -0.13627843
   0.14864152]
 [-0.13736536  0.05828873 -0.03992809 ... -0.06322646  0.07688662
  -0.12880211]
 [ 0.00819531  0.02574941  0.09884858 ... -0.12118557  0.02848143
  -0.05803199]
 ...
 [ 0.04039843 -0.0415524   0.15855319 ...  0.06663568  0.15022215
   0.14537202]
 [ 0.09555665  0.13861651 -0.14046765 ... -0.04204232  0.00355554
   0.14438309]
 [ 0.04580218  0.00772183  0.10844532 ...  0.12091277  0.05268822
   0.01437356]]
[ 0.09141453  0.0267579   0.02183791 -0.02312087  0.16184724  0.05410162
 -0.00453002  0.04670215 -0.09151595  0.035566   -0.13438668  0.0118643
  0.04076458  0.01363664  0.06826394  0.03384082  0.09574856 -0.01316017
  0.15734839 -0.00842938 -0.15665681  0.12160301  0.0193355  -0.10024972
  0.00151583 -0.05729987 -0.14741956 -0.12409927 -0.04798836 -0.04349477
 -0.10781227 -0.00370195  0.02104505 -0.0063313  -0.06899851  0.03400219
  0.05541793 -0.14832703 -0.05645778 -0.00838166  0.09381594 -0.03028048
  0.06862028  0.15963843 -0.1382104  -0.06742136 -0.12929516 -0.10839008
  0.07908364  0.08187792  0.01663625  0.00029332  0.07435958  0.09436389
  0.05947377 -0.05535601  0.08218689 -0.05293985 -0.02539334  0.01172607
 -0.01891111  0.00727129  0.01717392 -0.13345745 -0.04866897 -0.09487803
  0.13190671 -0.06229014  0.03870327 -0.05825895  0.04923008  0.09183502
  0.04373217  0.01254858  0.00857107 -0.07333297  0.01995809 -0.05811247
  0.12627947  0.06219315  0.03112544  0.0412276  -0.01930085  0.03388884
 -0.10647636  0.07683405 -0.16597666 -0.01962117  0.05542554 -0.0482456
  0.00382073  0.05743678 -0.07378589 -0.07509945 -0.10062795  0.05988097
  0.13686901  0.04627883 -0.02451452 -0.05631296 -0.01350268  0.03383628
 -0.01657325  0.00951845 -0.02257522 -0.09620064 -0.0043179  -0.05109317
  0.02961156 -0.15374815  0.05627103 -0.09744211  0.03968834 -0.0742228
  0.03615384  0.03651408 -0.03592534  0.00163369  0.03829809 -0.06550202
  0.05517606  0.06024584 -0.03662685  0.00127719  0.04025354  0.03731509
 -0.08598011 -0.03643801]
[[ 0.16557477  0.18862085 -0.00349019 ... -0.19126664  0.21651064
  -0.02404966]
 [-0.18260102  0.06866604  0.1475899  ...  0.07106482  0.10871402
   0.13628963]
 [ 0.00435876  0.17746744  0.08902832 ...  0.12128661  0.02744036
   0.00711566]
 ...
 [ 0.05745595 -0.11438308 -0.00871342 ...  0.01953778 -0.07684305
  -0.00652631]
 [ 0.09266976 -0.10760309 -0.14997139 ... -0.05291716  0.05984566
   0.17782398]
 [ 0.16734192  0.09509515  0.20051262 ...  0.02125505  0.12413242
   0.1153167 ]]
[-0.03896175  0.00493997 -0.0582682  -0.08988989 -0.0027039   0.05432018
 -0.1715696  -0.0945993  -0.0890269  -0.06876179  0.01300894 -0.0334393
  0.08261731  0.0290756  -0.12686217  0.13758562 -0.01868672  0.02192972
  0.04981564  0.13127685 -0.00692909  0.23627281 -0.0832143   0.06450418
 -0.04606193 -0.02724423 -0.00990328 -0.07067004  0.02089908 -0.01480254
  0.03586844  0.05760168 -0.0887383  -0.10353674  0.16724212  0.04602829
  0.03355696 -0.08757829 -0.04384553 -0.11338379  0.0451478   0.00714501
  0.08304094  0.01811359 -0.01431271 -0.01990676  0.18290632]
