[[ 0.03813882  0.07298235  0.0159345  ...  0.02526001 -0.00102683
   0.0342338 ]
 [-0.05026875 -0.05756187  0.05793427 ... -0.06326572  0.00426466
  -0.0428375 ]
 [ 0.07502455  0.00597627 -0.05643462 ... -0.03407241  0.07051479
   0.07168662]
 ...
 [ 0.03206953 -0.0509579  -0.01508642 ...  0.02215312 -0.0421496
   0.0563846 ]
 [-0.06009699  0.07608491 -0.01943374 ... -0.07967351 -0.01062866
  -0.05998172]
 [-0.06714853 -0.04948046 -0.06047798 ...  0.06129908  0.07174922
  -0.06351694]]
[-0.2417686  -0.09133829  0.05028808  0.01077947  0.2476584  -0.20341441
  0.18626562 -0.1889835   0.1631969  -0.13699213  0.0494386  -0.11233571
 -0.07687431  0.01818362 -0.09124397 -0.05799884  0.1571813   0.09061633
  0.02169847 -0.06446715 -0.13555877  0.14877809  0.0392394   0.10592727
  0.12903577 -0.04325861  0.01404713 -0.01999412  0.05744937  0.12043114
 -0.05144313 -0.1090903  -0.12425728  0.0804011  -0.132982    0.0028664
  0.09072351 -0.10971229 -0.01448924  0.0093211   0.11199719 -0.14332324
 -0.12619414 -0.12124033  0.08452112  0.01655537  0.14542817 -0.06307955
 -0.06110325  0.13704843  0.11257408  0.10562042 -0.11940652 -0.06529097
 -0.01945926 -0.24442139  0.29430838  0.1070325   0.10673482  0.00981612
 -0.06741671 -0.1323651  -0.02686537 -0.13378986  0.01128632  0.00799783
  0.03318717  0.11729625 -0.01552211  0.04418941  0.1063943  -0.03016973
  0.02047086  0.11384313 -0.01980182  0.10522019 -0.07332153  0.01154065
 -0.17457166 -0.00940904  0.0584263  -0.12491645 -0.03262256 -0.05023906
  0.10339919 -0.09380555 -0.04398646  0.10362503  0.1583545  -0.02410215
 -0.11308585 -0.07136623  0.03214844  0.04474072 -0.11006251 -0.07888157
  0.11515431  0.12429799  0.03641049 -0.0803071  -0.0762438  -0.3309126
  0.0962383   0.03435139 -0.05159003 -0.08370266 -0.17191031 -0.10259525
  0.0329978   0.17525435  0.07520982 -0.0165615  -0.05844491  0.04682428
  0.05447366 -0.09145455 -0.05745884  0.31569812  0.06379502 -0.12054861
  0.14421298 -0.04316721  0.0296635  -0.30762612 -0.09187061  0.01406114
 -0.16178721 -0.00653171]
[[ 0.07572736 -0.09441512  0.11517184 ...  0.1017657   0.00656369
  -0.00933263]
 [-0.00405201  0.06491801  0.13082166 ...  0.11059438 -0.12693672
  -0.21150964]
 [-0.07508103 -0.14807136 -0.09278625 ...  0.01954051 -0.04584867
  -0.05782049]
 ...
 [ 0.12007144 -0.10415656 -0.01829934 ...  0.1206058   0.09863413
  -0.0856642 ]
 [-0.06103085 -0.08734868  0.08638727 ... -0.00520313 -0.17586163
   0.0687364 ]
 [-0.06134944  0.0311216  -0.01065506 ... -0.06585563  0.03941279
  -0.16176339]]
[ 0.06373043  0.07298011  0.12679833 -0.01809559  0.0523586  -0.07674258
 -0.09100303  0.08514782 -0.03570783  0.03537574  0.00430479  0.09907109
  0.00043993  0.10800721  0.01358524  0.10434023 -0.0516994  -0.02255997
 -0.13225572  0.05289249 -0.05293336 -0.00749648  0.03344893 -0.07685321
  0.10829663  0.11904643  0.01178978 -0.09891341  0.10844896 -0.09888065
 -0.09678274  0.04484947  0.04826351  0.03270144  0.02269784 -0.01005697
 -0.03209766  0.04545214 -0.05280907  0.08270799  0.1445174  -0.05857634
 -0.0335997  -0.03460304 -0.11109103 -0.13446149 -0.11536893  0.0058361
  0.0662028  -0.10969132  0.03979509  0.00997821  0.06836512  0.07423281
 -0.10105099 -0.02305111 -0.01734369 -0.10375258  0.06285118 -0.03588919
  0.01272783 -0.0644873  -0.0402744  -0.09463676  0.13583938 -0.04570816
  0.121064    0.2634953   0.00561977 -0.08597606  0.01304014 -0.03828742
  0.00757227 -0.00858168 -0.09775257 -0.0830311  -0.02323449  0.09456679
 -0.09692737  0.00339302 -0.03940075  0.03320831  0.02990882  0.16087914
  0.06896994 -0.03352636 -0.03856098 -0.06288965 -0.1117619  -0.01502769
  0.04939679  0.04514577 -0.00113176 -0.02247309  0.01111546 -0.00421728
  0.00786227  0.03534262 -0.02738829  0.01250862  0.12087958  0.10653731
  0.01274416 -0.02997285  0.01258412  0.12448857 -0.05052657 -0.01102235
  0.00183066 -0.11575712  0.02111703  0.01045294  0.00097406 -0.05849952
 -0.10909917 -0.0968405  -0.12065687 -0.06438695  0.06643404 -0.00147974
  0.00518321  0.12446388 -0.06286553 -0.04048925 -0.00140702 -0.01959778
  0.00145429  0.11795875]
[[-0.19787461  0.05945395  0.10612252 ... -0.19190182 -0.03508998
   0.12770047]
 [-0.09594208 -0.13983853 -0.08070337 ...  0.09144094 -0.18797408
  -0.12675908]
 [ 0.03798884  0.05182541  0.14493407 ...  0.25848448 -0.16534272
  -0.11677173]
 ...
 [-0.04407823 -0.12333209 -0.17127773 ...  0.02046756 -0.10476388
   0.15026878]
 [ 0.09536557 -0.16140282 -0.0626241  ...  0.04330074 -0.08972331
   0.07581202]
 [ 0.06279301 -0.02579533 -0.0297645  ... -0.12360289 -0.12590271
   0.1043389 ]]
[-0.02227923  0.0810021  -0.0366927  -0.07052969  0.03350908  0.08975849
 -0.11117159  0.00833679 -0.16382292 -0.05896689 -0.02594384 -0.11020605
  0.07448253  0.00178691 -0.09802311  0.08764109 -0.03920589 -0.01711463
  0.0645674   0.22329907  0.00878701  0.24171167 -0.03130032  0.01675739
 -0.07367852 -0.00602645 -0.04202649 -0.10498416 -0.02149793  0.06562587
  0.00186834  0.04222964 -0.02808787 -0.10721003  0.16712278  0.0015896
 -0.07301752 -0.04149654 -0.02867328 -0.10161078  0.01718026 -0.04409777
  0.13644474  0.02098394 -0.07594257  0.0032024   0.14571963]
