[[-0.08520848 -0.03381638  0.00645026 ...  0.05506666 -0.03098855
   0.04847338]
 [ 0.07887837 -0.03082242 -0.01967194 ... -0.03928857  0.00579832
   0.0055744 ]
 [-0.08030257 -0.03924753  0.02177228 ...  0.00559102  0.08168858
   0.00661746]
 ...
 [ 0.04919865  0.00109252  0.07840364 ...  0.02653691 -0.08039863
  -0.07872021]
 [ 0.03650166 -0.04450601 -0.0461111  ...  0.07761133  0.01218084
   0.06261947]
 [ 0.07479026 -0.02959844  0.00579036 ...  0.00667685 -0.03930476
  -0.02275363]]
[-0.33387716 -2.31638764 -1.19520033  1.25951097 -0.01406349  0.19743644
  0.73816061  0.78007675  0.53631987 -1.25298816  0.90106037  1.01688373
 -1.49562973  1.15940003  0.01067    -0.31100648  2.78661023 -0.69122734
 -0.59015107 -1.98482102  0.14859879  0.68309395 -2.23477282  0.81144393
 -2.45008314 -0.08359653 -1.41699431 -0.72483111  1.04678062  1.44170612
  1.39449797  0.124858  ]
[[ 0.05177055  0.1771394   0.26804471 ... -0.11377786 -0.00839672
  -0.06451227]
 [ 0.21608863  0.35502641  0.07558752 ... -0.33764715  0.19514214
   0.16939371]
 [ 0.07925773 -0.22006152  0.05972259 ...  0.38278501 -0.14240809
  -0.05954297]
 ...
 [-0.11471242  0.23478811 -0.18705821 ... -0.10422029  0.3178458
   0.12171013]
 [-0.13156414 -0.3437884  -0.09056892 ... -0.02570656  0.15860244
   0.03839317]
 [ 0.52200625 -0.1702768   0.12595089 ... -0.32714973  0.09040837
  -0.02175679]]
[ 0.18637224  0.07489675  0.26296513  0.28195139  0.18877261  0.11691009
  0.21574581 -0.11692891 -0.15488358 -0.00176399  0.33451009  0.15413309
  0.07987692  0.12485019  0.08432759 -0.12602479  0.27847557  0.16097502
  0.14812835  0.08138347  0.10277905  0.12794039 -0.10016311  0.14349942
  0.09956847 -0.16116279  0.11088602  0.18612204 -0.07750997 -0.01026999
  0.25040122 -0.13048596]
[[-0.01935299  0.15838464 -0.16569543 ... -0.15476476  0.03726296
   0.17227455]
 [-0.22054974  0.083583    0.22322944 ...  0.10089744 -0.24365153
  -0.00391379]
 [-0.03672026 -0.26849676  0.09421193 ... -0.24147868 -0.21411357
   0.155664  ]
 ...
 [ 0.28529395  0.22524393 -0.23954289 ... -0.10355719 -0.29001104
  -0.18683789]
 [ 0.06362651  0.30048038 -0.0508844  ... -0.26799174 -0.15072878
   0.19351289]
 [ 0.12352603 -0.10811911  0.12898525 ...  0.23080262 -0.29483325
   0.20357908]]
[ 0.67084719 -1.06238421  0.75616887  0.77499038  0.36450485  0.23863641
  0.15528088  0.05414514 -0.15276922 -0.24373     0.8956598  -0.01751498
  0.19955294  0.17115081  0.57699526 -0.06668099  1.40441253 -0.40486829
  0.67230547 -0.41014344 -0.0278136   0.62420071  0.26273599  0.39524762
 -0.24979606  0.24985055  0.47185511  0.24737381  0.25401113  0.25804312
 -0.498156   -0.50071191]
[[-0.17354453  0.21483696 -0.01089757 ... -0.31379636 -0.26866977
  -0.21881856]
 [-0.04061772 -0.29616231 -0.19959679 ... -0.6323958   0.04206502
  -0.27530876]
 [ 0.1160651  -0.55327614 -0.26582841 ... -0.00329305  0.20451547
  -0.49831727]
 ...
 [ 0.33083223 -0.13280214 -0.14091758 ... -0.01040482  0.15779438
  -0.24180848]
 [-0.65540563  0.38261301  0.35860803 ... -0.74916671  0.19298279
   0.005569  ]
 [ 0.15273234 -0.0698231   0.29673782 ... -0.38091155 -0.19751296
  -0.16013994]]
[-0.03116856 -0.4235553  -0.52496291 -1.06957822 -0.11812763  0.42444135
 -1.30071695 -1.41277237  0.65395745 -0.67471647  0.51817478  0.68120602
 -0.2966757   0.46307752  0.07697068  0.6936547  -0.16314983  0.24305292
  0.16995148 -0.03897362  0.21238921  0.28141698 -0.89393659  0.3651353
 -0.13755903 -0.74862771  0.51951222  0.23731387 -0.00876356 -1.62218867
  0.22409506  0.61618404 -0.84808646 -0.12129604  0.74676796  0.91770821
  1.24328142 -0.63156687 -0.85314261 -0.32690934  0.45225117  1.3388699
 -0.41528907 -0.18326235  1.02891003 -0.6687819   1.40548548]
