[[ 0.06275353  0.0604514   0.03176433 ... -0.08518735 -0.06091299
   0.047833  ]
 [-0.06733315  0.05171677 -0.07229335 ...  0.08160376 -0.07616795
   0.01445519]
 [-0.04786572 -0.06667999 -0.013836   ...  0.05439967 -0.05191104
   0.02978543]
 ...
 [ 0.06822905  0.00244234  0.06474882 ... -0.00199169  0.00245312
   0.00762937]
 [-0.07599976  0.0483824  -0.0226738  ... -0.01277199 -0.02453757
   0.02285563]
 [ 0.05523102 -0.02000188  0.01391941 ... -0.02923555 -0.02569125
  -0.04798451]]
[ 0.00271033  0.02345192 -0.0399138   0.06320447  0.00370264 -0.04152899
  0.0340288   0.03711278  0.00331112 -0.01510185  0.01944538  0.02045472
  0.02557028  0.01794366 -0.03896485  0.01238605  0.02032998  0.01922634
  0.00641235  0.03121496  0.01835586  0.00149145 -0.00850414  0.03159059
  0.02479537  0.00602446 -0.02289369  0.02808431 -0.04571676  0.01465953
  0.03129322 -0.02900211]
[[ 0.19005461  0.05916999  0.03941    ... -0.16330151 -0.18814057
  -0.12270254]
 [-0.05818318  0.07813095  0.2047897  ... -0.03415953  0.08991201
   0.28905345]
 [-0.27155646  0.24292273  0.3128957  ... -0.1281669  -0.12844229
   0.02783169]
 ...
 [-0.2378387   0.06593782 -0.31409366 ... -0.21099571 -0.21479547
   0.14217231]
 [-0.05263358 -0.16818082 -0.03646649 ...  0.26160527  0.20963191
   0.04316305]
 [ 0.26072275  0.24505627 -0.31348756 ...  0.35376443  0.26912874
   0.26033169]]
[ 5.89487978e-03 -1.48862751e-02 -1.00257892e-03  3.74998903e-02
 -1.49903910e-02 -2.69562600e-02 -2.84039612e-02 -5.44087549e-02
 -5.77955778e-05  3.79684309e-02  1.36356968e-02 -9.11463441e-03
 -1.48548956e-02 -1.63249942e-02 -4.72984385e-03 -3.47089106e-02
  2.46604633e-02  3.52879021e-02  4.23503654e-02 -4.28469303e-03
  5.69947521e-03  1.58767888e-03  2.31444331e-02  3.36797411e-02
  3.78842627e-02 -3.95237652e-02  2.68903424e-02 -1.16790630e-02
 -6.19422349e-02 -9.15566018e-04 -1.07167235e-02  3.11136996e-02]
[[ 0.13233993 -0.23570285 -0.07886443 ... -0.20300562  0.02562591
  -0.26396317]
 [-0.23558325 -0.13396936  0.07743819 ... -0.14479181  0.12166215
  -0.00628906]
 [-0.29006522 -0.21784904  0.16345065 ...  0.2271683   0.28428029
  -0.06928627]
 ...
 [ 0.24102278 -0.06916904 -0.22316421 ...  0.13084352 -0.00442729
  -0.05237673]
 [ 0.05127325  0.18763182 -0.05878113 ... -0.20386528 -0.25661124
  -0.142355  ]
 [-0.16313815 -0.03220756 -0.23860351 ... -0.1893965  -0.23831915
  -0.06606511]]
[-0.04849367 -0.0063882   0.03534212 -0.04722183  0.03528953 -0.00565637
 -0.01167941 -0.03614735  0.00307879  0.01277483  0.00481547  0.02140991
  0.00692242 -0.01911224 -0.0394951   0.0193898   0.02446157 -0.04087958
  0.01966195  0.03286308 -0.00514122  0.04232626 -0.01171835  0.00310967
 -0.03927271  0.01520864 -0.01665189  0.00681141 -0.03220875  0.02319322
  0.00168757 -0.00497795 -0.00813973 -0.0255693   0.01682482  0.02096947
  0.0255359   0.02913424  0.02021334 -0.01661671  0.02318112  0.03692478
 -0.01075444 -0.05830118  0.01432176 -0.0217565   0.0107308 ]
