[[ 0.05479946 -0.05564305 -0.06824815 ... -0.07808437 -0.07477424
  -0.06937902]
 [ 0.04411028 -0.00357591 -0.05496067 ...  0.07548775 -0.01287638
   0.03999802]
 [-0.01738377  0.05394298  0.05411685 ...  0.02191188  0.05771696
   0.05039467]
 ...
 [ 0.06324021 -0.00777984  0.00444069 ... -0.06459106  0.04496681
  -0.01133413]
 [ 0.05800191 -0.03388915 -0.00428229 ...  0.04430817  0.0596205
  -0.03518239]
 [-0.06973782  0.06139028  0.00162909 ...  0.01681714 -0.03757325
  -0.00428879]]
[-0.06696212 -0.07794038 -0.19989545  0.17820394  0.0293716   0.12333552
  0.03052734 -0.15680893  0.00956063 -0.36050133 -0.15181574 -0.20957328
 -0.0492483  -0.18075939 -0.23089819 -0.1754017   0.27427894  0.09727244
  0.11401522 -0.05148478  0.18514378  0.02619095  0.17442644 -0.35351602
 -0.03894463  0.1601151   0.13797573  0.2697141   0.15242734  0.00425671
  0.12285869  0.02477581 -0.04446219  0.46828168  0.17508481 -0.00763464
  0.11753453 -0.19562782  0.17345802  0.25665906  0.04512431 -0.42376126
 -0.11602884 -0.04109136  0.06236884 -0.27680939 -0.27694522 -0.38700067
 -0.26196804  0.01831971  0.04481496  0.38663088  0.2881178   0.13130969
  0.09654252  0.19491497  0.16460071  0.05006773  0.04494309  0.12204903
  0.14441474 -0.21016289  0.31940736 -0.31326645  0.05689602 -0.42944928
 -0.36115618  0.11802898  0.02213547  0.1826396  -0.07681607 -0.19754955
 -0.01198666 -0.14351834  0.17663733  0.08167541  0.23160208 -0.04660883
  0.02215538  0.15906453 -0.10904469  0.17534204  0.1441971  -0.10729152
  0.0384166   0.30115475  0.27488754  0.22304914 -0.05517393  0.12487411
  0.08118859  0.25141951 -0.12218107 -0.11625712  0.13061471  0.06311901
  0.04717888  0.04279145  0.17106788  0.01679775 -0.27327671 -0.19393985
  0.23536426 -0.03341924  0.50170483 -0.06348264  0.28793532 -0.09743616
  0.20795167  0.14940475  0.17790805 -0.05890637 -0.17924423  0.06746962
 -0.26606552  0.06198889  0.31862127 -0.24205807  0.0698385  -0.3054743
  0.14017698  0.17094132 -0.05169143 -0.07350444 -0.4319261  -0.02642002
  0.4383445   0.23265152]
[[-0.06525445  0.18763638  0.12027268 ...  0.11560887 -0.08528876
  -0.04858456]
 [ 0.04998606  0.04238764  0.09290515 ...  0.01898796 -0.1762574
   0.09142359]
 [ 0.14088048  0.16703951  0.12848538 ... -0.08515976 -0.07137705
  -0.19491172]
 ...
 [-0.1399775   0.11825754  0.16070905 ...  0.04620302  0.10617316
   0.0238725 ]
 [-0.18369347  0.03265058 -0.12830189 ...  0.0146701   0.16525299
  -0.01409989]
 [-0.15979218  0.12161561 -0.06068228 ... -0.04599801  0.01629041
   0.04431652]]
[ 0.01957547 -0.08686337 -0.16572173 -0.10792501 -0.2077161   0.00152561
  0.09805784 -0.09275906  0.0471334  -0.27310152 -0.10397524 -0.11269983
 -0.10214467 -0.05982212 -0.0160436  -0.11403193 -0.14550281 -0.08425159
  0.04002245 -0.06733784 -0.06114623  0.06097405 -0.06602132  0.01378763
  0.08734967  0.05229269 -0.23084853  0.1397864  -0.03503253 -0.04988646
  0.02023588  0.12943917 -0.11286312 -0.02565028 -0.0414873  -0.08566232
 -0.12010246  0.00701213 -0.03766032 -0.05124924  0.24539387  0.09905274
  0.18577751 -0.12628916 -0.00717957  0.03364961 -0.0049272   0.01516999
 -0.19990584 -0.13565633  0.13540713  0.06839255  0.1597576  -0.01580147
 -0.03454595 -0.04987536 -0.00898248  0.19132588  0.08543411 -0.13409198
 -0.10010115  0.00972949  0.10429376  0.16672258  0.03007441  0.07586293
 -0.05695424 -0.11891797  0.08820767  0.10857087 -0.05892605  0.1925996
  0.03826969  0.29256017 -0.04653531 -0.12707039  0.02525521 -0.04898231
  0.05160951 -0.15732466 -0.01279229 -0.10522018  0.03672103  0.19965502
  0.01626592  0.09307927 -0.01610134  0.15069122 -0.07075751  0.32133195
 -0.25848021  0.12051386 -0.14271546 -0.07477088  0.18564654  0.00180131
 -0.09675562  0.01001168  0.21304911  0.00937279 -0.14382909  0.00896271
 -0.17877349  0.12225595 -0.05962562 -0.0660846   0.06959157 -0.01115855
  0.04171748 -0.05852055 -0.17415042  0.2531054  -0.16018123 -0.03623496
 -0.06001325  0.02237524  0.11124388  0.05531771  0.05184441  0.07403763
  0.07217736  0.00295613 -0.0262868   0.06627027 -0.12644018 -0.15418067
 -0.00906314 -0.24323883]
[[-0.06530121 -0.01812051  0.05019385 ...  0.02727568 -0.23595822
  -0.13819242]
 [ 0.17638212 -0.32267232 -0.37541109 ... -0.08184632  0.0540534
  -0.11969865]
 [ 0.1397503   0.01834938 -0.10097981 ...  0.06742549  0.02272488
   0.23265   ]
 ...
 [ 0.05012511  0.0429587  -0.107145   ... -0.03220913  0.10123852
  -0.11386298]
 [ 0.06658863 -0.12582255 -0.2388235  ... -0.08759628  0.25231219
   0.0027247 ]
 [ 0.0879312  -0.14912704 -0.19169974 ... -0.18113588 -0.11769311
  -0.11653289]]
[-0.01558425  0.08270811 -0.04566463 -0.11671169  0.02382116  0.06041583
 -0.2029527  -0.03377564 -0.19823774 -0.12587309  0.01185541 -0.11831136
  0.07083983  0.012124   -0.12184092  0.1445723  -0.07237959 -0.00852216
  0.11524724  0.25260005  0.03264666  0.33752686 -0.07022265  0.02721897
 -0.09305324 -0.00474689 -0.05520511 -0.10352528  0.00977963  0.08944874
  0.0493378   0.08780548 -0.1344628  -0.18043076  0.18959653  0.02996194
 -0.02771449 -0.06179472 -0.05787604 -0.1629581   0.06018798 -0.02241746
  0.14949003  0.02944757 -0.0593194  -0.03885719  0.26580575]
