[[ 0.03785497 -0.04090882  0.01364323 ... -0.02151015 -0.07818734
  -0.06732365]
 [ 0.06456989 -0.00517854 -0.06388254 ...  0.03153472 -0.0572716
   0.02856885]
 [ 0.08274529  0.00508128 -0.07857106 ...  0.04716382  0.03037137
  -0.03288253]
 ...
 [-0.0553264  -0.01785556  0.02614565 ... -0.03822404  0.00878588
   0.05839758]
 [-0.08341581  0.0003489  -0.0758072  ... -0.06673739 -0.05722771
   0.05202087]
 [-0.07840681  0.0116896  -0.03588644 ... -0.03397654 -0.01771485
  -0.07696358]]
[-0.25956121  0.16067678 -0.28410748  0.09911488  0.04010266 -0.25890351
  0.06072567  0.39636362  0.09833451  0.06625968 -0.03084151 -0.18103707
  0.09634158  0.02194932  0.00173463  0.51567963 -0.33879273 -0.22574981
  0.28196095  0.08813573 -0.10049581  0.11734705  0.01810609  0.40551845
 -0.01102823  0.03961497  0.12698995  0.14023844  0.30640656  0.17583353
  0.1524007   0.23541815]
[[ 0.27177509 -0.17166927  0.0488885  ...  0.02848696 -0.19541895
   0.38869474]
 [ 0.06660912  0.20065505 -0.34591824 ... -0.1149695  -0.36937193
  -0.28067103]
 [-0.02420115  0.08672165  0.13309587 ...  0.08595179 -0.25036951
   0.19880797]
 ...
 [-0.44107166  0.21232385 -0.33050172 ...  0.0193866   0.15227996
   0.25856303]
 [-0.09770865 -0.09522741  0.29399875 ...  0.07706252  0.32738862
  -0.32117457]
 [-0.31823311  0.09073852 -0.04358937 ...  0.32062752 -0.17729376
  -0.26084198]]
[-0.08336109  0.01925404  0.10929985 -0.14109002  0.14574187  0.10575918
 -0.01743069 -0.08729605 -0.10780526  0.10420669  0.10260099 -0.26523999
  0.11209094  0.05572202 -0.19437529  0.01469561 -0.12007002 -0.22259218
 -0.05210179  0.04414375 -0.04979415 -0.36246609  0.03914719 -0.02435586
  0.15081495 -0.17824598 -0.1230108  -0.0940619  -0.0771792   0.29235686
 -0.02969077  0.10934579]
[[ 0.24408238 -0.12618347 -0.05688865 ...  0.17758863  0.20514896
   0.16972186]
 [-0.18936206 -0.08065621  0.33768878 ... -0.05925775 -0.35557163
  -0.34408342]
 [ 0.18961505  0.14679401  0.12548194 ...  0.26082581  0.25896759
  -0.24127142]
 ...
 [-0.21339009  0.12570361  0.29536419 ...  0.45270028 -0.12296779
   0.15828248]
 [ 0.43898021 -0.16424555 -0.25277318 ...  0.34229456 -0.03146989
  -0.19292737]
 [-0.08288553  0.32505603 -0.1733808  ...  0.19623141  0.18200645
   0.09953102]]
[ 0.08652216  0.01240934 -0.14873656  0.10222529 -0.07177072 -0.2464573
  0.068535   -0.09928383  0.09010859  0.03725376 -0.08371834  0.10230762
  0.0188116   0.15682173 -0.24685359 -0.02382315 -0.01615976 -0.01527532
  0.18088834  0.03328367 -0.1191659  -0.08045573 -0.01731398  0.16106491
  0.0583903   0.14289234  0.00482652 -0.12702445  0.13137468  0.10148717
  0.10652     0.05732267]
[[-0.19529106 -0.03302029  0.14867886 ... -0.33112507  0.049608
   0.34714365]
 [ 0.11216291  0.20879884 -0.24523806 ...  0.29241247  0.21218759
  -0.08615815]
 [-0.08583369  0.207183   -0.20975342 ... -0.31071969 -0.266967
  -0.31095363]
 ...
 [ 0.02836104 -0.18457375 -0.06470658 ... -0.01679111  0.15003289
   0.13125146]
 [-0.35020512  0.03457591  0.1728775  ...  0.06213168 -0.18534238
  -0.29067703]
 [ 0.2183423  -0.16595887 -0.0617901  ...  0.3717402   0.12581411
  -0.09320454]]
[ 4.32403411e-03  4.39373039e-02 -7.48579417e-02 -6.86891467e-02
  8.48760693e-02  2.65724664e-02 -1.40045213e-01 -4.67746872e-02
 -1.40261777e-01 -8.76031437e-02 -1.82656210e-02 -8.00992510e-02
  4.43376685e-02  2.29511739e-04 -1.16195160e-01  1.08492053e-01
 -4.68732516e-02  2.44454384e-02 -7.54308181e-03  2.57538928e-01
  1.42274332e-02  2.43735298e-01 -3.80087182e-02  1.66628243e-02
 -1.23926657e-01  2.13272979e-02 -3.74574969e-02 -7.63866597e-02
 -6.37807148e-02  4.37593512e-02  6.25623570e-02  3.54841612e-02
 -2.04136288e-02 -1.18755714e-01  1.47009741e-01 -1.09075216e-02
  1.64204672e-02 -7.84409223e-02 -1.05309824e-02 -1.16827026e-01
  7.08534530e-02  2.87287591e-03  7.74102281e-02  2.29174510e-02
 -4.85616197e-02 -2.56129959e-02  2.26822519e-01]
