[[-0.06078346  0.00080174 -0.04155117 ... -0.03548389 -0.00917445
   0.0470014 ]
 [ 0.06925109 -0.05832942 -0.0010671  ... -0.05482534 -0.03181148
  -0.02519247]
 [ 0.0785634  -0.02588932  0.03245012 ...  0.05356533  0.02593461
   0.01056643]
 ...
 [-0.01771472  0.06961662 -0.02471048 ...  0.05924136  0.04762664
   0.04626949]
 [ 0.05850568 -0.07085822 -0.00279687 ...  0.06518782 -0.05662835
  -0.05442976]
 [-0.08353983 -0.01862163  0.01712958 ... -0.01261691 -0.07848213
   0.01648409]]
[-0.01728003 -0.11794655  0.12014686  0.04659521  0.29429991 -0.12830509
 -0.16749349  0.14146808  0.06991111 -0.04213459 -0.23645936  0.03227353
  0.19373091  0.16228564  0.34527604 -0.31478885  0.17690638  0.2675988
 -0.06005666  0.09870917  0.17116722 -0.01341208 -0.01430664  0.18701787
 -0.08282878 -0.23444042 -0.36046402  0.18371718 -0.11050916  0.18458071
 -0.14825215  0.15113325]
[[-0.22266547 -0.02285882 -0.3958403  ... -0.10122733 -0.27753307
   0.10557554]
 [ 0.2381957   0.31633128  0.22418204 ...  0.19650895  0.25547462
  -0.14746264]
 [ 0.32520325 -0.27015054 -0.1208301  ...  0.21691611 -0.23659697
  -0.21773083]
 ...
 [ 0.0572886  -0.32442915 -0.26329933 ...  0.40183127 -0.20584719
  -0.0150436 ]
 [-0.0617332  -0.30824427  0.36936158 ...  0.28346665 -0.00708988
  -0.26445573]
 [ 0.13873762  0.35227333  0.16649491 ... -0.36038957 -0.22477482
   0.15359826]]
[ 5.41026096e-02 -4.05234798e-02 -7.33715123e-02 -7.67533462e-02
  7.95852283e-02  1.74344857e-01  1.46009547e-01  5.56703281e-02
 -1.30461481e-01 -2.05238739e-04 -2.40953253e-02 -2.63199058e-01
 -2.32149197e-01  1.75430265e-02 -2.02498258e-01 -3.75010269e-02
  6.42738102e-02 -6.52968811e-02 -7.93294150e-03  8.29977208e-02
  1.98569116e-01  3.11319998e-02 -1.08575711e-01  1.99910277e-01
  9.55412547e-02 -3.95138526e-02  1.47560717e-01  2.48447660e-02
  9.82805182e-02  2.80869646e-01 -8.38819623e-02  9.99672902e-02]
[[ 0.2035421  -0.15320072 -0.25575385 ...  0.32391441 -0.09569679
   0.19340935]
 [ 0.2273344  -0.04844609  0.21936386 ... -0.14837686 -0.32604524
  -0.19200277]
 [ 0.01652658 -0.26580876  0.16348303 ... -0.2784949   0.35130893
   0.17902534]
 ...
 [-0.32165839  0.34684486 -0.19961972 ... -0.17231686 -0.05567579
   0.22320293]
 [-0.0657279  -0.20050475  0.43758835 ...  0.29710945 -0.21081271
  -0.28225344]
 [-0.00150451  0.25353978  0.03071237 ...  0.25564867 -0.35488537
  -0.03746869]]
[ 0.11941303 -0.02775623  0.00989269  0.07446828  0.00470939 -0.05442352
  0.15566989  0.1981278   0.11390206  0.02310056  0.17853232  0.02008529
  0.15058957 -0.15550522  0.01030453  0.00185927  0.06064073 -0.15104083
  0.09730299 -0.09000552  0.01712268 -0.07557446  0.08541701 -0.06470824
  0.06465649 -0.02529786 -0.05267721  0.13845252 -0.13045016 -0.05552937
  0.07169996 -0.03620443]
[[ 0.15140612 -0.29243841  0.10106887 ... -0.27699566 -0.19237645
  -0.10992969]
 [-0.11694462 -0.29140097  0.27514688 ...  0.14770884  0.06040203
  -0.37238459]
 [-0.03965001 -0.21395527  0.06061417 ...  0.01964617 -0.35983497
  -0.12214   ]
 ...
 [-0.08585513  0.18894001 -0.27001061 ...  0.02422735  0.09548264
  -0.12391967]
 [-0.105528    0.08443157  0.20787431 ...  0.24392752  0.09820304
  -0.166759  ]
 [ 0.0645155  -0.13295785 -0.04715103 ... -0.02351618 -0.02475351
  -0.22076426]]
[-5.35503775e-02 -9.34103445e-02  1.64527121e-02  4.84052021e-02
  2.39963748e-02 -2.54289229e-01 -8.10082018e-02 -2.78379753e-02
  3.23556854e-03  9.08093322e-02  1.05487411e-01 -4.24320878e-02
 -8.71132667e-02  1.19293708e-01  3.29187000e-02  1.08185390e-01
 -1.66213350e-02 -3.03320082e-02  3.74517525e-03 -5.95231216e-02
  7.49705891e-02 -6.06799262e-02  2.40788639e-02  1.71319266e-04
  3.75787573e-02 -9.26566205e-02  4.01189030e-02 -7.35766514e-02
 -1.05233014e-02 -7.25185663e-03  3.66914243e-02  3.89082377e-03]
[[-0.07453571  0.34132145 -0.13660056 ...  0.31419673 -0.31290121
   0.10110192]
 [-0.21439562 -0.23922277  0.28945343 ...  0.0767239  -0.0905103
   0.20265002]
 [-0.35900474 -0.16548689  0.20830769 ...  0.34267103  0.19767358
  -0.30471255]
 ...
 [ 0.02856429  0.02734799 -0.07931942 ...  0.14838393  0.01757217
   0.06631831]
 [ 0.17932642 -0.10424461 -0.24100242 ... -0.09163548  0.02253621
   0.15458134]
 [ 0.03428801  0.2305114   0.14632731 ... -0.21871978 -0.11931796
   0.01402632]]
[-2.84641906e-02  1.39720275e-02 -7.18972054e-02 -7.15024700e-02
 -1.93358805e-02  4.46180418e-02 -1.33150549e-01 -4.76627389e-02
 -8.64966736e-02 -7.67279160e-02  4.21701659e-03  9.45364776e-03
  4.65123823e-02  1.44860817e-02 -8.73128923e-02  8.14257667e-02
 -2.16681585e-02 -4.33359527e-02  1.16611193e-04  2.28550295e-01
  2.23625551e-02  1.92693333e-01 -1.79203464e-03  2.67103601e-02
 -1.28837217e-01  1.97179234e-02  1.78089740e-02 -6.86381810e-02
  1.12064271e-02 -4.49869302e-04  1.43357327e-02  4.93824076e-02
  8.13654544e-03 -1.05486995e-01  8.31240246e-02  1.57367839e-02
  4.82120978e-02 -4.71784002e-02 -2.21522353e-02 -1.00551361e-01
  3.27891265e-02  1.27412433e-02  4.22315472e-02  1.01157817e-02
 -1.93811156e-02 -6.56895210e-02  1.97054823e-01]
