[[-0.01630454  0.03892405 -0.05246497 ... -0.00532529  0.03792411
  -0.00067825]
 [ 0.0659467  -0.01108607  0.05261325 ...  0.00397373  0.02099418
   0.0787456 ]
 [ 0.00963176  0.00188618 -0.04445424 ... -0.07928893 -0.01353615
  -0.05775767]
 ...
 [-0.02995792  0.01200154  0.05804868 ... -0.01472763  0.04786286
  -0.03167255]
 [ 0.07366427 -0.02573994  0.03623128 ...  0.08321191 -0.01782702
   0.07996644]
 [ 0.0578512  -0.0539493   0.04772281 ... -0.08266274 -0.02561865
   0.03964237]]
[-0.09826182 -0.0220312   0.01771519 -0.19008175 -0.12674601 -0.10340768
  0.2157198   0.03995845 -0.12174242  0.37916481  0.26870346 -0.00874246
 -0.09966061 -0.01774954  0.00120136  0.17592011  0.00280906  0.1494105
  0.0266695  -0.18932186 -0.06192117  0.36009771  0.0198012  -0.18379098
  0.21554415  0.1674798   0.08419714  0.05296434 -0.16022263 -0.15860214
  0.07376149  0.05143459 -0.00576567  0.06610568 -0.08410566 -0.0234897
 -0.27547627 -0.18963878 -0.23356221 -0.05695904  0.10814571 -0.08855771
 -0.15466289 -0.19018436 -0.06996533 -0.02745315  0.11775887 -0.02489895
  0.08277977 -0.07984047  0.17568651  0.20284832 -0.20359741 -0.32135778
 -0.00800931 -0.03823101 -0.34644077  0.03438589 -0.29636651 -0.14304456
  0.192171    0.02141923  0.09514086  0.03140228]
[[-0.21798615  0.09476014  0.06647797 ... -0.11074265 -0.21040151
   0.09168237]
 [-0.08401471  0.04488805  0.13957116 ... -0.10892784  0.07510145
  -0.12352635]
 [-0.17010336 -0.14725271  0.17038575 ...  0.23703324 -0.03928443
  -0.18670893]
 ...
 [ 0.15898269 -0.1917139  -0.14236102 ...  0.18818968 -0.02749384
   0.06784677]
 [-0.07655229  0.14156875  0.13406939 ... -0.02332188 -0.12337446
   0.2317055 ]
 [-0.04971741  0.2325645  -0.06251947 ...  0.14668695  0.00368733
  -0.22419418]]
[ 0.01349798  0.08537174 -0.05123571 -0.058018   -0.02110861  0.14208436
  0.06888708  0.16225442  0.13530441  0.05725184 -0.05197066 -0.08324753
  0.14618227 -0.02116938 -0.23562566 -0.08286557 -0.08875803  0.09134716
 -0.11913894  0.12380406 -0.08847802 -0.06838986  0.09010634 -0.02882416
 -0.05916595 -0.09449109 -0.05458356 -0.07967882  0.11780823 -0.08368917
  0.03937789  0.16789328  0.02557656  0.09657642 -0.11243857 -0.03756885
 -0.03487978 -0.02325927 -0.03794431  0.09773681  0.16298118 -0.06297248
  0.062358    0.07521422  0.04033163 -0.16191909 -0.13516743 -0.22943206
  0.1821455   0.01095988  0.05561147  0.14061527  0.11568023  0.20056134
 -0.03569226 -0.07651159  0.04869438 -0.01414393 -0.25271714  0.01626383
  0.16954318 -0.09166015 -0.12269815 -0.07703257]
[[ 0.05927022  0.10857059  0.03705595 ... -0.03980845  0.20376672
  -0.03651967]
 [-0.10861417 -0.14623485  0.17952021 ...  0.10065028 -0.0689123
   0.07500937]
 [ 0.01122894 -0.05747089 -0.19061712 ...  0.20228975  0.23584823
   0.09719994]
 ...
 [ 0.17063595  0.1711576   0.12123561 ...  0.02839217  0.00400483
  -0.09578935]
 [ 0.12459798 -0.12297295 -0.0462299  ...  0.20710527  0.17297106
  -0.10700862]
 [ 0.13885254  0.12425113 -0.00690934 ...  0.06332612 -0.03686898
  -0.1602681 ]]
[-0.07420199 -0.03164919 -0.06730702  0.03358275  0.07722581 -0.0249571
 -0.08275663 -0.03442946  0.08495363 -0.10721203  0.15741601 -0.04425152
  0.07397352  0.04389385  0.01633437  0.01067654 -0.12990505 -0.04140908
  0.08916505 -0.03460462  0.02329061  0.0607706  -0.12495757  0.00797476
  0.10631567  0.06084266  0.02403338  0.07237392  0.0654028  -0.07744964
 -0.03730007 -0.03932565 -0.01473018 -0.0952413   0.08255109  0.04651304
  0.05906897 -0.04785669 -0.08348248  0.05644171 -0.08655754  0.08528744
 -0.06291972  0.00438752 -0.01322321  0.07352224  0.0673146   0.00904308
  0.15271934 -0.12266034 -0.07748583 -0.05211008 -0.05918569  0.03362665
  0.05899702 -0.12426751  0.07808793  0.06347496 -0.00264097  0.02382838
 -0.13850751 -0.09836311  0.00768409 -0.00395657]
[[ 0.1118059   0.09270792 -0.16761478 ...  0.04512863  0.16783921
   0.13489333]
 [ 0.11923321  0.22237487 -0.16151737 ...  0.05393496 -0.15003202
  -0.07482889]
 [ 0.04110349 -0.02014877 -0.28703626 ... -0.1651547  -0.28414799
  -0.21187475]
 ...
 [ 0.21055399  0.10013493 -0.20907401 ... -0.06385741 -0.24851559
   0.0598069 ]
 [ 0.03559261 -0.17368074  0.24333002 ... -0.23932885  0.03120823
  -0.05547307]
 [ 0.04486798 -0.10827748  0.11877305 ... -0.07162194 -0.17093206
   0.01525328]]
[-0.0430444   0.05898212 -0.07525433 -0.0403487   0.02533461  0.09529667
 -0.10948005 -0.00818546 -0.1104829  -0.06850343 -0.04119307 -0.07444156
  0.01864183 -0.00251497 -0.0619468   0.06967504 -0.04264933  0.01067181
  0.02362464  0.15707967  0.01029941  0.20638723 -0.04929083  0.00974948
 -0.0689279   0.00496676 -0.00302516 -0.0429385  -0.01177725  0.04772737
  0.04922602  0.06066959 -0.04343509 -0.081791    0.09518083 -0.01742831
 -0.01794861 -0.03125737 -0.00564298 -0.08089338  0.02259557  0.0072612
  0.08978931  0.00625472 -0.04644759 -0.01412687  0.12356195]
