[[ 0.06836517  0.00923086  0.05896906 ...  0.06009957 -0.08052432
  -0.07074697]
 [ 0.00335316 -0.07403487  0.0548666  ...  0.0420052  -0.04739277
  -0.01029098]
 [ 0.04455789 -0.05231675 -0.03531403 ... -0.0754111   0.070297
   0.06630192]
 ...
 [ 0.06576808 -0.05159665 -0.02898207 ...  0.06028973  0.03935322
   0.03735218]
 [ 0.00294771 -0.05199856 -0.00166909 ...  0.02633464 -0.04735413
  -0.06764469]
 [-0.00077389 -0.05508079 -0.04903635 ... -0.02043112 -0.01174075
  -0.06020368]]
[-0.10631721  0.02334634  0.0443944  -0.06883081 -0.12347967  0.03814121
 -0.17301152 -0.06854327 -0.03675127 -0.01459429 -0.02646901  0.18038407
 -0.01760417  0.02273907  0.15363613  0.07040599 -0.20782738  0.19076919
 -0.18100853 -0.09730742  0.16395479  0.0782806   0.01591493  0.13243865
  0.0536143  -0.13905908  0.12766532  0.02833407  0.01963068  0.12142873
 -0.16098993 -0.06524405  0.12617417 -0.05369253  0.11723013  0.13351491
  0.03297876 -0.04924021 -0.1300032  -0.00117595 -0.1850837   0.05511715
  0.14384871 -0.06041112 -0.1579923   0.01708957  0.0343725   0.0321991
  0.05805029 -0.04446852 -0.11364757 -0.00972722 -0.19703677  0.00667851
  0.01679108 -0.0803736  -0.02433242  0.09007523 -0.24007423 -0.03229228
 -0.01097175 -0.14379958 -0.07587643  0.04661626 -0.15149147 -0.15607063
 -0.22380874 -0.08746451  0.2140807   0.04038568  0.19570863 -0.04200406
 -0.05310361  0.09138443 -0.12078675 -0.11754918 -0.01688552 -0.28761077
  0.09465258  0.02256655 -0.00995724 -0.05298067 -0.14544174 -0.0137869
  0.08023545 -0.10846437  0.18538946 -0.04916177 -0.2205564   0.03154741
  0.08228799 -0.07860726 -0.13146145 -0.04824187 -0.08605596  0.02834759
 -0.11436927  0.09593536  0.08361102 -0.06877098 -0.07226923 -0.1059685
  0.10137611  0.18196264  0.01386857  0.13588473 -0.14286354  0.1767662
  0.12744163 -0.10807694 -0.01783769 -0.02843902  0.09661948 -0.05762998
 -0.20339161  0.11507585  0.0184936   0.00365458  0.0625477   0.17641434
 -0.20980561  0.22899823 -0.04185575 -0.08425528 -0.0883773   0.1026962
 -0.04917033  0.02695882]
[[ 0.0043904  -0.10859973 -0.08128925 ... -0.11527759  0.12144544
   0.09642371]
 [-0.08673349  0.07075188  0.08235744 ...  0.05409678  0.03360275
   0.0895152 ]
 [ 0.14034643  0.16547833  0.03226498 ...  0.12971598  0.0536123
   0.0475552 ]
 ...
 [ 0.05268063  0.14130733 -0.16217296 ...  0.05053706  0.10800969
  -0.10454291]
 [ 0.04003722  0.05825014  0.08829944 ... -0.13724521 -0.03779061
   0.17969018]
 [-0.15187076  0.09259825  0.0685781  ...  0.0006231  -0.1003946
   0.13613583]]
[-1.96274603e-01  2.13377469e-02  1.40719861e-02 -4.23715473e-02
  1.23992160e-01 -4.84901322e-02  1.33861928e-01 -4.41356927e-02
  5.82639673e-02 -8.98342801e-02 -8.16081449e-02  1.85942753e-04
 -1.51153019e-01  4.66324515e-02  4.83460888e-02 -6.69207733e-03
 -1.15418889e-01  5.39881243e-02 -4.79938112e-03  6.73748241e-02
  1.98126616e-02  8.06017802e-02  5.19389285e-02 -3.71309652e-03
 -7.40359164e-02  1.29083586e-01  1.11440897e-01  2.22493060e-02
  1.21375911e-01 -5.93478798e-02 -5.44305616e-02 -1.06159211e-01
  9.23733770e-02  3.70687873e-02  8.09265195e-02  6.25639411e-02
  6.64831893e-02  1.93412793e-03 -3.82712979e-02  2.20807304e-02
  9.08532896e-03  4.00789508e-02  3.11148653e-02  6.15497898e-02
 -5.78896536e-02  3.67357165e-02  1.90322596e-02  2.53011249e-02
 -5.10364077e-03 -3.51422651e-02  5.42477714e-02  3.39702796e-02
  5.19785957e-02  9.10192679e-02  5.66698721e-02  1.25133400e-02
 -3.05108079e-02 -7.37399084e-03  5.45556398e-02  1.08509619e-02
 -1.03469751e-01 -5.95278733e-02  6.69628634e-02  1.02718286e-01
 -3.23523873e-02  8.40829264e-03 -1.12557889e-01  4.43651213e-02
  1.55223334e-02 -9.62863997e-04 -2.66721448e-02 -7.18079932e-02
  6.17735108e-02 -3.08317941e-02 -6.00616254e-02 -9.28607376e-02
  1.46248305e-01 -6.45724387e-02  1.47476616e-01 -3.89354424e-02
  1.03381276e-01  6.23388517e-02 -2.65807183e-02 -6.24117197e-02
 -9.78903553e-02  4.66300847e-02 -1.15027377e-01  5.68932212e-02
  3.51236795e-02 -7.86275159e-02  3.16511929e-02  6.81836001e-02
 -7.62855903e-02 -1.87987756e-02 -4.12659190e-02 -1.13338104e-02
 -1.76244228e-01 -4.97412334e-02  6.96289037e-02  1.36858634e-01
 -1.69059769e-01 -4.44695563e-02  7.01588132e-02  9.18401195e-02
  4.66543948e-02  1.17959351e-01 -5.98980161e-03  1.03286212e-01
  3.59427321e-02  9.26065434e-02 -1.43147440e-01 -9.99133901e-02
  3.36722562e-02  1.15431133e-01 -1.20773281e-01 -1.52523655e-01
 -1.04913380e-02 -7.97973380e-02  3.69421337e-03  1.60824009e-02
 -3.55552582e-02 -1.00459372e-01 -1.00059923e-01 -1.40405508e-02
  2.60906247e-01 -1.16899660e-01  3.81205861e-02  1.72159711e-03]
[[-0.05395403 -0.03120646 -0.14459538 ... -0.1045321  -0.03102655
   0.01823671]
 [-0.17006292 -0.09393262 -0.07384818 ... -0.00981784 -0.15919879
   0.09610364]
 [-0.09762678  0.12780371 -0.02940466 ... -0.18424891  0.05621556
   0.15141067]
 ...
 [-0.10275586 -0.05665541  0.04642544 ...  0.00169677  0.13492718
   0.11028188]
 [ 0.03753248 -0.03924647 -0.01193537 ... -0.11890269 -0.14825536
  -0.11134228]
 [ 0.01798897 -0.13500522  0.0962358  ...  0.06762881 -0.01024217
  -0.15602689]]
[ 3.07171526e-02  1.65746950e-03  4.76902636e-02 -7.33679651e-02
  1.01412458e-01 -1.26655522e-01 -7.41671951e-02 -3.30960411e-02
  6.70532491e-02  1.48224973e-02  1.18572089e-03 -1.23780958e-01
 -4.31055255e-02  9.24652490e-02  3.81635535e-02  1.27438976e-02
 -1.20358793e-02  6.08305140e-02 -6.69492024e-02 -5.85269057e-02
  7.05132236e-02 -4.02047545e-02  3.42382018e-02  3.18554020e-02
 -1.73542017e-02  1.99484478e-02 -3.43545824e-02 -9.94930076e-02
  4.61697697e-04  9.00641914e-02  3.71296412e-02  9.12183191e-02
  3.97884356e-02 -3.48452235e-02  7.30057286e-02 -1.04587200e-02
  1.90627589e-02 -1.70643500e-02 -2.26037562e-02  3.18129354e-02
  1.84404263e-02  3.52079824e-02  4.41097956e-02 -8.52394950e-02
  3.91971313e-02  4.86964091e-02 -1.56614530e-02 -2.79354976e-02
  3.60239407e-02 -6.88889073e-02  4.33476846e-04  5.00296891e-02
  1.59395436e-02  2.41204308e-03 -9.98393199e-02  1.47118662e-01
 -8.29698629e-02  3.99517120e-02 -1.13768779e-02 -1.62399334e-02
  8.30419955e-03  5.95768437e-02 -1.44520513e-01  1.01567133e-02
  8.39391919e-02 -7.17025057e-02 -5.88948543e-02  6.96506133e-02
 -3.14323710e-02 -3.35444167e-02  5.52114549e-02 -4.75905303e-02
  7.70085344e-02  3.50670053e-02  9.73794936e-03  3.20820322e-02
  1.14989476e-02 -3.53526060e-02  4.67600414e-02  9.74035454e-02
  5.14685223e-02 -1.67436367e-02  1.64118451e-02 -7.17624575e-02
  4.15772207e-02 -3.78832276e-02  1.16474809e-01 -4.34818912e-02
 -5.64881277e-02 -8.71778158e-02  1.00650048e-02 -3.76473293e-02
  3.35351113e-02 -1.52121113e-02 -1.41810805e-02 -2.25539329e-02
 -4.48950019e-02  6.25567108e-02  5.71422253e-02 -6.10922539e-03
  8.07671164e-03  5.18259798e-02  7.78475250e-02  3.78037403e-02
  4.86642019e-02 -3.79446543e-02 -2.98554577e-02 -2.36278723e-02
 -2.51266608e-02  1.56450871e-02  8.97878594e-05  3.07224742e-02
  1.48051338e-02 -5.37815068e-02  1.94528283e-02  4.98376242e-03
 -9.38936991e-02  2.84645630e-02  1.08042795e-01  3.04092219e-02
 -3.19613490e-02  2.16705580e-02  4.33526255e-02  1.47653152e-02
 -5.79661407e-02 -4.22212730e-02 -2.29051549e-02 -6.34956571e-02]
[[ 0.08088707 -0.0782141   0.05957202 ...  0.00735786  0.12464762
   0.01314635]
 [ 0.01023759 -0.13372616 -0.04165907 ... -0.11890199  0.00937589
  -0.11658944]
 [ 0.12445173 -0.15519011  0.03663246 ... -0.19314497 -0.15228728
  -0.02572065]
 ...
 [ 0.06104439  0.18169007 -0.07771835 ...  0.1786222  -0.1122362
   0.00502276]
 [ 0.16592323 -0.23662037  0.1346516  ...  0.10170465 -0.09684897
  -0.12311071]
 [ 0.10312339  0.1911193  -0.03669259 ...  0.15276361 -0.1963309
   0.14162762]]
[-0.0416822   0.06794836 -0.04916417 -0.06120164  0.02020367  0.0673368
 -0.08722632 -0.0041363  -0.12627206 -0.0487818  -0.02633858 -0.0763025
  0.05212114 -0.00028116 -0.08021801  0.06957085 -0.02900253  0.01177925
  0.02318812  0.15479145  0.0160907   0.1724062  -0.02916693  0.02731028
 -0.04981223  0.00053592 -0.01440939 -0.05423503 -0.00418118  0.0627963
  0.01136381  0.03542585 -0.02831332 -0.10284534  0.11405604  0.0104802
 -0.0198096  -0.02087257 -0.01327718 -0.08335906  0.02265995 -0.03031715
  0.07090814 -0.00049975 -0.04610457  0.00219643  0.11464108]
