[[ 0.06754991 -0.01162996  0.05170047 ...  0.08560998  0.04655659
   0.0469017 ]
 [-0.02862797 -0.0657687   0.03795425 ... -0.02041409 -0.03709913
   0.04223605]
 [ 0.08100364 -0.07136042  0.0694095  ... -0.05201428  0.06791398
  -0.00526452]
 ...
 [-0.04986385  0.06792369  0.01987879 ... -0.04484638 -0.00372475
  -0.06283749]
 [ 0.04512771  0.07258916  0.04215379 ... -0.05728734 -0.08281058
   0.05119836]
 [-0.0588274   0.04476419  0.028446   ... -0.07228389 -0.04684147
  -0.03978428]]
[ 0.08559342 -0.13906734  0.41062321 -0.2015554  -0.17788966 -0.45672287
 -0.4915326  -0.26160153  0.4036636   0.04781675 -0.27908544 -0.07183986
 -0.28341678 -0.04557136  0.1610613  -0.13704068 -0.11841952 -0.25068935
  0.09130927  0.36428534 -0.02270574  0.33520531 -0.06081209 -0.05166738
  0.15938658 -0.40765896 -0.00920713 -0.192672    0.30932147 -0.22713262
 -0.00092195 -0.05593703]
[[ 0.25248423  0.00498046  0.0883561  ...  0.31236522 -0.32215843
   0.16256866]
 [ 0.16249168 -0.33965831 -0.0159086  ...  0.29443421 -0.23073466
   0.05300892]
 [ 0.1515609  -0.06179242  0.03993893 ... -0.12447579 -0.22772974
   0.13924669]
 ...
 [ 0.233667    0.03162372  0.43249983 ...  0.25809307  0.00697335
  -0.30368783]
 [-0.27186787 -0.35736882  0.23585949 ... -0.04241348 -0.31532668
  -0.00792701]
 [ 0.21841454  0.37121924  0.01889557 ...  0.17943566 -0.04148824
   0.25122885]]
[ 0.0514393   0.06167927  0.15808284  0.20742558 -0.06027299  0.04563155
  0.16344924 -0.12290833 -0.07295162  0.17075086  0.01638765 -0.11332666
  0.19794817 -0.08765576  0.04637935 -0.25292574  0.24028493  0.15141628
 -0.34151736  0.01689873  0.13824308 -0.05865984  0.27402295  0.10978326
 -0.28272554  0.17778378 -0.21215686  0.12518417  0.03729394  0.17330128
  0.38563438  0.12790716]
[[-0.0824768  -0.31481582  0.25737556 ...  0.01841308  0.35259886
   0.09583402]
 [ 0.23024961  0.36268628 -0.08147523 ... -0.08851206 -0.41526897
   0.33836512]
 [-0.23225508 -0.34766322  0.17413032 ... -0.3510142  -0.28521292
   0.2708309 ]
 ...
 [-0.19590717 -0.43580066 -0.15662893 ...  0.21030425 -0.33551343
   0.17708753]
 [ 0.23821791  0.01095755  0.44972128 ...  0.15516129 -0.30258805
   0.09219756]
 [ 0.0597863   0.31112608  0.09151491 ...  0.05961555  0.3076329
   0.35696825]]
[ 9.04042720e-02 -1.78183611e-01  7.85576561e-02  3.94122891e-01
  2.98556732e-01  8.29174815e-02 -6.27156126e-02  1.16203978e-02
 -6.87728502e-02  1.58769725e-01  9.00834149e-02  1.10509132e-01
 -2.32194359e-02  1.27441363e-01  1.61406110e-01  4.22168004e-02
 -6.79124473e-03  2.93556486e-02  4.07249824e-02  1.64147291e-01
  2.23569912e-01  1.85530043e-01 -1.59652467e-04  2.25236236e-01
 -1.54452556e-01 -8.39417845e-02 -1.33796086e-03 -2.08980239e-01
  5.45141791e-02 -1.10718717e-01  6.58211210e-02 -1.70074774e-02]
[[ 0.10317768  0.54671131  0.24238938 ... -0.09315756 -0.06159397
  -0.33437049]
 [-0.16172516 -0.55175883 -0.1791572  ...  0.16428292 -0.21994894
  -0.17834123]
 [ 0.08250414 -0.27920305 -0.26274441 ...  0.14282085 -0.1565432
   0.14675078]
 ...
 [ 0.27462657 -0.00665869 -0.10557459 ... -0.08657846 -0.28326241
  -0.15953917]
 [-0.02522831 -0.09613466 -0.00992862 ... -0.07843649 -0.24040215
   0.22647515]
 [ 0.27419746 -0.24553743 -0.17609764 ... -0.1963667  -0.11594271
  -0.12597145]]
[ 0.01599666  0.01481218 -0.11771404  0.31047746 -0.21655577  0.05550112
  0.16195595 -0.10457104  0.20689195 -0.21233636 -0.21274634  0.06303595
 -0.08029741 -0.15271551  0.08991705 -0.1764717  -0.07214046  0.20962135
  0.0678054  -0.08153802 -0.00654973 -0.01301537 -0.18947656 -0.00193996
 -0.16165398  0.14735745  0.2492406  -0.16695184 -0.21047756  0.01483916
  0.20764247 -0.22959961]
[[ 0.16407437  0.17513204 -0.04689148 ... -0.06308422  0.00995204
   0.12469949]
 [-0.08637445  0.26260046  0.33204097 ... -0.08556726  0.21567749
   0.47679296]
 [-0.15515966  0.24747095 -0.15386495 ... -0.08314169 -0.35683417
   0.01304721]
 ...
 [ 0.34505029 -0.0866786  -0.04656502 ...  0.28311193 -0.31247727
   0.00394218]
 [-0.12198644  0.02706632 -0.02077797 ... -0.38536263  0.30910159
  -0.1749859 ]
 [ 0.0363775   0.15722267 -0.32449277 ...  0.21893379 -0.18414985
  -0.26768688]]
[-0.00923945 -0.06111421 -0.27241695 -0.23238023 -0.23757848  0.25038338
 -0.33578587 -0.26982378 -0.18497807 -0.16181456  0.04266152  0.16179644
  0.04994034  0.13351168 -0.21936766  0.27555045 -0.21080347  0.04165793
  0.04788164  0.27264946 -0.03173543  0.39423539 -0.01320354  0.09746482
 -0.13924286  0.02804185  0.07355338 -0.05306353  0.07345513 -0.10155302
  0.11662002  0.15674546 -0.17579506 -0.196993    0.18435332  0.07018354
  0.30508678 -0.16640255 -0.027773   -0.28875844  0.07120745  0.11625109
  0.1554237   0.00180325  0.19351542 -0.12176857  0.19761828]
