[[ 0.06838864  0.04069188 -0.02442879 ...  0.043593    0.02218068
  -0.07562996]
 [-0.07340225  0.05044052 -0.00567754 ... -0.00759613 -0.00321545
  -0.0557924 ]
 [ 0.03185088  0.05631838  0.06090464 ...  0.01626985 -0.0618287
   0.05785294]
 ...
 [-0.0330585  -0.03701521  0.0400593  ... -0.05518042  0.03396523
   0.08196771]
 [-0.07272881  0.04168769 -0.01330675 ... -0.06930806 -0.0679651
   0.00654563]
 [-0.02729021 -0.01468428  0.06057574 ... -0.08436293  0.04373533
   0.0037418 ]]
[ 0.11985594  0.03733759 -0.34504573  0.22253401 -0.34060124 -0.10696598
 -0.12268321  0.06181521  0.40204666 -0.18331098  0.10398609  0.00828548
 -0.05135337  0.02821922 -0.31818057  0.27173482  0.42761493 -0.11007432
  0.00272941 -0.13818669 -0.20808839  0.17356338  0.08725681  0.12198425
  0.31360111  0.18735421 -0.3722953  -0.06244994 -0.08425239 -0.24918693
  0.10912205 -0.00523332]
[[-0.09996596 -0.05665636 -0.01942583 ... -0.08685335 -0.26458031
   0.14360359]
 [ 0.21434872  0.29586135  0.17047717 ...  0.07370296 -0.05745937
  -0.21241545]
 [-0.20842804 -0.04867532  0.30968211 ...  0.25257713 -0.06783982
  -0.31291159]
 ...
 [-0.40129084 -0.23874585 -0.08510483 ...  0.12828525  0.00810963
   0.31632824]
 [ 0.31901381 -0.21376747  0.14010535 ...  0.41260441  0.0105243
   0.31348824]
 [ 0.15811155 -0.33054964  0.07967586 ...  0.02772259 -0.17422917
   0.08687818]]
[ 0.0652387   0.01610588 -0.10010326 -0.19025557 -0.03499335 -0.03661325
  0.12724182 -0.18185425  0.02656035  0.03881076 -0.00840984  0.04850474
 -0.11079732  0.19560251 -0.26207304  0.23839812  0.05540897 -0.00354365
  0.07610687 -0.33939034  0.13168619 -0.0712779   0.05010911 -0.01113816
  0.13475861 -0.05577353 -0.05674678  0.14757323 -0.09777639 -0.27777787
 -0.07348155 -0.10583167]
[[ 0.04426211 -0.07690505  0.14077362 ... -0.36476835 -0.08309756
   0.16790048]
 [ 0.04867151  0.17534895 -0.35286992 ... -0.21328699  0.24724036
  -0.42393492]
 [ 0.01456153  0.02795233 -0.32018079 ... -0.14856017 -0.33731479
   0.09346143]
 ...
 [-0.15341964 -0.05297252  0.33392017 ... -0.14583471 -0.30344054
  -0.2054544 ]
 [-0.22066666  0.16234383 -0.35215551 ... -0.08851253 -0.12665481
  -0.22148497]
 [ 0.07660405  0.05580908  0.05752392 ...  0.28518205 -0.22980739
   0.11651806]]
[ 0.16987127  0.10657174  0.01248776 -0.0589598   0.04349988 -0.20827006
 -0.04426069 -0.17783228  0.03722331  0.00466559 -0.06280151 -0.07662327
  0.04981769 -0.13800827 -0.0817463  -0.28149637  0.03410466 -0.12245398
  0.10584493 -0.03714553  0.01274814  0.01293018  0.02843552 -0.0478766
 -0.14453614  0.10516562  0.03724792  0.00091229 -0.07428134  0.01955577
  0.31182981 -0.03425513]
[[-0.05825416  0.24955026 -0.12113673 ... -0.3390078  -0.01975948
   0.06440915]
 [ 0.02543521  0.37923329  0.10316387 ...  0.2033595   0.00806033
  -0.30704297]
 [-0.16112904 -0.29805771 -0.16348476 ...  0.35364817 -0.15740657
   0.18421321]
 ...
 [-0.24203487 -0.0745507  -0.12763109 ...  0.20883263 -0.20043441
  -0.00170612]
 [ 0.02805564  0.20318363  0.13875802 ... -0.22807404  0.15831394
  -0.13597673]
 [-0.16212779  0.02930571  0.47070415 ... -0.06306789  0.19709528
  -0.01634235]]
[-0.0199963   0.04520111 -0.03889714 -0.06423704 -0.04960299  0.09583525
 -0.10814637 -0.05290818 -0.17106404 -0.06474912 -0.01490912 -0.05233047
  0.0507955  -0.00071735 -0.09796907  0.0698704  -0.00197712  0.00745757
 -0.01864186  0.18680552  0.02011958  0.28844028 -0.02582351  0.00863125
 -0.08823182  0.02771733  0.01265801 -0.07198607 -0.08774858  0.03645718
  0.06497542  0.02659642 -0.04809819 -0.07205431  0.13769052 -0.00679738
  0.01749793 -0.04959834 -0.04158985 -0.1076129   0.05903457  0.04382399
  0.07789249 -0.01960129 -0.05296442 -0.01311373  0.16386624]
