[[-0.06562651 -0.00380868  0.00286819 ...  0.07403567  0.04138817
   0.01404929]
 [ 0.07434144 -0.00119639  0.05759522 ...  0.00509603  0.02517881
  -0.01253625]
 [ 0.0335118  -0.03995204 -0.04346483 ...  0.04126725  0.06654564
   0.04617329]
 ...
 [ 0.05774288  0.04750735  0.01812155 ... -0.02601368  0.03631049
   0.08074325]
 [-0.05777984  0.05351206  0.02811221 ...  0.0690564   0.02053897
   0.01733652]
 [ 0.07907293  0.03453005 -0.06566814 ... -0.01219928 -0.05428962
   0.01940283]]
[-0.03695261 -0.0689735   0.11647613  0.13466546  0.05317251 -0.0599705
  0.03382203 -0.17810695 -0.02354203 -0.04430826 -0.02202485 -0.18727683
  0.0428191  -0.03765194 -0.25739401 -0.05590765 -0.01626089  0.30281489
 -0.16312657  0.03597197  0.06592137  0.141407   -0.15983558 -0.32817421
 -0.09239802  0.2613592   0.22971061  0.02660802 -0.18813972  0.33294138
 -0.13568954 -0.03479556 -0.07485835  0.20657667  0.02069679  0.17799796
 -0.12686793 -0.26114918 -0.00435471  0.01208371  0.04685728  0.05406223
  0.13108402 -0.05922321 -0.27621052  0.07568634  0.21809655  0.0354117
  0.08438455  0.06581505  0.18286483  0.11793153  0.338009    0.08274688
 -0.10351628 -0.01825916  0.20026354  0.04210482  0.22559251  0.14893299
 -0.10127498 -0.01846025  0.16031916  0.07864722 -0.03638617 -0.04207783
 -0.22557197 -0.1217026   0.16226452 -0.06875403 -0.02360625 -0.1715686
 -0.12848751 -0.05149281 -0.14318336  0.14477519  0.01291804  0.27296766
 -0.01961098 -0.135223    0.02195455 -0.02793556  0.24825428  0.08127896
  0.03362364  0.08591619  0.15614046  0.0961943  -0.0926723  -0.01352713
  0.02232276  0.00978586 -0.2796826  -0.29985269 -0.00911409  0.04232201
  0.01784534  0.04402891  0.13788321  0.02664023  0.06949765 -0.2492725
 -0.2241523   0.12268109 -0.20158923  0.31883433 -0.16080474  0.12463442
  0.15582244 -0.18974981 -0.15775642  0.12605117  0.26321242 -0.06340713
  0.08756923  0.14307168 -0.14168832 -0.16730232 -0.10336562  0.11210503
  0.01565025 -0.33580683  0.08589566 -0.03639089 -0.21532796 -0.26721863
 -0.26561942 -0.08309149]
[[ 0.09329197 -0.13219323 -0.06248868 ...  0.00619927 -0.13592535
   0.10738346]
 [ 0.15980637  0.03395627 -0.11139187 ... -0.06131329  0.12325054
   0.12373327]
 [-0.14678161 -0.07259281 -0.12550993 ...  0.14694048 -0.0802587
   0.10602688]
 ...
 [-0.07515644  0.09567053 -0.04536115 ...  0.18113197  0.04644668
  -0.08657803]
 [-0.1291507   0.00608658  0.06399511 ... -0.10411569 -0.07233675
  -0.04098698]
 [-0.11646856  0.14613552 -0.0075562  ... -0.06428148 -0.08688658
   0.14668947]]
[ 1.29234876e-02  5.43147706e-03  9.16585403e-02 -9.00376998e-02
 -1.31002921e-02  5.03548075e-02  1.00667507e-01  9.72888057e-02
 -1.71514449e-02  1.02757500e-01 -5.12209298e-02 -2.14331469e-01
  1.44765290e-01 -1.04232689e-03 -1.77948694e-01  7.91002614e-02
  1.40198842e-01  5.76641276e-02 -8.73773778e-02 -6.88230546e-02
  1.42080071e-01 -1.21556713e-01  1.07321830e-01  1.93679609e-02
  2.76940321e-04 -7.33544679e-02  2.26771552e-01 -1.05496178e-01
  1.26852128e-01  5.60387724e-02 -3.00519903e-03 -5.46311021e-02
  9.26501122e-03  1.60742088e-01  5.87458769e-02  3.49007894e-02
  2.45632208e-01  8.59843501e-02  1.21952257e-01  1.56246535e-01
  2.20059489e-02  6.56117122e-02  1.08171349e-01  1.59072915e-01
  9.47879998e-02  9.54587643e-02 -4.58310106e-02 -3.02139494e-02
  3.95004545e-02  1.87063562e-01 -1.17518735e-02 -1.04991287e-01
 -1.81914836e-01  3.77154128e-02  4.47577681e-02 -7.60787855e-02
 -6.97032508e-02 -4.79298735e-02 -4.53240378e-02  9.88032675e-02
  8.89163862e-02 -1.29404422e-01  8.15885691e-02 -5.71940437e-02
 -7.55391471e-02 -2.06319663e-02  1.40634760e-01  8.31905148e-02
  2.14664456e-01  5.59960769e-02  2.71763915e-02 -1.07924476e-01
  8.10977032e-02 -5.91964855e-02 -6.12338796e-02 -2.84551735e-02
  6.24746593e-02  7.84825510e-04  1.25419463e-01  1.06821745e-01
  1.15085920e-01 -8.52598703e-02  6.63650798e-02  7.47805520e-02
 -1.05581611e-01  3.55538738e-02  1.09590824e-02 -1.57510427e-02
 -3.42894548e-02  1.56209552e-01  2.55109930e-01 -2.28962759e-01
  4.53434273e-02 -1.79977472e-01  1.86882415e-03 -5.53415388e-02
 -7.92699177e-04 -1.28697877e-01  4.92148816e-02 -1.12738732e-01
 -1.37424301e-02 -2.44775041e-02 -1.32683661e-01  7.34564467e-02
  9.72104092e-02 -9.60491873e-02  1.01652212e-01 -1.20448369e-01
  9.73104675e-02  2.81802430e-02  1.00402852e-01  4.73143957e-02
  2.22907875e-03  1.04601274e-04 -2.74795108e-02  5.39288693e-02
 -4.56552056e-02  1.14475598e-01 -2.93344585e-02 -1.60319458e-01
 -1.43523013e-01  5.26039272e-02  1.08012369e-01  2.05696989e-02
 -1.12195787e-01 -8.08489112e-02 -2.85574567e-02 -8.40751744e-02]
[[ 0.09999748 -0.11153328  0.08391492 ...  0.10644532 -0.09754847
  -0.20269675]
 [-0.07247334  0.04670666  0.01648479 ...  0.10729709  0.1107373
  -0.09529985]
 [-0.07359286 -0.11484465 -0.03323627 ... -0.13223599  0.04674582
  -0.13655058]
 ...
 [ 0.03781831  0.23075541  0.04983777 ... -0.02970673 -0.11143782
   0.01512266]
 [ 0.10121923  0.17033445 -0.03667454 ... -0.07592013 -0.04519007
  -0.10777439]
 [-0.08614814 -0.14046098  0.0545706  ... -0.110992   -0.01177125
   0.08474919]]
[-0.03207655 -0.05211941 -0.00371808 -0.0725279  -0.05467416 -0.08426789
  0.06429318 -0.04394219 -0.0294139   0.04617918  0.0877794   0.0130179
 -0.06519104 -0.0744814   0.06199177 -0.05058958  0.03726139  0.00378864
 -0.078623    0.07116114 -0.03693946  0.03641042  0.08805275 -0.09037204
 -0.13006107  0.0685354   0.0115994  -0.04300628  0.12158987  0.06280288
  0.03544182  0.02746315 -0.04255482 -0.05435549 -0.06530689  0.10317715
  0.01490427  0.10067337 -0.02408023  0.07900919  0.0192875   0.07061504
  0.041337   -0.08295102  0.10996942 -0.07922099  0.02299009 -0.03588836
  0.05918231 -0.02981103 -0.10553892  0.01925554  0.0209538  -0.03468104
  0.07187878  0.01481116  0.08155002 -0.06817781  0.05509617 -0.03536388
 -0.10827897 -0.03239156 -0.03641181 -0.03718889  0.08001138  0.06813467
 -0.03779457  0.00261552  0.00823323  0.04079238 -0.0458285  -0.06862225
  0.02215265  0.06969394 -0.10542138  0.00680859  0.08285001  0.08988231
  0.05592216 -0.01235376 -0.11003496 -0.09819684 -0.1028248  -0.16606789
 -0.00156905 -0.00961519  0.0399038   0.03520872 -0.02884571 -0.00641673
  0.1456872  -0.06694582 -0.09709319 -0.0147046  -0.05276277  0.03311654
  0.05614873  0.13738716 -0.00201922 -0.05301851 -0.0922546  -0.03912162
  0.02145121 -0.10725466  0.19317342  0.03304731  0.10917885  0.09024048
 -0.02107001  0.10468766 -0.00622725 -0.09372545 -0.00843684 -0.00065855
  0.0601449  -0.04815993 -0.03812965 -0.05639735 -0.01179654 -0.11234071
 -0.0423329   0.02232776 -0.01002882 -0.02108684 -0.02953773  0.03909971
 -0.02282502 -0.08163357]
[[ 0.22134561 -0.00885481 -0.00102961 ...  0.05766354 -0.08659344
  -0.18057501]
 [ 0.10932179 -0.14962661  0.16973459 ... -0.11857708 -0.08395835
  -0.28702512]
 [ 0.16885286 -0.20518075  0.09043084 ...  0.14312727 -0.08250985
   0.02117889]
 ...
 [ 0.18048031 -0.08182615  0.06933889 ... -0.06420109 -0.15152014
  -0.07957038]
 [-0.1448391   0.01705907 -0.00811733 ...  0.13375023  0.0013621
   0.06779115]
 [-0.19111569 -0.17442875  0.16853224 ...  0.07682634  0.18757764
   0.22753141]]
[-0.01428874  0.03413326 -0.0252711  -0.11095681 -0.02392148  0.08458778
 -0.15292439 -0.05587945 -0.09172153 -0.06616742 -0.00364593 -0.04299772
  0.0568687   0.05889859 -0.13551212  0.10263024 -0.02020137  0.04591805
  0.0898281   0.11368492 -0.01781602  0.20960626 -0.04767268  0.0573874
 -0.08947495 -0.04927659 -0.0292245  -0.05263006  0.01021475 -0.00797327
  0.02041     0.09996247 -0.09026502 -0.13737836  0.13985551  0.0090256
  0.03446322 -0.06842439 -0.05638072 -0.11703537  0.04162391  0.01564337
  0.05429529  0.02458774 -0.00385799 -0.01331218  0.22058503]
