[[ 0.01769554 -0.02841452  0.04160084 ...  0.05717827 -0.01020486
   0.00105696]
 [ 0.00612487  0.05253256  0.06608778 ...  0.01054495 -0.06697937
  -0.06014454]
 [ 0.00708842  0.02364715  0.0033774  ... -0.06700382  0.06649902
   0.03690162]
 ...
 [-0.05163801  0.02642658  0.02754501 ...  0.04976292  0.03835901
  -0.06714571]
 [ 0.01544473  0.03171046  0.04295185 ...  0.0004313   0.00021468
  -0.01464081]
 [-0.083391    0.04565559  0.063249   ... -0.02849643 -0.08088046
   0.03795661]]
[-0.59536912 -0.61433026 -0.39571745  0.78931907  0.22236976  0.46018711
 -0.16420481 -0.54945421  0.71168861  0.39872146  1.18366917 -0.25157379
 -1.10556509 -1.00933218 -0.66864959  0.65085606 -0.04547514  0.38086153
  0.23362656 -0.23614684  0.54316771  1.64678593  0.01971766  0.28007446
  0.43874662 -0.4490584   0.01434063 -0.39527428  0.44933241  0.28196831
  0.89640311  0.31829708  0.85530931 -0.27919115 -0.87564909 -2.40389049
 -1.37549096  0.37819066  0.77649364 -1.06125068 -0.20868789  1.25836471
 -0.05044153  0.13374124 -1.24168428 -1.59675643  0.30339685 -1.32177168
  0.38623194 -1.14148616  0.60157452  0.27527904 -2.01672674  1.19365573
 -1.81655694  0.92304996  0.8315801   0.43776931 -0.23892194  0.55374166
  0.80499714  0.42144252 -0.45029375  0.06022324]
[[ 0.18615848 -0.01685781  0.12205036 ...  0.18836576 -0.12633542
   0.32363144]
 [-0.05947612  0.12295516  0.10400268 ... -0.00240318 -0.10096628
   0.11989574]
 [ 0.22097915 -0.05479313  0.08535761 ...  0.1496598   0.03727214
   0.21250963]
 ...
 [-0.12813075  0.21768976  0.04790716 ...  0.10017134 -0.22251357
  -0.13792479]
 [ 0.13480843 -0.16053513 -0.18540768 ... -0.09722133 -0.12415196
  -0.18119829]
 [-0.02464524 -0.00099643  0.00857517 ...  0.12707973  0.19824882
  -0.05848449]]
[-0.51367554  0.00818637  0.77733924  0.14664023 -0.01357556  0.28896488
  0.01013243 -0.08137708 -0.25278232  0.3336231   0.18585939  0.01793882
 -0.19316896 -0.05896419  0.34170867 -0.24359064  0.1928166   0.24441733
 -0.31009629  0.26604572 -0.37413114  0.73765794 -0.13254179 -0.12689771
  0.71460897  0.60437932 -0.31033626 -0.05145333  0.12769298 -0.37483842
 -0.12149812  0.65902793 -0.15036451 -0.68293159 -0.3395659   0.02430433
 -0.54072589 -0.06316602  0.26820624  0.30882373 -0.12922971 -0.18728522
 -0.48187215 -0.20917015  0.06768438  0.12640534 -0.50364367 -0.11513738
 -0.64666296  0.25467835  0.20010318  0.16343282 -0.15540086  0.14969638
 -0.28192541 -0.30288489  0.16291939  0.10639638 -0.28609081 -0.19311153
 -0.83440201 -0.00999669 -0.17098208 -0.15896644]
[[ 0.21423883  0.01796928  0.28232872 ...  0.0247431  -0.03376139
  -0.00883467]
 [-0.12691434 -0.07515137  0.12749284 ... -0.32215287  0.03386139
  -0.10154623]
 [-0.18839893 -0.09449868  0.35485478 ... -0.27236057 -0.02056346
   0.2168422 ]
 ...
 [-0.31425704  0.02236815  0.03771683 ... -0.02419085 -0.0052951
  -0.2041022 ]
 [-0.0766836  -0.18933672 -0.4362374  ...  0.13174527  0.00438261
  -0.09133103]
 [-0.29298195 -0.07314898 -0.12217738 ... -0.09110308 -0.08203664
  -0.25273277]]
[-0.0205914  -0.33805619 -0.47116243 -0.94696134  0.00804014  0.35877087
 -1.08301899 -1.12270013  0.40598021 -0.55299145  0.37297436  0.41843129
 -0.19822263  0.33633864  0.0351485   0.50673317 -0.01317101  0.15976465
  0.26244978 -0.04150144  0.22885983  0.34753001 -0.64056559  0.25818641
 -0.08981801 -0.75231038  0.22737813  0.2319307  -0.01197014 -1.24975654
  0.096877    0.3700615  -0.69175167 -0.13145226  0.67430613  0.79048253
  0.9337289  -0.57936752 -0.66296417 -0.34016312  0.33772947  1.35067498
 -0.28543628 -0.11491279  0.86100679 -0.46457438  1.23003586]
