[[-0.06449135  0.02860191  0.08089238 ...  0.00358797 -0.02470429
  -0.05310613]
 [-0.0312741   0.06175914 -0.07450042 ...  0.01176623  0.05975996
  -0.00861972]
 [-0.07690339 -0.00330535 -0.06364037 ... -0.06339556  0.06178319
   0.0267806 ]
 ...
 [ 0.02210328  0.00405359 -0.00419499 ... -0.0452605   0.0703417
  -0.08062126]
 [-0.03978266  0.07712956  0.05972483 ... -0.01571666  0.07722989
   0.00015196]
 [ 0.03784382  0.06558136 -0.06822818 ...  0.04424352  0.04227984
  -0.04907689]]
[-0.25933446  0.06952587  0.07038861  0.02891527 -0.08646891  0.09696409
  0.01748402  0.14654622  0.07077881  0.01609304  0.05754001  0.09889156
  0.01199857 -0.14805746 -0.13571297 -0.12858993  0.07582954  0.01226823
 -0.00813214  0.07271779  0.01679528 -0.20749819 -0.16850745  0.02419247
  0.0881045  -0.0547423  -0.08575049  0.02769834  0.01682163  0.02094517
  0.13563101 -0.296932   -0.08893084 -0.18321166  0.02471886 -0.01863884
 -0.12286705  0.23685234  0.16368448  0.02549034  0.0922956  -0.04922949
  0.07427713  0.08531375 -0.15046053  0.01955949  0.08889648  0.2207176
 -0.07663853  0.00701106  0.19973528 -0.16006366  0.05517025  0.07643939
 -0.17184411 -0.12879872  0.14247804 -0.07678337 -0.02998724  0.19761308
 -0.09098182  0.2175874  -0.0057853   0.2157826   0.21808742 -0.00726513
  0.03941753  0.04983133 -0.12598301 -0.25271691 -0.00524231  0.15524127
  0.13656547 -0.19282353  0.02313966 -0.06316342  0.22833114 -0.03788111
 -0.01554859  0.01316489  0.26145315 -0.19920314 -0.0666777  -0.0603896
  0.01252589 -0.01190735  0.09945888 -0.14632007  0.06272681  0.17688509
  0.03847667 -0.00341394  0.21998388  0.17369955  0.05553024 -0.18592633
  0.3209205   0.07867447  0.00186275 -0.00389999 -0.10542687  0.10342213
  0.12046452 -0.18836724 -0.04035184 -0.12746457  0.01672065 -0.24371377
 -0.07447838  0.08876039 -0.20676753 -0.18936926  0.10004145 -0.026808
 -0.02884713 -0.09210962  0.19727241  0.00405422  0.15356961  0.05384296
 -0.09980936  0.26899167  0.100111    0.15501969  0.01780708  0.15441767
 -0.02468188 -0.05529986]
[[-0.10029955 -0.10133321 -0.04852182 ... -0.11988379  0.06379656
  -0.09293655]
 [ 0.03050513  0.17957064 -0.04479022 ...  0.11079031 -0.14334637
   0.11853977]
 [-0.06641778 -0.12911435 -0.10929764 ... -0.05095114  0.04817655
  -0.10181371]
 ...
 [ 0.09939618  0.02803688  0.17344423 ...  0.01169608  0.07218915
   0.0582801 ]
 [-0.06549205 -0.07855032 -0.11082604 ...  0.01143902 -0.03227288
   0.01004922]
 [-0.08729857  0.05555085  0.00705368 ... -0.076996   -0.03659158
  -0.00072538]]
[ 1.78373925e-02 -6.43635338e-02  1.23281554e-04  6.60220298e-02
  3.03035914e-02  4.48225327e-02 -9.76739375e-02 -8.50784975e-02
  2.46085448e-01  1.08251650e-01  9.08603307e-03  5.31696070e-03
 -7.21451610e-02  8.47077994e-02  3.38711576e-02 -2.49844212e-01
 -2.39840457e-02 -1.52296813e-01  1.17051051e-01 -6.73130272e-02
  5.58073550e-02 -1.32531140e-02 -1.32060510e-02 -4.25946838e-03
  4.00561401e-02 -2.43542215e-02  1.48050778e-01  9.03680076e-02
 -4.24757221e-02 -3.61741929e-02 -6.32627311e-02 -1.62953837e-01
  3.04996596e-03 -5.89049522e-02 -4.17365199e-02  2.88634352e-02
 -2.52960243e-02 -4.62688528e-02 -9.63791539e-02  9.96934237e-02
  1.17846290e-01  1.12912924e-01  3.41364845e-02 -1.84944975e-01
  3.04958229e-02 -1.20330851e-01  6.40360491e-02  7.33432787e-02
  5.40181156e-02 -2.75621025e-02  1.28829588e-01  9.78639877e-02
  9.16096592e-02 -9.92544110e-02  4.32921311e-02  2.73604957e-02
 -3.43551347e-02  1.24677098e-01  1.03254182e-01  2.40161725e-02
 -1.15277331e-02  5.29656906e-02 -7.52010471e-03 -9.75671011e-03
  2.66955233e-03 -7.96731720e-02 -4.84905666e-02  2.30948331e-02
  2.30287267e-02 -9.39558276e-03  4.38178143e-02  1.64158004e-01
 -3.65626764e-02 -1.14623077e-01 -7.79408704e-02 -1.12074883e-01
 -2.79071537e-03 -7.38417478e-02 -1.98340482e-01 -2.26902773e-02
 -1.56416701e-01  5.10077531e-02  8.08540534e-02  3.70787984e-02
  8.70813873e-02 -7.03774224e-02 -1.46128088e-01 -3.08823055e-02
  2.70969119e-01  1.33064042e-02 -6.47848566e-02 -2.11429886e-03
  1.55713962e-01 -7.47816406e-02  1.44026739e-01  9.72276256e-02
 -8.93175533e-02 -7.96225721e-02 -1.31152607e-01  7.96323976e-02
  1.13204877e-01 -6.01412691e-02 -3.47871821e-02 -7.88531487e-03
 -2.37615028e-02 -5.37085476e-02 -1.79041546e-02 -4.02358050e-02
  5.19436543e-02 -1.50143052e-01  4.09787107e-02  3.84038393e-02
 -1.21544595e-01 -5.90111239e-02  2.99412042e-02 -4.69629262e-02
 -1.32026461e-01 -1.66861033e-01 -2.54608974e-02 -8.12485063e-03
 -6.92766475e-02  4.25736365e-02 -1.14852704e-01 -3.47118000e-02
 -1.04324138e-01 -4.09822460e-02 -4.17219911e-03 -1.48715058e-02]
[[-0.1275823  -0.14969205  0.07357335 ...  0.14890866  0.04432833
   0.02682427]
 [-0.07164042  0.04148493  0.18861561 ...  0.01606628  0.10833922
  -0.01771612]
 [ 0.16279842  0.08997615  0.06629374 ... -0.08605726 -0.13156662
  -0.07434842]
 ...
 [ 0.07178612  0.07335461 -0.08906276 ... -0.09124856  0.12535599
  -0.05732798]
 [ 0.11145172 -0.09849629 -0.11882932 ...  0.03563474  0.13315664
   0.01820612]
 [-0.05776496 -0.10331106  0.03900085 ...  0.11164927 -0.15879009
   0.03433099]]
[ 0.00231761  0.0133855   0.00611369 -0.05981737  0.02959752 -0.09146255
  0.09331537  0.06716113 -0.04845133  0.0624983   0.0332065  -0.0239079
 -0.07296492  0.0305669   0.00562154  0.0276449  -0.00182488  0.05559144
 -0.04937128  0.03344145  0.00524438  0.02339587 -0.02239011 -0.08145402
 -0.02366344  0.01104022 -0.12479237 -0.06373026  0.04876191 -0.04308332
 -0.06867857 -0.13033027  0.047317   -0.01739185 -0.06106522 -0.01903016
  0.08398037 -0.1313617  -0.02231127 -0.0151195  -0.09621044 -0.0007552
 -0.15566285 -0.02431576  0.07559295  0.1060355   0.02588729  0.05493673
 -0.09833945 -0.08298726 -0.05899768 -0.03167583  0.2188296  -0.04910265
 -0.00324697  0.01290329  0.02753571  0.02292196  0.02135208 -0.00689954
 -0.12230703  0.07186885  0.06035644 -0.04241967 -0.10126561  0.02318211
 -0.04684741 -0.01495044 -0.03091908 -0.00685105 -0.04703694 -0.13731527
 -0.08631137 -0.030918   -0.0571619  -0.02111287  0.02790985  0.04609981
  0.10869844 -0.0590908   0.03373119 -0.0921822   0.02088788  0.03854728
 -0.05353247  0.10742241  0.08228508 -0.1744774  -0.01291346 -0.02082165
  0.01706113  0.05992135 -0.01797646  0.01088125 -0.07686929  0.14651112
 -0.00617387  0.10694246 -0.07198436  0.09031115  0.02189755 -0.04863337
 -0.03420582  0.02392325 -0.09646584  0.04241712  0.02333252  0.03436523
  0.01867245 -0.0784673  -0.18255058 -0.06983035  0.06933019  0.1044457
  0.09471167  0.01261053 -0.05680451 -0.00660878  0.00330111  0.10941978
  0.03074754 -0.00768041 -0.02200592  0.02486128  0.04468819 -0.05975493
 -0.04363075  0.04483363]
[[ 0.05128691  0.16730175 -0.13129161 ...  0.07272158  0.0520454
   0.08576437]
 [-0.1680713   0.07693145  0.14257786 ... -0.12161638 -0.06752644
  -0.10699921]
 [-0.14218632  0.08831202  0.0767441  ...  0.08095282 -0.02310137
  -0.04648868]
 ...
 [-0.13539643 -0.20239559  0.15236662 ... -0.12783726 -0.02154234
   0.16754731]
 [-0.12789343  0.19701973  0.1585899  ...  0.10950159  0.16025291
  -0.11838995]
 [-0.15613979 -0.07379322 -0.13117812 ...  0.15312435 -0.03310757
  -0.00364308]]
[ 1.88469403e-02 -5.16871676e-02 -4.31644354e-02  1.00590341e-01
  2.41476454e-02  6.94075705e-02  8.54267976e-03 -2.07742550e-02
  1.30593780e-02 -1.35481473e-01  9.91332488e-02 -1.69881779e-02
  1.22759976e-02  6.71586601e-02 -9.12358356e-02  5.32606586e-02
 -5.12595323e-02 -8.70921828e-02 -2.06101901e-02 -1.68008390e-02
 -1.59190957e-02  3.33073814e-04  1.83304206e-04 -8.43411368e-02
 -8.89509502e-02  1.54360855e-02 -1.41785397e-01 -5.30230014e-02
  4.59123369e-02 -4.41406909e-02  2.02606978e-02  1.41928743e-02
  5.31262945e-02  5.83318303e-02 -7.42489884e-02  5.00101367e-02
 -8.56349744e-02  4.60446225e-02  4.59647539e-03  9.01246022e-05
  3.79795942e-02  1.31770613e-02 -3.09626021e-02 -4.16773873e-02
  3.31474219e-02 -3.98866477e-02  2.73511494e-02  7.17195881e-02
 -1.35593437e-02 -1.98946193e-02 -4.63987747e-02 -7.81551194e-02
  4.99377735e-02 -3.26047645e-02 -8.12513644e-03 -1.01127719e-01
  6.05238466e-02  4.34070227e-02 -4.83072031e-03 -2.50852794e-02
 -9.96522761e-02 -7.74326989e-02  3.40213094e-02  6.18260790e-02
  6.95079081e-02 -8.90234706e-02  3.56257049e-02 -7.10260612e-02
  2.60265974e-02  4.75951838e-02  2.56860687e-02 -9.01601373e-03
 -1.37368930e-02  4.43223200e-02  5.74228173e-03  4.90513938e-02
 -9.54891586e-03 -6.13696076e-02 -5.81183811e-02  3.96046339e-02
  1.24916051e-01 -4.21809413e-02  7.94593995e-03 -7.60152695e-02
  1.95944059e-02  4.78806711e-02  4.76666332e-02 -2.66229435e-02
  2.65944649e-02  4.86964549e-02 -5.20430050e-02  4.15479387e-02
  1.09691633e-02  5.61580092e-02  5.74233932e-02  4.56377214e-02
  2.47900345e-02 -3.37735201e-02  2.98952295e-02  2.30572989e-04
 -6.58297900e-02 -9.24485182e-02 -6.09976084e-02 -6.71450390e-02
  1.17515437e-01 -6.74792840e-02 -7.31756390e-03  4.19740221e-02
 -5.02167232e-02 -9.48106354e-03  4.03350171e-02  2.89284720e-03
  1.91583778e-02  5.62376141e-02  1.09411395e-02 -3.96846630e-02
 -2.42327066e-03 -1.23620466e-01  1.66055362e-02  1.51247223e-02
 -2.16125007e-02 -6.14531646e-02  4.83835109e-02  5.37960769e-02
  4.08249934e-02 -3.01446660e-02 -5.27648014e-02 -5.33793182e-02]
[[ 0.19529746 -0.14788925 -0.10125524 ... -0.03468547  0.14136269
   0.21886235]
 [ 0.13378375 -0.14556306  0.07079064 ... -0.05111714 -0.12123019
  -0.19912047]
 [-0.0544535   0.18006319 -0.15386099 ...  0.14319279 -0.03790868
  -0.22312629]
 ...
 [ 0.12805098  0.17252546  0.15444867 ... -0.12425559  0.08933416
   0.14492888]
 [-0.14150913  0.02188598 -0.14519067 ...  0.13680776 -0.11518246
   0.10619971]
 [ 0.06006357 -0.03058227 -0.06041328 ... -0.08927276  0.13937739
   0.11265609]]
[-0.04053055  0.00581847 -0.02653287 -0.08983304 -0.01145202  0.0106605
 -0.16089781 -0.06497466 -0.05031446 -0.08536267 -0.00212489 -0.0029136
  0.03746692  0.04265615 -0.07177473  0.1350404  -0.00962047  0.0018493
  0.02354264  0.08143769  0.01965546  0.17645876 -0.07137954  0.04292242
 -0.02246335 -0.03636648  0.03779755 -0.03912697  0.06382706 -0.06132261
  0.02264883  0.06705787 -0.08369373 -0.0616925   0.10704783  0.02374742
  0.02035906 -0.06989393 -0.04420708 -0.10397567  0.03033749  0.05969865
  0.03936981  0.02810698  0.00850054 -0.04844512  0.17289092]
