[[-0.0496894  -0.06298352 -0.00702661 ... -0.01343799  0.02966221
   0.01433579]
 [ 0.07416058 -0.01037642 -0.06198347 ...  0.04848745  0.07887291
   0.04795805]
 [-0.03279549 -0.01138057  0.03791495 ...  0.05740197  0.06501002
  -0.04881447]
 ...
 [-0.04920749  0.04894073 -0.06724625 ...  0.05924154 -0.02965831
   0.06457118]
 [ 0.05671921  0.00868747  0.01604368 ...  0.05445372  0.06329885
   0.03328459]
 [ 0.00957558  0.0661773   0.03679068 ...  0.05204134  0.00408042
  -0.03053723]]
[ 0.93492569 -0.1370435   0.61848119 -0.09264838  0.67465915 -0.52323133
 -0.57543284  0.33477324 -0.44325176  0.90223064 -0.71109342  0.94926151
  0.25608252 -0.15664366  0.27879146  0.23999704  0.20205569 -0.28456204
  0.46649703  0.49305318 -0.05111669 -1.44580095 -0.10945238  0.18259963
  0.30274388 -0.7127578  -0.28053822  0.15884854  0.42075246  0.0962709
 -0.67627909  0.43174916  0.0796385   0.61085404 -0.31748816  1.15787402
 -0.91854369 -0.26987549 -0.41603219  0.20915436  0.30901366  0.94771686
  0.40567263  0.02194628 -0.29812151 -0.39437737  1.25748628 -0.51185167
  0.88630515  0.59384597  0.99035235  0.39409512  0.31588301 -0.17971324
 -0.69224229  1.28943048  0.14819838 -0.93872636 -0.77837427 -0.46621947
  0.04081492 -0.70826043  0.40466547  0.41629897  0.33821535  0.18701855
  0.04759048  0.11287834 -0.88694412 -1.68120509 -0.04030465  0.58158294
 -0.03432354  0.24558901 -0.01247833 -0.37054374  1.12120762 -0.48438676
 -1.3850826  -0.46418446 -0.26353632  0.00822936 -0.7723808  -0.03665771
  0.41347627 -0.0288353  -0.26658967 -0.49225747 -0.4110082  -0.15707068
 -0.31403498 -0.52363073  0.29178889  0.31096797  0.35484723  0.58071335
  0.51639434 -0.08599625 -1.38003235  0.23934673  0.37382782  0.3051178
 -0.97923118 -0.03999669  0.93750194 -0.10846697 -0.30884944  0.17915576
  0.58102707  0.22933628  0.23362107 -0.20913109  0.48132929 -0.92047799
  0.13652509 -0.56022629 -1.11888052 -1.01349137  0.00289344 -0.69656101
  0.81599494  1.05352791  0.25226388 -0.59073506  0.34503568  0.66871365
 -0.54352894 -0.09019478]
[[-0.0930503  -0.05726062  0.12575146 ...  0.09919916  0.04792633
   0.04823219]
 [ 0.00128554 -0.04192935  0.01688702 ... -0.04368676 -0.07860444
   0.06961175]
 [-0.11596463 -0.11263321  0.02288067 ...  0.0804005   0.07517732
   0.1147985 ]
 ...
 [-0.04774401  0.02147627  0.00965138 ... -0.10693114  0.12827726
  -0.07513398]
 [-0.09649542  0.18880695 -0.05775359 ... -0.01065663  0.11812842
   0.16409102]
 [-0.02568425 -0.01167782 -0.05988765 ...  0.06405215 -0.19051088
  -0.12163689]]
[-0.09234032  0.18713791 -0.17441025  0.02850711 -0.3038969  -0.45477337
  0.22069451 -0.36545306  0.2021536   0.16200215 -0.24747034  0.28129614
 -0.00898085 -0.06235738  0.22709407 -0.46959318  0.20189528  0.10505544
 -0.16013228 -0.14006784 -0.43729024 -0.07050879 -0.33859807  0.22135445
  0.03506692  0.21577477 -0.26575501 -0.1925578  -0.19743427 -0.28521257
 -0.03001235 -0.51595317 -0.15310054  0.2114297   0.05205889 -0.03729208
  0.37622662 -0.24570964 -0.07262244  0.14471377  0.34620766  0.17538856
 -0.07924715 -0.28052439 -0.22607602 -0.27087078 -0.00079233 -0.01512516
  0.02598933 -0.12336759  0.59590242  0.17605044  0.04924563  0.05729887
 -0.14620061  0.04027857  0.10418254  0.39015827 -0.21229717 -0.19961258
  0.12034468 -0.01718758  0.12023756  0.00174873 -0.00807843  0.16563891
  0.01411721 -0.36287392 -0.13368041  0.30829451 -0.26447652 -0.37265059
 -0.26412471 -0.10333583 -0.30843619 -0.14155157 -0.41113078  0.21073521
  0.22701805  0.04006837 -0.09192419 -0.28396716 -0.04746561 -0.27296647
  0.19629226  0.13855393 -0.4442264   0.19378546 -0.22583527  0.03336503
 -0.43162165 -0.44425721  0.2027645  -0.07413602 -0.54063973  0.19708282
  0.19684958 -0.21271595  0.03318231 -0.31374918  0.00855311  0.42005488
  0.33688637 -0.31813317 -0.29866675  0.08551658  0.24395038  0.04386709
 -0.26038641 -0.43677312 -0.16866684  0.19881198 -0.00317323  0.44185076
  0.0653359   0.07593562 -0.09050738  0.1779196  -0.23693208  0.29366922
  0.10088384  0.04387215  0.35336639 -0.00562521 -0.40765024  0.07037286
  0.02811968  0.04226761]
[[-0.14429476  0.04360678  0.10062783 ... -0.07846254  0.15260497
  -0.11315571]
 [ 0.00811537 -0.17505112 -0.10085948 ... -0.24932702 -0.15467468
  -0.06557669]
 [ 0.09432903  0.29090637  0.22637198 ... -0.02978001 -0.01447117
  -0.0862072 ]
 ...
 [ 0.00299678  0.02753075  0.11993966 ...  0.10167759 -0.1410905
  -0.17833342]
 [-0.19537087 -0.35467444 -0.23153837 ...  0.1273467  -0.30498574
   0.28575019]
 [ 0.08068565 -0.10056552  0.04621396 ... -0.13770323 -0.09926412
   0.08893863]]
[-0.03749232 -0.3514161  -0.45764341 -0.87742432 -0.00159654  0.29824341
 -1.04458097 -1.09855885  0.4980663  -0.60418963  0.3821727   0.41106411
 -0.2187811   0.26691374  0.01092186  0.4876327   0.00905558  0.1679056
  0.22538067 -0.0253665   0.25311801  0.37112584 -0.71153211  0.25663943
 -0.07198048 -0.70672667  0.29076445  0.21931695  0.02473376 -1.32739104
  0.11391963  0.38329139 -0.6926163  -0.12640635  0.68641247  0.78229208
  0.9413546  -0.65477309 -0.70422523 -0.34581144  0.33336361  1.33121798
 -0.24901323 -0.13103659  0.85095866 -0.40566235  1.24835912]
