[[-0.00804203 -0.06375765  0.00151867 ...  0.0189934  -0.03715331
  -0.03977018]
 [-0.00716628  0.07430049  0.04826828 ... -0.05251013 -0.00954374
   0.05311646]
 [ 0.04869859  0.07040242  0.07022107 ... -0.06264018 -0.02830961
   0.01408568]
 ...
 [ 0.07026504  0.06790489  0.05538878 ... -0.04234163  0.06206913
   0.03986924]
 [-0.06955415 -0.04384462 -0.02144172 ...  0.00152068 -0.01605799
   0.05090319]
 [-0.06735678  0.05773979 -0.00718177 ...  0.0700728   0.05223855
   0.06798029]]
[ 0.73436727 -0.78112854  0.53212791  0.82721371  0.50995795  0.98690427
 -1.42303332  0.15700489  0.33236056  0.68060043  0.17587681  0.27262293
 -0.35032173 -0.84204297 -0.97127383  0.44118095 -0.38302251  0.42755101
 -0.82255706 -0.10304256 -0.18367313 -0.06072948 -0.04666699  1.08684791
  0.84358389  0.66419508 -0.4117939  -1.36017064 -0.11284115 -0.61080477
  1.0727867   0.40846144  0.6619768  -0.63000507 -0.17640838 -0.62174888
  0.57073798  0.33865518  0.66065395 -0.29394324 -0.38666969  0.74549752
 -1.45643125 -0.0960757   1.08059661  0.67136356  0.9423608  -0.65761849
  0.97465223  0.32828904  0.6043198   0.42375012  0.23045332 -0.42062659
  0.28982342 -0.00769805 -0.25160305 -0.41965363 -0.30947542 -0.52064187
 -0.18811676 -0.85520303  1.03837018 -0.4507752  -1.07732836  0.47250159
 -0.58283053  0.14513221 -1.12214627  1.0305954   0.27673362 -0.18016182
 -0.04331076 -0.49411207  0.41898102 -0.69277618  0.72211744  1.31658198
  0.13802748 -0.78941943  0.2249124  -0.83727907  0.61127749 -0.28660148
  0.42318414  0.00682895 -0.32272852  0.75351699 -1.40954509 -0.63697957
  0.05743168 -0.05878618  0.85597678 -0.41201331  1.02031362 -0.27573529
  0.05577203 -0.80587735  0.82679364  0.08753461 -0.08316164 -0.06140306
  0.75358748 -0.49494017 -0.39771215  0.63688616 -0.56981969 -0.66306986
 -0.19254491  0.57197552 -0.62790796  0.48278246 -0.01549931 -0.21157081
  0.44116862  0.16632358  0.48113273  0.85077799  0.78324125  0.76049319
 -0.39776903 -0.50785078  0.36694906 -0.92909459  0.15798869  0.28092747
 -0.05311656  0.07278345]
[[-0.05639844 -0.1297557  -0.049202   ... -0.00422231  0.17661593
   0.1934283 ]
 [-0.08505316  0.12119805 -0.10884541 ...  0.13759397 -0.04537567
  -0.00610531]
 [ 0.03822339 -0.17478832  0.10792846 ...  0.15027997 -0.12345516
  -0.09605859]
 ...
 [ 0.00567401 -0.09831767 -0.16216206 ... -0.23151967 -0.08658719
   0.15904993]
 [ 0.06481824  0.02460316  0.05112659 ... -0.041395   -0.10924179
   0.15497206]
 [ 0.09416717 -0.02957259  0.12305847 ...  0.09286205 -0.08569737
   0.05166683]]
[ 0.03364779  0.101088    0.01564184  0.1171045  -0.03046621  0.04380184
  0.04028173 -0.07197891  0.04770805 -0.06135363  0.04041371  0.04122164
  0.00764394 -0.09636839 -0.0185537  -0.08592999  0.08783767 -0.02559627
  0.01581945  0.06571696 -0.15238968  0.0355391  -0.09875964  0.04598183
 -0.00268929  0.12177224 -0.04837785 -0.16649902 -0.02880409  0.06200293
  0.03108902  0.08417251 -0.06003156  0.0222857  -0.04562015 -0.01359177
 -0.01743961  0.08963623 -0.00078304 -0.05540132 -0.02231264  0.08077729
  0.05600094 -0.08081381 -0.118776    0.03536347 -0.09835312  0.0656246
 -0.01497131  0.07806561 -0.02144715 -0.01203886  0.07937633 -0.0195012
 -0.16628913 -0.1406216  -0.01634955  0.00367312 -0.17692473  0.04353971
 -0.08769677 -0.04337675 -0.1808689  -0.22357866  0.0267417  -0.14505748
  0.05961667 -0.01156545 -0.0041719   0.00501811  0.03127638 -0.09332374
  0.06938972 -0.08564448 -0.02113216 -0.02590164 -0.01060215 -0.03716433
  0.01958789 -0.06548742 -0.01371105 -0.02741541 -0.10998453 -0.02812721
  0.0142055  -0.08059201 -0.00262877  0.06804148 -0.02109972  0.04211895
  0.02239616  0.04130739 -0.0724162   0.0018435  -0.03302133 -0.10829171
  0.00285322 -0.0136781  -0.09500602 -0.04001213 -0.1041833   0.02674999
 -0.0221452  -0.03125932 -0.11222634  0.01143664  0.01289611  0.08531761
  0.09872388 -0.01288127  0.04327384  0.07264431 -0.1049463  -0.17707067
 -0.05368022 -0.01274885 -0.06772749 -0.08778454  0.11130226  0.07902152
 -0.12349515 -0.09241596  0.03008477  0.0731893  -0.0290698   0.04030535
  0.00244294  0.04365636]
[[ 0.10298052 -0.07540128  0.13192691 ... -0.10722664 -0.0373335
  -0.11312261]
 [ 0.0804417  -0.07167142  0.05938261 ... -0.08960257 -0.09527123
  -0.10510371]
 [-0.14065942  0.00827297 -0.12159178 ... -0.01065042 -0.03331675
  -0.07732514]
 ...
 [-0.08095387  0.02822418  0.06891781 ...  0.07856693 -0.05281242
   0.04130513]
 [ 0.08285435  0.08034773 -0.15130406 ... -0.0069024  -0.13704067
  -0.15835711]
 [-0.0969178  -0.14396351 -0.0516165  ... -0.14736598  0.02872806
  -0.01763042]]
[-0.06486861 -0.35000554  0.41728973 -0.10151321  0.24523791  0.26590809
 -0.21691995  0.36294509 -0.10986152  0.38134707 -0.30664957 -0.08284872
 -0.06027743 -0.15232277  0.15843118 -0.03585124 -0.04695471  0.30971198
 -0.32095341 -0.43411366 -0.32173993  0.21450955  0.14829356  0.26196301
 -0.12658676 -0.0175946  -0.09238199  0.50225974  0.32473185  0.6240695
  0.04634831 -0.01327496  0.49656581 -0.64293943  0.03487251  0.2436957
  0.30695645  0.10286622 -0.3126429   0.03058222  0.32501891 -0.3880088
 -0.09491867  0.01828991  0.05425242 -0.22023108 -0.12411256  0.25551457
  0.28951504 -0.27446102 -0.44245843 -0.31918814 -0.18754711  0.19476488
  0.38019818 -0.15937052  0.00126345 -0.04368475 -0.75959476  0.19812405
  0.36869276  0.02352649 -0.08655078  0.00847406  0.30240895 -0.28640265
  0.13503671 -0.00403786  0.02618512  0.32326052  0.05058376  0.73186866
 -0.0132745  -0.3726069   0.17292201 -0.05735522 -0.47013245 -0.01604284
 -0.34448177 -0.28642101  0.04174829  0.14783974 -0.04607927 -0.05239085
  0.02711351  0.13830698  0.14995202 -0.33905418 -0.01050814 -0.3031491
 -0.32715904  0.37652814 -0.4041674   0.11187166 -0.21242959  0.2694935
  0.11484905 -0.01518922  0.2400795  -0.62160653  0.12754099 -0.25738364
 -0.13785798  0.17743525  0.0219554  -0.31513715  0.12288236  0.11125652
  0.03369393 -0.19452287 -0.04235318  0.49519328 -0.1041904   0.19362778
  0.52198463 -0.37126751 -0.2583729  -0.13877721 -0.12760904  0.13236048
 -0.02197577  0.29951043 -0.10233426 -0.03432267  0.15043827 -0.08319894
  0.15723659  0.19985573]
[[ 0.0599517  -0.01780259  0.20439728 ...  0.0263773   0.17961015
  -0.03465372]
 [-0.15603544  0.24229541  0.0869141  ...  0.28473201  0.04358895
  -0.1974346 ]
 [ 0.12517095 -0.07456218  0.07477706 ...  0.02339059  0.01119554
  -0.10838846]
 ...
 [ 0.1589938   0.11494002  0.12375664 ...  0.10198138  0.09685407
  -0.03455957]
 [-0.0474093   0.0378593   0.20001483 ... -0.25634746 -0.05093628
  -0.14521834]
 [-0.06969512 -0.00652982 -0.02122404 ...  0.03627134 -0.23708527
  -0.03937405]]
[ 2.36604367e-02 -4.49811531e-01 -5.20339303e-01 -1.02278969e+00
  1.93927148e-02  3.65542717e-01 -1.10721478e+00 -1.33222979e+00
  7.03039292e-01 -5.85881625e-01  4.93947860e-01  5.92233996e-01
 -2.99674559e-01  3.46179304e-01  9.11550106e-02  4.83157506e-01
  1.43247265e-03  2.12291574e-01  2.63178035e-01 -9.82927699e-02
  2.66808348e-01  2.73776539e-01 -7.60022939e-01  2.51635951e-01
 -6.59468528e-02 -7.63674672e-01  3.70162604e-01  2.81011058e-01
 -2.28152121e-02 -1.60998180e+00  1.11549673e-01  4.04224060e-01
 -7.30684502e-01 -1.11379565e-01  7.08102476e-01  8.89496691e-01
  1.08071265e+00 -7.41700281e-01 -8.08433459e-01 -2.87774054e-01
  3.21189120e-01  1.51558307e+00 -3.86093071e-01 -1.32466656e-01
  9.90809586e-01 -5.54083607e-01  1.33101796e+00]
