[[ 0.03716775 -0.02570931  0.06704976 ... -0.07410993 -0.04728313
  -0.03838936]
 [ 0.00635698  0.05803387 -0.06741892 ... -0.06976959 -0.07815891
  -0.01559956]
 [-0.04898311 -0.00517241  0.05422717 ...  0.03542373 -0.0798156
  -0.0009538 ]
 ...
 [ 0.03011466  0.02090742 -0.0671962  ...  0.05568374 -0.045584
   0.05151438]
 [ 0.04416544 -0.02446374 -0.0131179  ...  0.07573196 -0.03183184
   0.03042116]
 [ 0.0467212  -0.0183953   0.00086212 ... -0.02551904  0.05675197
   0.07865505]]
[ 0.06450719 -0.22293191 -0.15367334  0.16497833 -0.1434236   0.11228846
 -0.11341735  0.15823703  0.20866406 -0.2112187  -0.22142474  0.40643773
 -0.34596554 -0.21164138  0.09141355 -0.27756691 -0.19435639  0.25172663
 -0.20866576  0.05069364  0.00327135  0.07076835 -0.13228068  0.2230999
 -0.02390001 -0.03274342  0.27546072 -0.47867068  0.07518152 -0.0729164
 -0.04391927 -0.15420176 -0.01383258  0.26795875 -0.09981496 -0.14142077
  0.09888035  0.12142202  0.09670776  0.0168444   0.16378177  0.18679157
 -0.14790289 -0.14781985 -0.27650245  0.29077343 -0.29406398  0.04187882
  0.00911045 -0.02241788  0.10884877  0.07943844  0.39793641  0.03183614
  0.32715147 -0.09428809  0.28856433 -0.25439339 -0.08997008  0.22829963
  0.0998819  -0.15096291  0.04330898 -0.23898975  0.20481573 -0.17192553
 -0.08541065  0.37888751  0.0758508   0.18316019  0.05477241 -0.25016644
  0.30384944  0.17707308 -0.18308952 -0.43085818 -0.06112383 -0.23118936
 -0.47173826 -0.36754385 -0.40389748 -0.05836478  0.01361896  0.40249659
 -0.17637531  0.0594475   0.1108127  -0.11784744  0.14852882  0.10986242
  0.14249141 -0.01670026 -0.0109345  -0.1416117   0.06374564 -0.01640235
 -0.00330728  0.18711963 -0.09265823  0.03705489  0.00152043 -0.45255638
 -0.09934529  0.17469562 -0.14905621 -0.11828572  0.1150939   0.16801428
 -0.05581458  0.28377425 -0.13992863  0.12377126 -0.42890859  0.15474987
 -0.07565532 -0.2760913   0.08860238 -0.10419595  0.02489906 -0.03487684
 -0.11349857  0.03016498  0.04658704 -0.18445119 -0.2731538  -0.04787497
  0.12816486 -0.00501497]
[[ 0.09440169 -0.04443211  0.20575442 ...  0.0590812  -0.12046738
   0.09324792]
 [-0.03279896 -0.07982142  0.09379399 ... -0.04065445 -0.03495944
   0.04854478]
 [-0.17130872  0.10435399  0.05989741 ... -0.02651921 -0.19808695
  -0.11517024]
 ...
 [-0.07925402 -0.02399255 -0.13256143 ...  0.1715559  -0.12545652
  -0.1430337 ]
 [ 0.04523501  0.08287665  0.0550784  ... -0.09463658 -0.06518125
  -0.04050802]
 [-0.03728376  0.1409518   0.15309092 ...  0.08560061  0.15973346
  -0.10625621]]
[ 0.01487697  0.09160775 -0.03057527 -0.02949577 -0.06924464  0.07956226
 -0.06722319 -0.18885353 -0.08575742 -0.03817853 -0.25911822  0.0639397
 -0.23458244 -0.02386713 -0.01987276  0.1946228   0.01838197  0.02282405
 -0.11229466 -0.05891962  0.08900551 -0.10414447 -0.07718086 -0.11147976
 -0.19200837  0.11826902 -0.10008743 -0.1003813   0.07051723 -0.05424906
  0.027337    0.16665108 -0.15406713 -0.00094531 -0.02624801 -0.19109541
 -0.15997393 -0.01162491  0.09325384  0.22787263  0.2316215  -0.0943872
 -0.04108818 -0.08069782 -0.12724212  0.08150098  0.24263904 -0.11473512
 -0.08795588  0.01454793  0.02501462 -0.14694525 -0.01639347  0.10056444
 -0.10561033  0.22491581  0.00047436  0.19826098 -0.26011877  0.08460235
 -0.0864925   0.14401253  0.10094308 -0.03768948 -0.17470863 -0.07503085
  0.1001574   0.06156426  0.00150269 -0.16090109  0.01393712 -0.14078269
  0.07560484  0.11661811  0.19248297 -0.02343205  0.05403677  0.09436421
  0.03462959  0.09990992  0.00806415 -0.14397248 -0.17265761 -0.07166923
 -0.21132233  0.05665436  0.15008419 -0.0470836  -0.13474361 -0.16550923
 -0.09467197  0.05512764 -0.1338112   0.21656323 -0.02048825 -0.24539716
  0.1367992   0.03056354 -0.04349094  0.05552128  0.1256333   0.07826584
 -0.01012359 -0.18719934 -0.08786544  0.04356008 -0.05850186  0.16946469
 -0.15806606 -0.13260678  0.03690016  0.00402541 -0.05284001  0.01245379
 -0.09820503  0.05622445 -0.07261208  0.03863004 -0.11371274 -0.08113142
 -0.24688964  0.10890763  0.13562018  0.07269995  0.01260949  0.08483673
  0.05664337  0.06956975]
[[ 0.15214104  0.18401338  0.17360711 ... -0.14364042  0.08422956
  -0.10567156]
 [-0.19606263 -0.31153349 -0.00794281 ...  0.24030081  0.03237277
  -0.08111062]
 [ 0.19329612  0.17753444  0.02969244 ... -0.04194935 -0.07041311
  -0.32585898]
 ...
 [ 0.09521951  0.08347306 -0.13025288 ...  0.04899192  0.19125874
  -0.08976636]
 [ 0.16184447  0.1396292  -0.04108853 ...  0.19163559 -0.13305312
  -0.14214705]
 [ 0.10228227  0.04355547  0.10255673 ...  0.06708394  0.02813772
   0.1433084 ]]
[-0.02392458  0.06988133 -0.09047227 -0.13249436 -0.02045084  0.0795377
 -0.20144456 -0.05437125 -0.17472095 -0.10427772  0.00995514 -0.15350084
  0.0592468   0.01436485 -0.15049936  0.1792902  -0.02910808  0.09439424
  0.13962186  0.28769173 -0.02219032  0.3779885  -0.08899524  0.04208592
 -0.08848306 -0.03613159  0.00654132 -0.10305966 -0.01806891  0.0375401
  0.03407929  0.08522555 -0.13900293 -0.12424827  0.20627049 -0.03800191
 -0.04053245 -0.08832488 -0.0610698  -0.09610236  0.03892598 -0.01378489
  0.15381634  0.02139228 -0.0557562  -0.03437121  0.24553885]
