[[ 0.03601613  0.06822129 -0.07016334 ...  0.0201801   0.06176438
   0.04958594]
 [ 0.05374238  0.06782082 -0.01498401 ...  0.08051272 -0.05819774
   0.05691748]
 [-0.07585875 -0.05647705 -0.02523069 ... -0.01197717 -0.07855293
  -0.05164419]
 ...
 [-0.07633722  0.0742712  -0.02100086 ... -0.06549158 -0.00774358
   0.04119772]
 [ 0.01362643 -0.07799452 -0.0526075  ... -0.07222785 -0.00636541
   0.04848216]
 [ 0.06621565 -0.0641712   0.05298197 ... -0.04703548 -0.0593965
   0.00895498]]
[-7.49329607e-05  2.08091562e-02  5.91889560e-03  1.55562193e-02
  5.10322274e-03 -1.33330815e-03  2.74031454e-03 -1.24421697e-02
 -1.35430936e-02 -1.41803244e-02  3.48866576e-03  3.13759973e-02
 -1.06337384e-02 -3.09385686e-02  1.97028086e-02 -2.00433876e-02
 -1.17920250e-02 -3.30648306e-02  1.03261700e-02  7.31641468e-03
  1.21107696e-02 -1.34900450e-02  1.93544439e-02 -3.56649024e-03
  4.29995866e-03 -2.86035999e-03  5.43508930e-04  7.77877379e-03
  4.06914400e-03  2.26995556e-02  1.72723094e-02 -1.06024565e-02
  1.12319822e-02 -9.81273746e-03  1.48625700e-02 -2.17634011e-02
  2.61608379e-02  4.68329990e-03  2.28021292e-02 -1.34368352e-02
 -1.20358437e-02 -1.59481160e-02 -1.29516959e-02 -2.57431354e-02
  3.94231688e-03 -2.05346546e-02  1.04090767e-02  2.00587508e-03
 -1.56260746e-02 -1.66050888e-02  1.34741968e-02 -3.51216012e-03
  4.65813386e-03  9.81512390e-03  1.87665909e-02  8.07409885e-03
  1.79546428e-02 -2.66921578e-03 -3.12909413e-02 -1.72679279e-02
 -2.32676085e-02  1.78849968e-02  1.91188741e-02 -1.36788165e-02
  8.88715391e-03 -7.11038351e-03  7.95659504e-03 -1.05758027e-02
 -1.87327502e-02  1.56828673e-02  1.37812092e-02 -6.61918941e-03
 -1.63951295e-02  2.79617467e-02  5.69468735e-03  2.63983194e-02
 -6.73991499e-04 -3.89773387e-03 -4.25811026e-03  1.64812348e-02
  1.15775867e-02  1.40257065e-03 -3.12191744e-04  2.42719959e-02
 -9.63556398e-03  1.42098925e-02 -1.63089007e-02 -1.15785129e-02
  2.07320736e-02  2.06457118e-02  1.83418307e-02 -3.21952868e-02
 -1.16458879e-02  2.42993966e-02 -8.97564595e-03 -3.80575528e-03
  2.90219419e-03 -8.97645103e-03 -1.41425492e-03  1.54536031e-02
 -2.39045221e-02  1.92308351e-02  1.01371140e-02 -9.86192025e-03
  1.55345853e-02  2.22594973e-03  2.33708885e-02 -2.65508125e-02
  1.49921478e-02 -1.38388356e-02  1.25508987e-02  4.93431561e-03
 -1.55400764e-03 -2.36661472e-02 -6.03836798e-03  3.95021526e-03
 -2.37997580e-03  2.95448552e-03 -2.38939183e-03 -1.80271872e-03
 -1.14874587e-02  3.03531112e-02  5.69412092e-03  6.44933985e-03
  6.01867830e-03  1.63516784e-02 -5.52052832e-03 -6.90344836e-03]
[[ 0.03009195 -0.00763321  0.12822145 ...  0.15186451  0.10331544
   0.04291162]
 [ 0.09288514  0.1331615   0.11022404 ... -0.04258769 -0.00133535
   0.1423195 ]
 [-0.13955412 -0.02312     0.13728821 ...  0.04572004 -0.10873252
   0.10628138]
 ...
 [ 0.03359169  0.08738672 -0.02939879 ... -0.14737668  0.03749774
   0.12161634]
 [ 0.10829662 -0.05511793 -0.05696448 ...  0.16403471 -0.03645059
  -0.15166661]
 [-0.1369578  -0.14623664  0.10977767 ... -0.07111717  0.03754873
   0.16897737]]
[ 0.003675   -0.00542814  0.03276847  0.00035423  0.00530452 -0.00488758
  0.00533423 -0.00744115  0.0062399  -0.00730706  0.00557409 -0.01109661
  0.00127219 -0.00222925 -0.00338686  0.00843719  0.00249662 -0.01491582
 -0.00035916 -0.01920488 -0.00732401 -0.01474147  0.00407578  0.00752304
  0.01690556 -0.00440805  0.00272283 -0.0136083   0.02209178  0.01226421
  0.00594486  0.01454391  0.0073521   0.01619148 -0.01087734  0.02091127
 -0.03094451  0.01170277  0.00372584  0.01240317 -0.0084236   0.00421123
 -0.0209209   0.01137475 -0.002921   -0.0009722  -0.0152249  -0.00968919
 -0.00720449 -0.02631115  0.0090587  -0.00278888  0.02283965  0.00300987
  0.01432946  0.01063775  0.00363523 -0.0215013   0.00257478 -0.00768514
 -0.0202465   0.00742209  0.00777489 -0.00036979  0.02316809 -0.00923972
  0.02205224 -0.013032    0.01024126 -0.02230466  0.00984611  0.01324209
  0.01171085  0.02263834  0.01112645  0.01044861 -0.01910795  0.01011646
 -0.01056798  0.00462854 -0.01368763 -0.02134674  0.00439807  0.02307722
 -0.01923218 -0.01357498  0.01970436 -0.01339036 -0.00228637 -0.00374601
  0.00443113  0.01006226  0.01167968 -0.00464403 -0.00738983  0.00799765
  0.00995041 -0.0085137  -0.01545576  0.003144    0.0258322   0.01603904
  0.00126933  0.00775993  0.0033215  -0.02710965 -0.03390344  0.00805651
  0.01783548  0.00664712 -0.01853884  0.01656494 -0.01264452 -0.00469064
  0.00222625  0.02246242 -0.01635258  0.0212932   0.01209493  0.02337419
 -0.00771819 -0.00303876 -0.00127542 -0.02484508 -0.00998781  0.01617739
 -0.0042044  -0.01408406]
[[ 0.01368181 -0.09257954  0.05706604 ...  0.09737092  0.08841925
  -0.07484616]
 [ 0.04541591 -0.16643998  0.02910278 ...  0.00025852 -0.06512086
  -0.0417909 ]
 [ 0.0332818  -0.00475949 -0.05009732 ...  0.14748761  0.11835465
   0.04666034]
 ...
 [ 0.13094103  0.01897003 -0.01139403 ... -0.09902043  0.10854389
   0.10017267]
 [ 0.04728273  0.05164469 -0.11025192 ...  0.00579377  0.04017746
   0.15345861]
 [ 0.07603574 -0.12871231  0.02942902 ...  0.06925706  0.06079237
   0.05083892]]
[ 3.47711312e-02  1.86550040e-02 -6.90820007e-03  4.78865905e-03
 -6.28931880e-03 -7.35331239e-03  1.29283405e-02  1.32885552e-03
  1.06086004e-03  1.22590791e-02  2.25047077e-02 -2.72167143e-02
 -3.96862460e-03  4.62249833e-03 -4.67853251e-03 -3.86390585e-04
  7.89061080e-03 -1.21618574e-02  8.44895120e-03 -1.96341902e-02
 -8.32664957e-03  2.04369246e-02  1.08001080e-02 -6.24668489e-03
 -3.37851595e-03  1.50371170e-02 -1.00079650e-02  4.52198266e-03
 -4.00894677e-03 -1.28026611e-02 -1.63557270e-02  8.26991898e-03
 -5.32630281e-03  1.15466185e-02 -1.59930055e-02  1.34116394e-02
  2.20399789e-02  1.60221561e-02  1.83360148e-02  1.88535671e-02
  7.03697536e-03 -1.46399985e-03  2.73890246e-03  1.53711279e-02
  4.80281454e-03 -2.78013745e-02 -1.20518634e-02  8.19109017e-04
  1.87068317e-02 -1.48730217e-02 -7.46061686e-03  1.20522686e-02
 -2.55801392e-02 -1.64373342e-02  7.01216430e-03 -6.49079201e-03
  2.39888854e-03 -4.76819653e-03 -4.49213088e-03  6.02347543e-03
 -1.55720689e-02 -1.31864810e-02 -1.01590370e-02  1.76749977e-02
 -1.72250719e-03  1.37714611e-02  5.40974477e-03  7.07397117e-03
  2.42371376e-02 -5.45099146e-03  3.64426995e-03 -4.32151457e-03
  4.88934879e-03  2.44505842e-02  1.06720333e-02 -1.15387683e-02
 -4.81664358e-03  3.52124078e-04  1.00203179e-02  1.26137600e-02
 -1.07509716e-02 -1.40485907e-02 -2.38556442e-03 -2.58064511e-03
 -2.05249401e-02  3.31837137e-03  1.60202014e-05  7.08591641e-03
 -1.84007599e-03  7.04005126e-03 -8.36867113e-03 -4.53735632e-03
  2.65811292e-02  5.36142646e-03 -1.39747886e-03 -3.97116538e-03
 -7.11338064e-03 -5.04039128e-03  1.24441237e-02 -6.18654655e-03
  7.25254433e-04 -3.18805409e-03 -1.89980437e-02  1.21018093e-02
 -1.83114005e-03  1.61619502e-02  1.20371057e-02 -1.39058233e-02
  1.62579077e-02 -4.73967666e-03 -1.31317306e-02  1.43605808e-02
  6.21330921e-03  7.22347417e-04  9.94490299e-03  2.96677772e-04
  4.84572796e-03 -3.39648585e-03  2.76684373e-03  9.15117876e-03
  2.39339346e-02  2.15098752e-02 -1.96863713e-02 -3.78168844e-04
 -6.65038978e-04 -1.55567033e-02 -6.84763057e-03  2.09035553e-02]
[[-0.10553429 -0.10188904  0.16517786 ... -0.01878143 -0.14911978
   0.17091898]
 [ 0.1209596   0.15664244 -0.05359374 ... -0.20521577 -0.15840887
   0.07611943]
 [-0.1511993   0.13933196 -0.08872297 ...  0.17360616 -0.07216271
   0.14972484]
 ...
 [-0.08258431  0.02896575 -0.12790384 ...  0.04084859 -0.17942255
  -0.14428719]
 [-0.18405141  0.03915822 -0.10198811 ... -0.00437849 -0.08299721
  -0.10995677]
 [ 0.14751688 -0.01989912 -0.06400504 ... -0.19109975 -0.15190739
   0.17826334]]
[-0.0190382   0.01861701 -0.00069215 -0.02075791  0.01379488  0.01833964
 -0.01053744 -0.01223072 -0.02812036 -0.00798999  0.00701476 -0.01943568
  0.00327898  0.00414551 -0.00515929  0.01282447  0.00419893 -0.00852324
  0.00118915  0.04132419 -0.00028034  0.02787078 -0.00657483  0.00145329
 -0.03251552 -0.00581098 -0.00880783 -0.01610085 -0.01622834  0.0129237
 -0.00498317  0.0092851   0.00430352 -0.01624458  0.04311377  0.00112824
 -0.01938625  0.00092374 -0.00051098 -0.01928876  0.02140136  0.00174234
  0.00414289 -0.00406582  0.00024942 -0.00401262  0.03403016]
