[[-0.03324984 -0.00753706 -0.02085162 ... -0.05670319  0.0182669
  -0.04201054]
 [-0.08501866  0.00699933  0.07556979 ... -0.0709609   0.04380618
   0.0017716 ]
 [-0.02729918 -0.02185831 -0.01040184 ...  0.03166644  0.05115296
   0.03142124]
 ...
 [ 0.02687069 -0.05060864 -0.0030682  ... -0.00498121 -0.07890782
   0.06039036]
 [-0.06910801 -0.04893771  0.01427155 ...  0.00386923  0.08270954
   0.02450272]
 [-0.01215429 -0.00313102 -0.03972795 ... -0.00452481  0.02400316
  -0.03774661]]
[-1.58822926  0.42582734 -3.20305378  1.03140052 -1.26649113  0.23768632
 -2.34388035 -0.30444019 -0.17778164 -0.19804687  1.21164275  1.49883659
  1.48350361 -0.71543237 -0.04583501  0.49371108  2.57055189 -0.8122521
 -0.49871106 -0.14098948 -1.0652551  -1.75455666  1.61829438 -0.78902145
  0.96643327 -0.37468978 -0.40695438  0.13496163  1.57325878  1.12757731
 -1.16063965 -0.11803608]
[[-0.26929802  0.06343094  0.07528471 ...  0.22642179 -0.29956013
   0.08527235]
 [ 0.075475    0.18724573 -0.04803141 ... -0.22810497  0.11452018
   0.0980041 ]
 [-0.37749312  0.27295764  0.24954561 ... -0.38548576 -0.12419628
  -0.11600944]
 ...
 [ 0.14467891  0.05162986  0.14314609 ... -0.14851495 -0.41670718
  -0.11429164]
 [-0.06001609 -0.06506766 -0.16780877 ...  0.28715109  0.01751254
  -0.15265829]
 [-0.02614591  0.10668516 -0.50320108 ... -0.02339528 -0.14559523
  -0.29510153]]
[ 0.01007155 -0.21778202 -0.15197807  0.37329184 -0.33504114  0.02510761
  0.04731455 -0.12746629 -0.00376767 -0.25929698 -0.00974175  0.0079839
 -0.01883545  0.22712879 -0.01072261 -0.30766609 -0.12600452 -0.04272183
 -0.03183232  0.17793533  0.25676616 -0.18081496  0.12597759 -0.29165576
  0.05248498 -0.08203379 -0.07894869 -0.08187575 -0.02312033 -0.1109586
 -0.06638765  0.35465489]
[[ 0.12401417 -0.00112473  0.19817196 ... -0.11352751 -0.09149692
   0.17354967]
 [ 0.00491005  0.03632096 -0.12263309 ...  0.01258677 -0.05541717
   0.01197688]
 [ 0.26408915  0.11250242 -0.13811306 ... -0.03386579  0.26691309
   0.40134277]
 ...
 [-0.15499374  0.21257188  0.17354319 ...  0.04953415 -0.23584767
  -0.26283983]
 [-0.28776971  0.07872352 -0.3672249  ...  0.08337868 -0.06951964
  -0.11294241]
 [ 0.18849006  0.17463974  0.2105761  ... -0.33723744  0.07845022
  -0.11334769]]
[-0.01424715 -0.00654343 -0.02203514 -0.03089836  0.00706858  0.01933448
  0.05298456  0.07153228  0.17510158 -0.08284737  0.02220325  0.05332808
 -0.0635576  -0.12124753  0.01243234 -0.07229879 -0.08008632 -0.02549071
 -0.02868947 -0.06372531  0.05482363  0.03332999  0.09047217 -0.14044989
  0.0950423  -0.01607969  0.00072538  0.04853923 -0.00298183  0.04214877
 -0.08840209  0.0334242 ]
[[-0.00530663 -0.14833795  0.07785586 ... -0.03790318  0.19449307
  -0.27212462]
 [-0.27168544  0.01129667 -0.02479362 ... -0.15334058 -0.06224522
  -0.47290105]
 [ 0.17359519  0.01783296 -0.06516609 ... -0.39174139  0.04156351
  -0.08892249]
 ...
 [-0.22980689  0.22877768 -0.06746628 ... -0.05913986 -0.09099066
   0.1981789 ]
 [ 0.07171339  0.06022758 -0.02196382 ...  0.24332235  0.11954712
  -0.11549838]
 [-0.1455263  -0.21100066 -0.01526234 ... -0.20279199 -0.46885048
   0.12211312]]
[ 0.1696227  -0.68505354 -0.01782622  0.6087347   0.53110814  0.06363533
 -0.07686819 -0.52052824 -0.1854962  -0.39675854  0.70726381 -0.12053434
 -0.75540981  0.15751273 -0.24026796 -0.02217692  0.91267516  0.58232058
  0.77274999  0.71426518 -0.46236941  0.44010779  0.2896421  -0.29893085
  0.44478603 -0.18079515 -0.72897455  0.19591156 -0.52562535 -0.05804134
 -0.37763525  0.72429197]
[[ 0.11367945 -0.17106693  0.02140644 ... -0.00410324 -0.42463972
   0.32317274]
 [-0.0319188   0.57542532  0.15280829 ...  0.44468105  0.26673223
  -0.34176955]
 [ 0.2476241  -0.002487    0.38775955 ... -0.06803893  0.41877574
  -0.0741606 ]
 ...
 [-0.0570557  -0.28781794 -0.04118424 ... -0.02872062 -0.07451023
  -0.21654159]
 [-0.02084328  0.26848947 -0.30095387 ... -0.16700128 -0.07633109
  -0.16356064]
 [-0.23481544 -0.02261297 -0.02979755 ...  0.03757672  0.01912115
   0.27678786]]
[ 0.05823147 -0.61283782 -0.50652415 -1.13312448 -0.04120537  0.63534452
 -1.35876348 -1.58462766  0.73912477 -0.54330442  0.6087899   0.57743476
 -0.31737903  0.40064422  0.1045207   0.67166233 -0.15185957  0.26456109
  0.26038021 -0.02869405  0.22857258  0.28524697 -0.86394818  0.30644944
 -0.03263671 -0.79655045  0.46459935  0.31476023 -0.06341047 -1.70761167
  0.24536711  0.59993548 -0.84866091 -0.12597473  0.72546844  1.03333187
  1.15113622 -0.83505231 -0.78497632 -0.3185047   0.34322359  1.49561602
 -0.44936149 -0.15110387  1.09830697 -0.80640189  1.4498055 ]
