[[-0.04677845 -0.06650855  0.05116681 ... -0.00925454  0.01460135
   0.06264305]
 [ 0.01613277  0.0590176  -0.05614812 ...  0.05037356  0.0118125
  -0.0565063 ]
 [-0.02724497 -0.02780866  0.03891469 ...  0.07722021  0.0343953
   0.03109099]
 ...
 [ 0.06034717 -0.02134494 -0.03048891 ... -0.06478024 -0.08027277
   0.03685995]
 [-0.03239668  0.0141492   0.0700302  ... -0.05739368 -0.01740888
   0.03123323]
 [ 0.05511771  0.04322653 -0.00895271 ... -0.04542658  0.00057665
  -0.07805977]]
[ 0.06145741 -0.05172565  0.0319109   0.11324344 -0.08713694  0.16946297
 -0.15074625  0.11256039 -0.11734456  0.10082974 -0.03054089 -0.04323062
  0.00183438  0.16731634  0.01921834 -0.1099424   0.0385689  -0.19308291
  0.30511271  0.037229    0.00174231  0.13108889  0.0587195   0.12433398
  0.10469391  0.15614082 -0.23610757 -0.17056869  0.00944518 -0.0122413
 -0.17568136 -0.03687139 -0.02256423  0.00780841  0.06863337  0.04421762
 -0.07518985  0.14243334 -0.00268007 -0.06625468  0.1612477  -0.12132963
  0.03992226 -0.1016267  -0.11826161  0.05295312  0.06907713 -0.26596409
 -0.10918332 -0.22075231 -0.01894999 -0.01186292 -0.00743677 -0.00501679
 -0.00733476  0.04390471  0.1170987  -0.03234676 -0.20537898 -0.06117568
  0.06778271 -0.14568987 -0.00802149  0.02518526  0.20015241 -0.02755575
 -0.06246551 -0.20342379  0.15846529  0.0203271  -0.03674635 -0.02921793
  0.23896046  0.123148    0.17225104 -0.0040311   0.04521172 -0.05862373
 -0.20006648  0.07535949 -0.07343521  0.21473024  0.00588185 -0.02409466
 -0.07605983 -0.02243724  0.02840744  0.033935    0.07276329  0.21008013
 -0.00617019 -0.11254956 -0.0445228  -0.02581238  0.06545676  0.05676069
  0.05140083  0.09255572 -0.0905503   0.15926622 -0.00936216  0.09145898
 -0.03171817  0.2000061   0.05841658 -0.19530627 -0.03542225 -0.06835319
 -0.21924665  0.20513633  0.10812362 -0.03363982 -0.00991713  0.06273573
 -0.05471581 -0.0460672  -0.029172    0.15581402  0.17161761 -0.27108399
 -0.09009146 -0.11837279 -0.03995699  0.06724523 -0.05268796  0.03959578
  0.00909675  0.12256026]
[[-0.03232872  0.01975877 -0.04291561 ... -0.14106262  0.05841515
   0.1742706 ]
 [ 0.04710338 -0.12037446  0.14921529 ...  0.0374299   0.12168892
  -0.01978254]
 [-0.02683164 -0.07158592  0.08419272 ...  0.17778925 -0.12018995
  -0.01066332]
 ...
 [-0.03256747 -0.13385402  0.0457073  ... -0.11963947  0.1188488
  -0.01914565]
 [-0.07139941 -0.14818925  0.06792238 ... -0.04113349  0.04160489
  -0.09348134]
 [-0.11375738  0.12398185  0.01241613 ...  0.09710262 -0.09435206
  -0.09888515]]
[-0.07919517  0.06270748  0.07512307 -0.04992697  0.07036696  0.01920469
  0.22726096 -0.06694296 -0.06973492 -0.10925412 -0.0575242   0.01269091
  0.11610964  0.03986183 -0.00582345 -0.1348721  -0.06600967 -0.10111135
  0.04706616 -0.05187109 -0.01128851 -0.02434277 -0.07084694  0.08683632
 -0.10070754  0.09457248 -0.02499128 -0.2169728   0.13568427  0.00887657
  0.06848474  0.02124107 -0.02962011  0.01610905 -0.03559836  0.03429111
  0.04860873 -0.04896862  0.17424775  0.05760562  0.10941668  0.04074663
 -0.0131952   0.07635583 -0.06285341  0.13284777 -0.07783195  0.00196584
 -0.01151728 -0.00646991  0.06877776  0.00433644 -0.00809963 -0.07861179
  0.04579195 -0.07049296  0.07450522 -0.0897536  -0.09849654  0.0025019
 -0.01975528  0.02067465 -0.10840903 -0.03931113  0.08928126 -0.09095967
 -0.05477935  0.04606219 -0.01956029 -0.07228287  0.04885892  0.05285561
 -0.02973344  0.11507419  0.11188629  0.08525313  0.05134332  0.01660474
 -0.02476474 -0.15725334  0.00728359 -0.11186369  0.0020712   0.02974001
 -0.07241618  0.03494072 -0.06943337 -0.04311256 -0.12415918  0.09919367
 -0.02436384  0.13854741  0.08221416 -0.01120764 -0.13929394 -0.10788433
  0.04528193 -0.03894586 -0.02142722  0.06812415  0.01386581 -0.02428015
 -0.05095994 -0.06906267 -0.06794654 -0.07846297 -0.10823887  0.05797479
 -0.04302287 -0.0408983   0.0057309   0.21814478  0.10616681 -0.01221149
  0.16676747 -0.01438997  0.01279819  0.01238983  0.0323964  -0.08077779
 -0.1066316  -0.03019593  0.01559081 -0.00173021  0.03154605 -0.01257607
 -0.13852666  0.00764757]
[[ 0.06695654  0.04558054  0.06772326 ... -0.14136994  0.14155015
   0.05402068]
 [-0.15490509 -0.07266904  0.04214836 ...  0.08036377 -0.12589268
  -0.02716697]
 [ 0.08918833 -0.03613687 -0.13889852 ...  0.05985695 -0.16066829
   0.09761675]
 ...
 [ 0.07403623 -0.03653237  0.06640023 ...  0.12453893  0.03686474
   0.0508431 ]
 [ 0.06078254  0.18126434 -0.01553457 ... -0.07716587 -0.0377288
   0.03219445]
 [ 0.06196128  0.00226744 -0.15768505 ... -0.09358465  0.10611311
  -0.06013522]]
[ 0.03563377 -0.02396     0.03570017 -0.0031215   0.02826927  0.02389813
  0.00574484  0.01721073 -0.02679828  0.13284086  0.00911283 -0.00281189
 -0.00309822  0.02287355  0.00278625 -0.06754074  0.01592542  0.03697254
 -0.01130566 -0.05486572  0.01394221  0.15279939 -0.01010821  0.06094923
  0.03631317  0.0418243  -0.00921412  0.04583237  0.04326118  0.07321225
 -0.02451914 -0.0382771   0.06063538  0.03463944  0.00647304  0.17847134
 -0.06603171 -0.04729585  0.05375578 -0.05753833  0.01384683 -0.0586397
 -0.10976493  0.03185806  0.00630615 -0.0667944  -0.01195828 -0.0505759
 -0.02900706  0.02867505 -0.00422343 -0.03779747  0.04362582 -0.01274105
 -0.0357065  -0.0245008   0.00769768  0.07603646 -0.06252394 -0.04590891
 -0.05473282 -0.03288455  0.03472777 -0.03854145  0.02417763 -0.07268106
 -0.03800836 -0.00573101  0.06190826 -0.02703329 -0.02800035  0.10882365
 -0.02266429  0.03050102 -0.01181166 -0.09734612  0.06368833 -0.05976518
  0.01733537 -0.02903228  0.14188861  0.08533166  0.00290136 -0.11603761
 -0.13626224 -0.03551242  0.01550226  0.03765078 -0.00842234 -0.06257194
  0.06239456 -0.00978282  0.0116887  -0.06182213 -0.05300898 -0.05169028
  0.13514273 -0.02612818 -0.01245433 -0.02212059  0.06827258 -0.00513438
 -0.08705552  0.04064629  0.02040721 -0.02825244 -0.02149809 -0.0303137
  0.02150175  0.02934598  0.06994471  0.06733328 -0.00482905  0.01103938
  0.03455886  0.02145363  0.06546151 -0.01291332  0.02152312 -0.00221895
 -0.00063047 -0.05573714  0.05639676 -0.01769902 -0.02218026 -0.02877309
  0.09348592 -0.01096416]
[[-0.19397889  0.09283355  0.02116829 ... -0.0029853  -0.10964535
  -0.10223922]
 [-0.1795461  -0.09366963 -0.19390424 ...  0.0073549   0.04099493
  -0.08796258]
 [-0.21117266  0.09644639  0.03327268 ...  0.01844172  0.1797387
  -0.09541374]
 ...
 [-0.05271733  0.05029617  0.12342371 ...  0.00643032  0.14313875
  -0.02648038]
 [ 0.02227582 -0.09893861  0.10788837 ...  0.05683874  0.05673113
   0.03281215]
 [-0.05603381 -0.10472439  0.17578238 ... -0.00877314  0.07644314
   0.15341581]]
[-2.30402559e-02  6.13619268e-02 -3.36762185e-02 -6.81838086e-02
  1.64240629e-02  4.28332814e-02 -9.96489070e-02 -2.10399914e-03
 -1.06838401e-01 -8.01249700e-03 -4.06326714e-03 -8.74564286e-02
  5.74296653e-02  1.08458268e-04 -8.24646314e-02  7.23654264e-02
 -2.19632437e-02  5.68906715e-03  4.09545119e-02  1.66891111e-01
  4.91552671e-03  1.67280328e-01 -2.17134844e-02  1.41447318e-02
 -5.69522643e-02  5.60586368e-03 -2.86969697e-02 -7.41309713e-02
 -8.29318294e-03  3.57696325e-02  2.33178829e-02  1.42040979e-02
 -3.42027634e-02 -8.05002922e-02  1.14132380e-01 -4.03398628e-03
 -1.42225065e-02 -2.99434642e-02 -4.45956786e-03 -8.39438803e-02
  1.41802949e-02 -3.70377967e-02  7.20224104e-02  1.20111623e-02
 -3.75973589e-02 -5.97033632e-03  1.17508661e-01]
