[[ 0.03905449  0.06097812 -0.05094127 ... -0.07581934  0.02270296
   0.05447761]
 [ 0.06655905 -0.08425718  0.05281086 ... -0.05592726 -0.05555445
   0.02898751]
 [ 0.00305348 -0.02935104 -0.07588914 ... -0.02514564 -0.0372485
  -0.06483368]
 ...
 [ 0.0744853   0.06801504 -0.04595178 ...  0.04520579 -0.08408967
  -0.03705541]
 [-0.05091055 -0.05150329  0.05383899 ... -0.03236404 -0.07808871
  -0.08085597]
 [ 0.02993548  0.05623463 -0.02041062 ...  0.05671376 -0.04029082
   0.05462612]]
[ 0.17642131  0.33486909 -0.37645985  0.00238518 -0.03298388  0.1501193
  0.43907566 -0.11356983 -0.09727847 -0.20041416  0.16680827 -0.26135879
  0.24602998  0.10836581  0.00227671 -0.1043949   0.04441348 -0.13084113
 -0.12146946  0.03227664 -0.11659846  0.14704894  0.29902751  0.16688386
 -0.21557893  0.21128749 -0.01466442  0.05234166  0.50212749  0.24597903
 -0.35872535 -0.19541201]
[[ 0.35844287  0.22271402  0.3369148  ...  0.10072283 -0.3078616
  -0.30054826]
 [ 0.24078989 -0.14794307 -0.04675367 ... -0.28153387 -0.31892119
  -0.26833749]
 [ 0.13037966 -0.31338469  0.28201428 ... -0.04793244  0.13353403
   0.34779517]
 ...
 [ 0.06862678 -0.10542145 -0.03287887 ...  0.02380229  0.02712133
   0.14144842]
 [ 0.09246157  0.04610351 -0.05803965 ... -0.10563661 -0.08964576
  -0.34773385]
 [-0.27245468  0.13099515  0.10285005 ...  0.2515249   0.02090391
   0.17107361]]
[ 0.06882406  0.1434768  -0.06356361  0.04555085  0.05877654  0.05577464
  0.03580439  0.23013341 -0.32103827 -0.00880465  0.02391687 -0.09151237
  0.19539871  0.06224518 -0.1589933  -0.00778642 -0.18677618 -0.10242103
 -0.07144724 -0.24628584  0.34615224 -0.32477842 -0.16782213  0.02977583
 -0.02336563  0.15296741  0.18656559  0.00923141  0.06383382 -0.1482137
  0.10130969 -0.06813166]
[[ 0.29100227  0.22852675  0.22526734 ... -0.11057666  0.20687923
  -0.11028465]
 [-0.02339745  0.2025777  -0.06491784 ...  0.00801409  0.13947567
   0.07614534]
 [-0.23747655 -0.28213974  0.21389362 ...  0.01072029  0.25442049
   0.2316347 ]
 ...
 [ 0.08765249 -0.01013541  0.10573154 ...  0.16216635 -0.01862825
   0.13053397]
 [ 0.07884957  0.10780519  0.39900741 ...  0.11078465  0.22907728
   0.01967219]
 [ 0.11366397 -0.19540309 -0.24351461 ... -0.0126342  -0.33965447
   0.20787851]]
[ 0.12382682  0.04328966 -0.00850686 -0.08486357 -0.12047354 -0.10539672
 -0.02996715 -0.13480428 -0.06162861  0.15551799 -0.08417998  0.15165975
  0.2844626   0.15565863 -0.06712778 -0.0306167  -0.01169554  0.0044588
 -0.10861098 -0.0461674   0.00258706 -0.13479858  0.22585511  0.02054345
  0.08177277 -0.15070261  0.09644429 -0.04339641 -0.05740271  0.05843329
 -0.03401045 -0.04752242]
[[ 0.1311177   0.11287305 -0.18787767 ... -0.14315542  0.13751596
   0.40929987]
 [ 0.37774404 -0.08568729 -0.27351725 ... -0.01081071 -0.30514938
  -0.09511902]
 [-0.35118168  0.06775453 -0.0667428  ... -0.01446482 -0.09581123
  -0.29010764]
 ...
 [ 0.46513234  0.1530243  -0.03309124 ... -0.11149065  0.05402987
  -0.02453802]
 [ 0.08801072 -0.10100468 -0.02403328 ... -0.19911175 -0.05612362
   0.08726962]
 [ 0.3686685   0.02083199 -0.08779937 ...  0.19976026  0.11276101
  -0.01486729]]
[-0.05097714  0.03318022 -0.03753073 -0.11827116  0.05400816  0.14548093
 -0.1418409  -0.02917109 -0.14331976 -0.0174224  -0.01366365 -0.11661786
  0.05968689  0.06005851 -0.10608816  0.04165866 -0.01392251 -0.02916901
 -0.00752012  0.18874062  0.04392133  0.21752221 -0.03968849  0.05579904
 -0.06298231  0.00829322 -0.02978314 -0.12472841 -0.0465708   0.0270306
  0.04231211  0.03835462  0.00207506 -0.13438515  0.14715749  0.05046352
  0.00787398 -0.05038437 -0.11877686 -0.09890416  0.10375159 -0.0042996
  0.10169988  0.00205018 -0.03139118 -0.07833729  0.2146274 ]
