[[ 0.04725811  0.05599526 -0.07801296 ... -0.05873272 -0.07422085
  -0.06841451]
 [-0.02168232 -0.00093318  0.04710565 ...  0.05648936 -0.04932546
  -0.00377413]
 [ 0.00955609 -0.0189727   0.06673093 ...  0.0690728   0.05311539
  -0.07426256]
 ...
 [ 0.05412662  0.00630827 -0.08403483 ...  0.06277818  0.00328153
   0.02786675]
 [-0.05186601 -0.04033743  0.07355352 ...  0.07751101 -0.07669783
   0.0803841 ]
 [ 0.03184097  0.00390347 -0.08049044 ... -0.01025368 -0.07385999
  -0.01781626]]
[-1.66138763e+00 -5.79039869e-01  3.63400758e-02  4.19830027e-01
  7.99445072e-01 -1.24650209e+00  1.81444885e-01  1.24685645e-01
 -1.31229208e+00 -5.46833537e-02  4.29590059e-01  1.59825419e+00
  8.75434163e-01 -1.01870614e+00  1.11140596e+00  3.78330530e-01
 -3.33248524e-01 -4.84043981e-01  3.62524152e-01  3.96646868e-01
 -1.06504336e+00 -1.18669197e+00 -9.50153313e-01  1.32968547e+00
 -1.32477784e-01  4.91475740e-01  1.11286768e+00  9.28056401e-01
  8.25008082e-01  1.15834706e+00 -1.01609542e+00 -7.05255948e-01
 -6.94753411e-01  5.01797033e-01 -1.98568304e+00 -5.47908282e-01
  4.02484929e-01  6.46876393e-01  8.99464207e-01  5.99210969e-01
  1.14818811e-03  7.84656341e-01  1.24610731e-02  6.72913007e-01
  1.22523091e+00  7.85918100e-01  1.04810475e+00  7.27269094e-01
  8.86418859e-01 -6.04882601e-01  3.69558446e-01 -1.37790582e+00
  4.54320023e-01 -4.04398894e-01  8.70327473e-01  1.08280523e+00
 -1.72370121e+00 -1.29360860e-01 -1.59021767e+00  4.42073269e-01
  6.84385369e-01  4.05774471e-01 -1.22769039e+00 -1.72624659e-01]
[[-0.00930586 -0.14738226 -0.21524076 ...  0.17501427  0.04988609
  -0.04130304]
 [-0.06261443 -0.00935998 -0.06533987 ... -0.18932176 -0.17130701
  -0.04886563]
 [-0.1824131   0.09665834  0.10792807 ...  0.03858039  0.01113097
   0.15032804]
 ...
 [ 0.04334535 -0.02213032 -0.1613283  ... -0.131588    0.11374348
   0.19784917]
 [-0.04012558 -0.13167502  0.02421887 ...  0.25652746  0.11658625
  -0.05455642]
 [ 0.22440076 -0.14540631 -0.15630821 ... -0.11020816  0.06578299
  -0.04829402]]
[-0.05629725 -0.02364865 -0.06978783 -0.06976444  0.08436137  0.04180457
  0.1342752   0.02231757 -0.03471275 -0.15325136  0.08814167 -0.18559727
  0.15430786  0.17774444  0.03443361 -0.14079009 -0.08172819 -0.06499706
  0.06922671 -0.05568953  0.02937686  0.10590669 -0.24771001 -0.05071697
 -0.01059849 -0.12035799  0.11273367 -0.06482138  0.07332661  0.12438339
  0.18769538  0.06356534  0.01562536  0.05240124  0.24201146 -0.09602006
  0.15903676 -0.07400263  0.14609118 -0.07845007  0.19229866 -0.05396562
  0.09498624  0.163707   -0.11533938  0.03394632  0.04165725  0.01267811
  0.0802432  -0.00495134 -0.16033415  0.06830169  0.06929346  0.10185522
  0.09569747 -0.07567358 -0.01401651 -0.03024595  0.13621712 -0.02504738
  0.05642115 -0.08437178 -0.1120336   0.10978259]
[[-0.05796858  0.08067273 -0.02404619 ... -0.08539871  0.0299273
  -0.24476365]
 [-0.13238869  0.11058298  0.19205542 ... -0.01309677 -0.15748772
  -0.14960754]
 [-0.0343159   0.05148767  0.14681063 ... -0.03868176 -0.12798892
  -0.20752133]
 ...
 [-0.12024481 -0.12904609 -0.17482709 ...  0.04379665  0.07027928
   0.17641167]
 [-0.08755359 -0.16511151  0.17915569 ...  0.03068023 -0.04732084
  -0.13546955]
 [ 0.14480207  0.21434313 -0.18133305 ... -0.09835118  0.18767661
  -0.21849932]]
[-0.58149773 -0.25604955  0.35406195 -0.0479876   0.28096389 -0.33521355
 -0.37221042 -0.10508416 -0.24189687 -0.64506623  0.33803838  0.45965178
  0.10829998 -0.00801847  0.52299331 -0.16213273 -0.12749041 -0.19490052
 -0.94012818 -0.05911066 -0.01619369 -0.03507366 -0.03234592 -0.02071217
  0.7113376   0.23960397 -0.31976291 -0.1738998   0.09054111  0.78882081
 -0.18491328 -0.07167895  0.17850642  0.25600431 -0.00866404  0.47525303
 -0.09707263  0.49286127 -0.00908164 -0.12628705 -0.57621382 -0.13622314
  0.17770649 -0.29255824  0.66259557 -0.32739004  0.0446499   0.75979181
 -0.82775921  0.36600988  0.15214079  0.40634241  0.37777062  0.10600064
  0.3449306   0.40645633 -0.32476461 -0.11133699  0.72037022  0.37868631
 -0.20610531  0.3829467  -0.416131   -0.22371108]
[[ 0.11648094  0.2375545   0.05614497 ...  0.05426138  0.01289286
  -0.03083357]
 [ 0.1617703   0.2840083  -0.27617044 ... -0.23773395 -0.00914061
  -0.00279052]
 [-0.34710448 -0.14014357 -0.22876431 ... -0.03221609 -0.25674393
  -0.17143792]
 ...
 [-0.04471192  0.26982902  0.15896105 ... -0.02355222 -0.24513965
  -0.12588735]
 [ 0.36074213  0.14742688 -0.07046016 ... -0.44048699  0.13775325
   0.06878582]
 [ 0.09052546  0.06954954 -0.26146582 ... -0.32210584 -0.09190769
   0.12015181]]
[ 0.02677831 -0.4613243  -0.49871626 -1.00762871  0.04612168  0.35453423
 -1.15425023 -1.32597849  0.69191417 -0.58647636  0.47174315  0.61130994
 -0.26923496  0.37187899  0.07330329  0.54530863 -0.01062473  0.19682567
  0.23714281 -0.08668884  0.251813    0.27397851 -0.80761667  0.28653753
 -0.07550081 -0.77727448  0.32107251  0.32877896 -0.00253605 -1.57237281
  0.15143339  0.38748087 -0.76163624 -0.04874746  0.6498888   0.88794566
  1.10463572 -0.75656421 -0.77685258 -0.28962087  0.30227773  1.47496324
 -0.38397306 -0.13971725  1.0044675  -0.58269945  1.32390051]
