[[ 0.07362154 -0.0853326   0.01623588 ... -0.06221509 -0.02407079
   0.03574074]
 [-0.08215959  0.06552105 -0.05372379 ... -0.01661374 -0.00425034
   0.06267071]
 [ 0.0185207   0.02279538 -0.06327265 ... -0.01134992  0.00299365
  -0.0285988 ]
 ...
 [ 0.07973119 -0.03478589  0.04939427 ...  0.05403484 -0.05485111
  -0.04989334]
 [-0.04989127  0.02919469  0.00020277 ...  0.00583958 -0.02497781
   0.05864376]
 [ 0.00779133  0.01838125  0.04522153 ... -0.02198709  0.01855244
   0.06352625]]
[-0.02976364  0.04481319 -0.01047976 -0.06618678 -0.05128002 -0.00150359
  0.01162394  0.02541905 -0.00118743 -0.07275963 -0.00260362  0.01906361
 -0.00796174  0.03827824  0.00665486  0.00799206  0.02849017 -0.04788534
 -0.03735899  0.00093173 -0.00190056  0.00876162  0.0166277   0.0182552
  0.01754624 -0.01221431 -0.00319993  0.0407824   0.00226677 -0.01107193
  0.01185191  0.02242878]
[[ 0.20845551  0.03704912  0.15313289 ...  0.22447045 -0.05424687
  -0.25109795]
 [ 0.28328034  0.05497169 -0.2395567  ...  0.26281274 -0.23965818
  -0.05353864]
 [-0.18799016  0.04379085 -0.2358288  ...  0.0836656   0.2731313
   0.18374523]
 ...
 [ 0.27257579  0.17426805  0.09982602 ... -0.22277636  0.25981483
   0.32785481]
 [ 0.06619355  0.26069415 -0.30503716 ... -0.29981942 -0.18108212
  -0.24950986]
 [ 0.08261856  0.03059086  0.00382116 ... -0.19917928 -0.10855342
   0.01491087]]
[-0.05101153 -0.00553756 -0.01386473 -0.01205462 -0.02590032  0.01675132
 -0.00468227  0.04168831 -0.00679343 -0.03846077  0.01529731  0.03209508
  0.00728394  0.00657728 -0.01166904  0.00553295 -0.03265049 -0.01454304
  0.00849386 -0.00628356 -0.0130229  -0.00316649  0.02973541  0.04877808
 -0.02592008 -0.01965608  0.00660947  0.02948609 -0.00492486 -0.00518193
 -0.02243295 -0.00121119]
[[ 0.2100855  -0.25397448  0.02895698 ...  0.29918554 -0.22875528
   0.00081404]
 [ 0.23902891  0.14859188 -0.25768446 ... -0.22636765 -0.20715918
  -0.11818964]
 [-0.01376418  0.13477234  0.00653509 ...  0.1480719  -0.28802907
   0.29283814]
 ...
 [ 0.19594014 -0.24630656  0.15699751 ...  0.11429951 -0.09760587
  -0.04395266]
 [ 0.31486551  0.09831324 -0.04694309 ...  0.01447005 -0.04593051
   0.31353205]
 [-0.03742864 -0.10538948 -0.0297992  ...  0.24456177  0.00222438
   0.06310123]]
[-0.02334057 -0.01976318  0.00486062  0.00175481 -0.0100251  -0.03563683
  0.00990078 -0.03528317  0.0220421  -0.04161336 -0.00829699  0.0069996
 -0.01195254  0.00532608  0.00456577 -0.04125655  0.00012027 -0.01909616
 -0.01701683 -0.02394252 -0.02866939  0.01108037  0.02277583  0.01302235
  0.0069085  -0.00529488 -0.00191852  0.01086319 -0.04518899 -0.0074547
 -0.01952357 -0.00574323]
[[ 0.1171204  -0.10356791 -0.13100968 ... -0.22538163 -0.0489513
  -0.28784021]
 [-0.17255183  0.15455823  0.25990305 ... -0.19897467 -0.05385849
  -0.05465164]
 [ 0.19021642  0.09045106  0.11714649 ... -0.16643012 -0.14625441
   0.18468447]
 ...
 [ 0.16985028  0.11585649  0.00439767 ... -0.25003007 -0.12295917
   0.28753279]
 [ 0.02984527 -0.17892199  0.34307629 ... -0.16358087  0.01498913
   0.20004327]
 [-0.05655883  0.00617041 -0.37494698 ...  0.19218434  0.37968871
  -0.21443042]]
[-0.02326835  0.01928289 -0.00855777  0.0340915   0.03103877 -0.001595
  0.00312336 -0.01174254 -0.01909097  0.01034401 -0.03170371 -0.01033124
  0.03801119 -0.02508902  0.01030359 -0.00077084 -0.02459631 -0.04711128
  0.00556613 -0.02176389  0.00964461  0.02210878  0.00286891  0.0241875
  0.04871667  0.00399791 -0.00238042  0.00926984 -0.00559568 -0.02487354
  0.01843988 -0.03495057]
[[ 0.20922521  0.17577354  0.25219334 ...  0.03875577  0.15421677
   0.26601948]
 [-0.22081924  0.04418793 -0.16520379 ... -0.21187603 -0.05201853
   0.17498802]
 [-0.12550676  0.09634119  0.15153391 ...  0.11097017  0.25389365
   0.10705385]
 ...
 [ 0.16882472  0.05188988  0.04609215 ... -0.0102847  -0.03556198
   0.09198022]
 [-0.14135687 -0.28622026  0.19763523 ...  0.06108751 -0.27683284
  -0.19275064]
 [-0.10032174 -0.02036777 -0.21917088 ...  0.16016862 -0.01844208
  -0.13067617]]
[-0.01865523 -0.00013035 -0.00705441 -0.03431002 -0.01123046  0.02161946
 -0.02507126 -0.01815992 -0.01852862 -0.01181655  0.01243741 -0.02878983
 -0.01960283 -0.0297725  -0.03557765  0.06017784 -0.0223684   0.01599805
  0.00169099  0.04682595  0.02115397  0.02862151 -0.07181624  0.00400035
 -0.0071145  -0.0002953   0.01051074  0.00915913  0.00777268  0.00542548
  0.00417014 -0.00205191  0.00748405 -0.0014119   0.00586503 -0.02216081
 -0.00324463  0.00686052 -0.02959139 -0.012766    0.02707564  0.02872051
  0.05125345 -0.0010251   0.0059834  -0.01256497  0.0623045 ]
