[[-0.04762921 -0.01855577  0.03408062 ... -0.00329438  0.03566512
   0.02146455]
 [-0.00961862  0.06193595  0.04208916 ...  0.07957602  0.018654
  -0.06366352]
 [ 0.07356136  0.06575483 -0.05824757 ...  0.07943852  0.07818346
   0.063632  ]
 ...
 [-0.02130427  0.05222166  0.00246565 ...  0.01973246  0.04544458
  -0.02825311]
 [ 0.03962133  0.02021543 -0.06431082 ...  0.02433359  0.02654333
   0.07524239]
 [-0.02258977 -0.02982603 -0.04724829 ...  0.05525518 -0.0266449
  -0.06893613]]
[-1.54933037 -0.17305847 -0.22748046 -1.28088522 -0.81130359 -0.13756082
 -1.00306414 -0.00951185  1.03700079 -1.2403586  -0.18266507 -0.22746882
  0.28056829 -0.32519052  0.84599053  1.46756951  0.14836577 -0.25335166
 -0.41259674  0.39841922 -0.15769545 -0.42480274 -0.55160608 -0.05937203
 -0.73407515 -1.36900729 -1.98625006  0.09245494  0.32581329  0.28758656
 -0.77230982  0.01979033  0.26643552 -0.02364195  1.50290325  0.22023511
 -0.50286272 -1.17957859 -0.18487821  0.67273681  0.1656778   0.09387495
  0.37062779 -0.7937468  -0.76320777  0.10262963 -0.00543641 -0.24653514
  0.25199255 -0.04952287  1.32723363 -0.82023998 -0.26428756 -0.2396553
 -0.2434579   0.02360475  0.43265379 -0.51255641 -0.28544365 -0.48178111
  0.80002736  0.40367192  0.9943456   0.83060137 -0.67017135 -1.3124271
 -0.93254524  0.49694389  0.18249189 -0.80927418  0.41378154  0.36704576
 -0.30805644 -0.38905201  0.07957426 -0.16415905  0.00318223 -0.47279892
  0.58364557 -0.59922016  0.1568367   0.23397347 -0.08249493  0.01601408
 -0.12230456  0.59143169 -0.15939451  0.7066111   0.30335578  0.49359412
  0.36583424 -0.23873121 -0.33523415  0.88704553  0.15352728  0.95034941
 -0.73829295 -0.05747308 -1.0681458   0.06165708 -0.07665095 -0.19214386
 -1.04801665  0.26626552 -0.43822778  0.68649834 -0.60252638  0.30974951
 -0.77925224  0.38321565  0.07955947  0.53212619  0.04474322 -0.4584138
  0.81397797  0.19333907  0.90810926  0.78528416  0.22880228 -0.13238078
 -0.54346099 -0.15157215 -0.30709722 -0.15936928  0.59206525  0.42391904
  0.91801315 -0.39169317]
[[-0.11503802 -0.03474311  0.01388415 ...  0.0469899   0.10903863
   0.03624149]
 [ 0.06449402 -0.08928122  0.04904579 ... -0.11680208 -0.02947671
  -0.06865896]
 [-0.13747075  0.07105443  0.12456179 ...  0.05811244  0.06940591
  -0.0347063 ]
 ...
 [-0.12454449  0.02242622 -0.03766731 ... -0.034011   -0.01718758
  -0.02390536]
 [ 0.04719663  0.08931235  0.03472739 ... -0.08556795  0.08306496
   0.06519614]
 [-0.02324942 -0.02619374  0.09984109 ... -0.08596025 -0.05270353
   0.06593166]]
[ 0.02813281 -0.129692    0.14109242  0.01481569 -0.16093678 -0.01951459
 -0.11278307  0.1176793  -0.10635262 -0.21364507 -0.15025576  0.06140115
  0.09395648  0.02517226 -0.03216062 -0.01453856 -0.06824421  0.04985284
  0.01414081  0.05700265  0.01664858  0.05783185  0.00128163  0.07469815
  0.04920695 -0.00970086 -0.0071404  -0.03077794  0.08707267 -0.04678054
 -0.02364847  0.1415133   0.19311395 -0.1122883  -0.06310294 -0.0474197
 -0.10314039  0.02218777 -0.10613742  0.03013705 -0.01337018  0.02943808
  0.1067181  -0.01216575 -0.03632147 -0.12696226 -0.1459939  -0.05319525
 -0.03577572 -0.04357764  0.14050535  0.15523713  0.1240771   0.07364214
 -0.02901077 -0.01537786 -0.03350969  0.04460172  0.05515377  0.11877729
 -0.06806552  0.00259181  0.06802957 -0.10333336 -0.05539639 -0.01084729
 -0.04314038 -0.00887246  0.10415599 -0.0148274   0.03488972  0.13025213
 -0.06802226 -0.01894394  0.03335985  0.02090692  0.09235186  0.0377581
 -0.04753056 -0.08935232  0.03098299 -0.08912115 -0.01081845 -0.03241644
  0.06993447 -0.05517482 -0.08489635 -0.09364948 -0.00067363 -0.05279332
 -0.06212612 -0.05532296  0.00149074  0.03782899 -0.073976    0.02729511
  0.13870859  0.05076872  0.06523333  0.00800059 -0.01760308  0.02029265
  0.03291402  0.04669496 -0.01552651  0.00574653 -0.09743292 -0.0361375
 -0.06481196  0.13761947 -0.01975115 -0.06208723  0.04062368 -0.04797622
  0.08511837  0.01505825 -0.07166023  0.12429916  0.05044046 -0.10552073
 -0.0988929   0.1205761  -0.08205432  0.05566167 -0.05559961 -0.02493711
  0.05681639  0.00081816]
[[-0.00596245  0.0169833   0.13322145 ... -0.09826961  0.07049197
   0.03299466]
 [ 0.14496156 -0.05177954 -0.07700058 ...  0.10660793  0.13629195
   0.008537  ]
 [ 0.00108914 -0.03080577  0.07077892 ...  0.10436489 -0.0182126
   0.01188417]
 ...
 [ 0.11083669  0.02361349  0.12043356 ... -0.00805953  0.05086771
  -0.10802928]
 [ 0.14196908 -0.0772075  -0.0240716  ... -0.04680086 -0.1441595
   0.14351348]
 [ 0.08908894 -0.01882865  0.02107391 ...  0.09000234 -0.03258415
  -0.2023995 ]]
[ 0.01165818  0.00112145  0.01370533 -0.02421302  0.04555267  0.00432847
  0.00589969  0.04222416 -0.01876735 -0.05925668  0.01963875 -0.03502718
 -0.0016703   0.05131826  0.05189778  0.01284984  0.04058981  0.02088814
 -0.02534446 -0.01521606  0.03530215  0.04930818 -0.0350105   0.03053816
  0.0327327  -0.03911079  0.01531207  0.0346637  -0.02107177 -0.06863299
  0.04403501  0.02335559 -0.01152242  0.02429143  0.0242431  -0.0259983
  0.00571803  0.01795419 -0.01560973 -0.02400921  0.0377171   0.03654105
  0.04095398 -0.04829188 -0.03892205  0.02208177  0.02723752 -0.07489178
  0.03505021  0.01175567  0.04248826  0.00261977  0.00466259  0.01148562
  0.02997123  0.03310083 -0.07648677 -0.01375398 -0.02273878  0.01996869
  0.00450252 -0.04715087 -0.06092108 -0.01380303  0.00201116 -0.04918196
 -0.00716009  0.03615573  0.03314012  0.00588043 -0.08689392 -0.0350108
 -0.04135065  0.00998108 -0.02695253 -0.0167212   0.04460511  0.02748378
 -0.054689   -0.01037664  0.02520189 -0.00085038  0.0155017  -0.04491026
 -0.03462969  0.00783685  0.03771641  0.07025588  0.07201652  0.04481583
  0.0114634   0.0014082   0.04689486 -0.02241449 -0.04691605 -0.00264511
 -0.03867316 -0.00691334  0.01908067 -0.01441686 -0.00044605 -0.00572459
 -0.00107958  0.05682702 -0.08175519 -0.00749948 -0.00033932  0.00058292
  0.02035057 -0.0405976   0.04221185  0.07407073 -0.0125392  -0.00025747
  0.00912615  0.01227356  0.00584756 -0.0199027  -0.04889226 -0.02973755
 -0.00061909 -0.0379011   0.03702868 -0.01374643 -0.03111015  0.01746392
  0.01090793 -0.02806824]
[[-0.0179291  -0.07673716 -0.13117752 ...  0.05016333 -0.05624487
  -0.00129104]
 [-0.09405296  0.04251706  0.05778321 ... -0.09959148  0.07657832
   0.00134481]
 [ 0.05059175  0.08749323 -0.0757029  ...  0.09717768  0.00518105
   0.10270592]
 ...
 [-0.07700364 -0.07270221  0.13452425 ...  0.03374302  0.04467119
   0.12696298]
 [ 0.04367279 -0.0671696   0.04674139 ... -0.11553823 -0.04241371
  -0.0209134 ]
 [-0.05084853  0.09483122 -0.0611097  ... -0.0986494  -0.08629943
   0.06097082]]
[ 0.26381651 -0.13253249 -0.18387034  0.48211837  0.1126774  -0.10916596
 -0.23780022 -0.08195538  0.03912248 -0.40790242  0.16692148  0.23454747
  0.21379171 -0.18619984 -0.05842038 -0.12770137 -0.21970712  0.11444911
 -0.10886973  0.2630549   0.50334087 -0.07662752 -0.36523475  0.03267316
 -0.4798113  -0.32519962 -0.32476093  0.01609039  0.05283318  0.09688225
 -0.16902235 -0.10947172  0.06337558  0.32039225 -0.19818416 -0.17083926
 -0.24709096  0.24039338 -0.21323686 -0.20201923  0.26761749 -0.17858156
  0.09881739  0.22066539  0.19091549  0.31104015  0.02838431 -0.14078178
 -0.26288697 -0.01286049  0.21895005 -0.01711571  0.07659983  0.0348866
 -0.32010214 -0.34361146 -0.05901815  0.43774138  0.30301532  0.23003995
  0.34189663 -0.55524903  0.11655387 -0.1668593   0.31790356 -0.02225226
 -0.40601053  0.09669327 -0.10241995 -0.3846269   0.44091633 -0.64824558
 -0.10185803  0.26530231  0.07961631  0.33663471 -0.13775317  0.1465933
  0.36266726  0.20936395 -0.15208092  0.04095966 -0.05777984  0.24133736
  0.48872079  0.31101314  0.23663405  0.17495458 -0.05807233  0.19113588
  0.04473139  0.53285932  0.01812766  0.63076318 -0.320734   -0.24579476
 -0.08897001 -0.21952887  0.31716788 -0.04362861  0.15481807 -0.19717298
 -0.29582193  0.10439415 -0.16111704 -0.34717402 -0.30776427 -0.01708588
 -0.01909406 -0.06978588 -0.3400235  -0.25285453  0.09718601  0.30371879
 -0.04077793  0.07642414 -0.03368947  0.4113519   0.13264451 -0.18923062
  0.32637219  0.06047745  0.48605513  0.08245758  0.01958518  0.11766788
  0.03968551  0.00303227]
[[-0.07083971 -0.04017689 -0.22741575 ...  0.11066802 -0.1434024
   0.07393822]
 [ 0.18108483  0.10647094 -0.01133436 ... -0.01667533 -0.15620953
  -0.0161413 ]
 [ 0.32752102 -0.14084468  0.01371167 ...  0.29055865  0.1158493
  -0.15104909]
 ...
 [ 0.07130342  0.06099451  0.04668369 ... -0.02418276  0.03497729
  -0.04946188]
 [-0.04323096  0.06528311 -0.13977095 ... -0.11255596  0.0723478
   0.21569501]
 [ 0.16664552  0.05815998  0.00265388 ... -0.10928024 -0.03436972
   0.13830728]]
[ 0.01498039 -0.50717467 -0.49020306 -1.09011684  0.05867696  0.41132294
 -1.19154182 -1.44414332  0.81861261 -0.633231    0.51755812  0.67373617
 -0.29569118  0.35943077  0.14903836  0.48181985  0.01421966  0.2769244
  0.21892707 -0.07200395  0.27598021  0.2735862  -0.83481797  0.24889786
 -0.05309198 -0.75411143  0.40391257  0.31726801 -0.03754883 -1.74765286
  0.12151857  0.41609091 -0.78207933 -0.07354217  0.68839583  0.93341335
  1.17085591 -0.85319301 -0.84453804 -0.27468406  0.35223451  1.56309
 -0.45198503 -0.15224946  1.0458495  -0.62276532  1.40002461]
