[[ 0.00253753 -0.04931266  0.07446984 ...  0.07500635 -0.04897098
  -0.00343382]
 [-0.04897749 -0.00056255 -0.06647139 ...  0.04530671 -0.04765002
   0.02611423]
 [ 0.04699779 -0.02084135  0.01795489 ...  0.08436894 -0.05341749
   0.07013567]
 ...
 [ 0.03579872  0.0686059  -0.03977896 ...  0.03096779  0.08215864
  -0.0522034 ]
 [-0.07718033  0.03149441 -0.07336962 ...  0.06865203 -0.08336789
  -0.0776243 ]
 [ 0.06154535  0.04862056 -0.02026842 ...  0.02206724 -0.0669968
   0.0343366 ]]
[-0.20420619 -0.09052141  0.2449683  -0.66224094 -0.14801499  0.00191048
 -0.52612467 -0.08996183 -0.19945237 -0.1715479   0.08001857 -0.48693598
  0.05527626  0.14858565 -0.03414551  0.04276581  0.23410276  0.07643416
  0.09127521  0.15591212 -0.14824318 -0.10351449  0.13490983  0.27570483
 -0.08869617 -0.01877744  0.08465169  0.13801223 -0.0794469  -0.10420689
  0.27016517 -0.40219501]
[[-0.18470434 -0.35880445  0.28259771 ... -0.15595657 -0.00054699
   0.10975522]
 [-0.39215061  0.30888419 -0.1079122  ...  0.03256843 -0.07757723
   0.12277217]
 [-0.36176591 -0.23309964  0.51126076 ... -0.07021068  0.26106997
  -0.45450376]
 ...
 [-0.21800126 -0.06020192 -0.24225702 ... -0.01228233  0.477565
   0.25954455]
 [-0.31060046 -0.08847599  0.20908559 ... -0.07322803 -0.37778612
  -0.50633465]
 [ 0.33345255  0.44146043 -0.05736095 ...  0.20395966  0.01748553
   0.15633206]]
[-0.07168483  0.08356742  0.18533166  0.0601613  -0.05080436  0.23744332
  0.11888599  0.23842183  0.35028328 -0.02241839 -0.02589419 -0.11195731
  0.07862277  0.07230358  0.07553132 -0.06031806 -0.02741498  0.04198748
  0.07634598 -0.01030792  0.17509253 -0.08897807 -0.26199942  0.09374625
 -0.09110419 -0.11055947  0.04261871 -0.07283153 -0.12770699  0.02212635
  0.34275767 -0.16462112]
[[ 0.29365717 -0.18587583  0.00408153 ... -0.02544338 -0.33183847
  -0.13483168]
 [-0.26442369 -0.16992062 -0.02727191 ... -0.17906065  0.29670464
  -0.20312923]
 [ 0.08830685  0.24971638 -0.17208293 ... -0.01387654 -0.31381542
  -0.04401385]
 ...
 [-0.06857394  0.03873715  0.04208039 ...  0.18220763  0.07664792
   0.0240552 ]
 [ 0.44852792 -0.18731494  0.3533517  ...  0.26935476  0.10915179
  -0.23350767]
 [-0.21422016  0.01754753  0.02616099 ...  0.19583168  0.42103551
  -0.33645174]]
[-0.05207754  0.07502382 -0.02677024 -0.12979978  0.01037232  0.10405383
 -0.13422909 -0.03866392 -0.17658116 -0.05417856 -0.01422606 -0.09677436
  0.03835702 -0.00411465 -0.08505411  0.13355409 -0.07369308 -0.02246912
 -0.01018845  0.31684243  0.02528561  0.24965192 -0.04199062 -0.03004265
 -0.08012284  0.04567476 -0.052826   -0.10770893 -0.03019515  0.0983875
  0.03755167  0.02510854 -0.02891599 -0.1088702   0.17151084  0.03880369
  0.0129665  -0.08789217 -0.03414728 -0.15364714  0.05991603  0.02238575
  0.10601876 -0.00454081 -0.0884587  -0.02551451  0.22222801]
