[[-0.06574399  0.07357842 -0.03390025 ...  0.07290504  0.01486062
  -0.0795424 ]
 [-0.0211072   0.03211747 -0.07688757 ... -0.03189544 -0.06083073
  -0.05431615]
 [ 0.06932995 -0.04484122  0.02799194 ... -0.07129429 -0.00257309
  -0.07076784]
 ...
 [-0.0306973  -0.00737571 -0.03885858 ...  0.03655648  0.00140111
   0.03151249]
 [-0.05222698  0.04423457 -0.02270706 ...  0.02307059 -0.0402457
  -0.07411722]
 [ 0.06273733 -0.07954446  0.0602398  ...  0.02617516 -0.07364172
   0.01453461]]
[ 0.09217564 -0.14082302  0.04318462 -0.10088248  0.14355326 -0.24505146
 -0.13555854 -0.01907259 -0.05572539  0.05607611 -0.24146333 -0.01863143
  0.23883351 -0.06817077 -0.0986487   0.0323753   0.03675522  0.05498021
  0.0894764   0.03678534 -0.20254499 -0.01504334 -0.01985448 -0.11696848
  0.07133169 -0.12681584  0.10309512  0.06745136 -0.10895154 -0.05628542
  0.09275493  0.12697593 -0.01050582 -0.0074844   0.0504163   0.15427247
  0.04749788  0.06657892  0.10240007  0.18391139  0.0783979  -0.14475133
  0.28480949 -0.11454794  0.19016519 -0.15687486  0.02412014 -0.07682326
  0.11659957  0.00291152  0.06705699 -0.08822541  0.06509601  0.07460677
 -0.04955812 -0.14999446  0.04805081 -0.13422051  0.14106097 -0.03303167
 -0.04343439 -0.04257244 -0.07663812  0.16714717 -0.13162789  0.13804271
 -0.03266683  0.00734956  0.08042542 -0.13703755 -0.0929588  -0.00951637
 -0.14208141  0.20207051 -0.18007647  0.07428532 -0.16058911 -0.05114803
 -0.09159606 -0.05945241  0.01727243 -0.03258458 -0.15614095 -0.09239449
  0.09246772 -0.00615082  0.05123795  0.1510938   0.02890068  0.07741878
  0.01665781 -0.0261496   0.0641676  -0.01538074 -0.03215431 -0.15486125
  0.20971747 -0.16619956 -0.00247285  0.10403483  0.26880499  0.13493311
  0.0202437  -0.19295743 -0.03144331  0.11293354 -0.01644996  0.06156217
  0.01615774  0.08426238 -0.14926792  0.05281473 -0.17133472  0.10156907
  0.05312102 -0.01122433 -0.07694684  0.02960648  0.08989299 -0.08076743
  0.05194345  0.07886169  0.10347363 -0.09315267 -0.08436305 -0.18331404
 -0.11080437  0.11313973]
[[ 1.79083254e-01 -5.82478192e-02 -1.14234342e-04 ...  1.65716860e-02
  -3.93032265e-02  4.43444480e-02]
 [-1.03532910e-01  5.07715013e-02 -7.86322682e-02 ...  6.44557844e-03
  -1.50747412e-02  9.11204739e-02]
 [-1.24667014e-01  2.01394082e-02 -1.51627039e-01 ... -1.25199826e-01
  -1.48356099e-01  2.26292310e-02]
 ...
 [ 9.99989808e-02  6.59456716e-02  1.26466748e-01 ... -9.52600991e-02
  -2.95558304e-02  5.52389674e-02]
 [-2.89265553e-02 -1.66445931e-01 -1.50647390e-01 ...  1.92314944e-02
   9.47118182e-03  1.94507910e-02]
 [-8.67504506e-02  6.98161653e-02  1.50377589e-02 ... -5.56775752e-02
  -6.74816477e-03  1.36251060e-02]]
[-0.00804127  0.07638644  0.04041288  0.01676922 -0.01058263 -0.09268694
  0.07403601 -0.113737   -0.02903505  0.04016917  0.04712646  0.0298582
  0.09134842  0.11182602  0.05983204  0.00212163  0.04028138  0.15187225
 -0.11599314  0.08427696 -0.01081723  0.08426788  0.08710135 -0.02544359
 -0.06495886  0.05310649 -0.01530834  0.03956944  0.00464393  0.11046578
 -0.04164695  0.06471606 -0.06156887 -0.03793301  0.08729262  0.03828108
 -0.03519642 -0.03298857  0.0882423   0.14838528 -0.02565736 -0.02063734
 -0.0668611   0.06323876 -0.02661219 -0.11829375 -0.05500369  0.0959537
  0.00401752 -0.05035013 -0.12789004 -0.03943862  0.01435353  0.10140457
  0.18668124 -0.03172902  0.03540586  0.09943385  0.05170069 -0.00458363
  0.12559255  0.07973956 -0.12299357 -0.01198994 -0.10602522 -0.01309777
  0.13602189  0.07062991 -0.07899502  0.06609229  0.06150442 -0.11534053
  0.03548217 -0.00043819 -0.0245709   0.02947114  0.10559872 -0.047302
  0.08157698  0.00760664 -0.02124359 -0.00741131  0.05382006  0.00792675
 -0.02495533 -0.10097676 -0.01251439  0.00590988  0.1431079  -0.06004658
  0.04606324 -0.01796658 -0.0377758  -0.01402576  0.04433539 -0.00728475
 -0.06887911 -0.01998587 -0.01978453 -0.03906611  0.05450832 -0.03714196
  0.10248674  0.197704    0.01529382 -0.03757867  0.00317416  0.05688714
  0.07358785  0.08513443 -0.13083194  0.00207946  0.0262091   0.00986755
  0.02496739 -0.13958149 -0.08094255  0.0161332   0.04851456 -0.03933481
 -0.04285533  0.07146225 -0.14884883 -0.0013772  -0.07238611  0.0120766
 -0.13768297 -0.11433355]
[[ 0.00165763  0.15051933 -0.03408842 ...  0.09516097 -0.20398889
  -0.0449232 ]
 [ 0.06129485  0.11568451  0.03673907 ...  0.02570583  0.25042875
  -0.10235627]
 [-0.18675388  0.04901901 -0.16737957 ...  0.07998379  0.18259454
   0.09538288]
 ...
 [-0.17885365 -0.07224699  0.12059362 ...  0.07609457  0.21609226
   0.01003485]
 [-0.15556996  0.20967233  0.15458311 ... -0.0785203  -0.16551619
  -0.17432441]
 [ 0.0531106   0.18533382  0.0908062  ... -0.06208218 -0.18177796
   0.05462842]]
[-3.59730901e-02  8.08981210e-02 -3.04616947e-02 -7.60769151e-02
  2.44436393e-02  6.40294812e-02 -1.17307492e-01 -2.24035853e-03
 -1.40873527e-01 -3.12686694e-02 -2.49359490e-02 -1.05864890e-01
  7.42059823e-02 -1.95472785e-04 -9.85959829e-02  7.64445076e-02
 -2.64250718e-02 -9.75568974e-03  4.22135503e-02  2.39699957e-01
  8.15863084e-03  2.48280778e-01 -2.51306795e-02  9.91078385e-03
 -6.27806782e-02 -1.31947249e-02 -3.96955126e-02 -8.72539435e-02
 -5.98992176e-03  8.91120056e-02  6.65560780e-03  6.15637218e-02
 -4.47471428e-02 -9.31878010e-02  1.39906891e-01 -1.66046467e-02
 -3.77044291e-02 -4.43529349e-02 -2.34901372e-02 -1.01344221e-01
  1.14231507e-02 -6.69928832e-02  1.28725474e-01  6.14935766e-03
 -9.91901992e-02 -4.27127892e-03  1.54084297e-01]
