[[ 0.07330756 -0.0602267  -0.06764916 ... -0.01768935 -0.05069076
  -0.06443571]
 [ 0.05523063 -0.07993254 -0.0678465  ... -0.0302119   0.06409572
   0.02102086]
 [-0.00738243  0.00473866 -0.06637912 ...  0.06849963  0.07908851
   0.04161967]
 ...
 [-0.02123541  0.02350981  0.00772393 ... -0.06243529  0.00446266
   0.00251114]
 [-0.0054028   0.01432531 -0.03718002 ...  0.04058796  0.05722487
   0.03209886]
 [ 0.06970615 -0.07461332  0.00047643 ... -0.0612853   0.00595868
  -0.01168138]]
[ 0.00388156 -0.00606529  0.01182616 -0.01440827 -0.01642128  0.0288485
  0.02755147 -0.00852418 -0.01872776 -0.02598053  0.01446973  0.01543393
  0.02403471 -0.04083199 -0.04426967 -0.03512869 -0.03996268 -0.02999981
  0.00778869  0.0122453  -0.06382604 -0.04046999  0.03727606  0.00469218
  0.00183587 -0.03546478 -0.00194347  0.06439841  0.03187203 -0.03566611
  0.01953424  0.04560057]
[[-2.13434681e-01 -3.05032420e-01  1.50831187e-02 ...  5.51309616e-02
   6.77110148e-02 -9.74004376e-02]
 [-6.62938957e-02  1.56019682e-01  1.42837892e-01 ... -1.81600234e-01
  -2.50521587e-02  3.40292722e-01]
 [-2.79598388e-01  3.50105799e-04  2.68401228e-01 ... -1.31002040e-01
   8.06861371e-02 -1.35860874e-01]
 ...
 [ 4.57987936e-01 -3.97528606e-02 -2.41358739e-01 ...  1.69171123e-02
  -3.28712524e-01  2.64034688e-01]
 [-1.02417728e-01 -1.66834467e-01  1.06690702e-01 ... -3.97453925e-01
  -1.13916380e-01  1.56002542e-01]
 [-1.58348017e-01 -1.48305432e-01  3.06583558e-01 ... -1.24241494e-01
   1.39615907e-01 -5.68676417e-02]]
[-1.08549235e-02 -1.01332449e-03  9.13084541e-03 -1.31062335e-02
 -1.22465342e-02 -9.03899447e-03 -2.87692158e-02 -3.08484917e-02
  3.07422475e-02 -1.42552019e-02  1.97561608e-03  3.92320689e-02
  1.86690853e-03  5.09066556e-03 -4.63581430e-02 -3.98606275e-03
 -3.74914390e-02  1.74315243e-02  5.36978131e-03 -1.91494218e-02
  1.27259706e-03 -1.92753509e-02 -4.97229212e-02 -5.81730866e-02
 -4.38571104e-02 -1.41736646e-05 -3.18434319e-02  1.19989323e-02
  1.17112674e-02 -3.12622586e-02  4.74244917e-02 -1.58628385e-03]
[[ 0.25720636 -0.24646875  0.02416316 ...  0.31481076  0.11038998
   0.0259419 ]
 [-0.22191587  0.10077885 -0.20388262 ... -0.11797882  0.34029866
  -0.03208585]
 [ 0.24393241  0.12768509 -0.1504178  ...  0.3073864   0.02444109
   0.16103104]
 ...
 [ 0.26939605 -0.20768536  0.25487812 ... -0.32626906  0.26583432
   0.01329129]
 [-0.06485506 -0.21358035 -0.19097392 ... -0.2131211  -0.29236497
   0.09732655]
 [-0.34632592  0.17949878  0.22539412 ... -0.26083969  0.06641799
  -0.09018585]]
[-0.02314905  0.01472053 -0.01544788 -0.04885872  0.02581937  0.00982774
 -0.01853098  0.00664639 -0.00033981 -0.0247554  -0.01305464  0.0232526
  0.02560961  0.01464727  0.03825283  0.04088753 -0.03944309  0.00405322
  0.04577891  0.04022991 -0.02712409  0.03640244 -0.00426433 -0.01446719
 -0.04058628 -0.01578124  0.02176651  0.03451347 -0.04913204  0.00766231
 -0.00694509  0.01332067 -0.0307038  -0.01455985  0.0365605  -0.01741597
 -0.00132717  0.00011467  0.02950298 -0.04836003  0.02603797 -0.0032709
  0.01092769 -0.03176919 -0.00412703 -0.05904603  0.04592467]
