[[ 0.04808103  0.01595219  0.07863688 ...  0.0422851  -0.01406544
  -0.02190742]
 [ 0.06440628  0.04674622 -0.06558743 ...  0.01550499 -0.03106903
   0.02161604]
 [-0.07931197  0.05535857  0.03147375 ...  0.03600184 -0.0224339
   0.03325098]
 ...
 [ 0.04599594 -0.00351647  0.04011848 ... -0.00824459 -0.01661219
   0.0025795 ]
 [-0.03359137  0.02620142 -0.020546   ...  0.05989221  0.05890234
  -0.02313423]
 [-0.06583552 -0.02182429 -0.03537172 ... -0.02056113 -0.04498844
   0.02033949]]
[ 8.65576055e-03  2.37527552e-02  1.29211479e-03  4.60520151e-04
 -6.98265100e-03 -1.95301507e-02  3.09401839e-02  7.07057277e-03
 -3.72989595e-03 -1.79280614e-03  5.07719946e-03  7.21453216e-03
  2.26861000e-02 -1.39667740e-02  1.97038176e-03  2.31660268e-04
 -9.61347756e-03  5.32603683e-03 -2.14971347e-02  2.67502962e-02
 -4.22367399e-03  4.13513360e-03  1.41554732e-02 -2.98033737e-03
  7.13130857e-03  6.31242214e-03  2.26681812e-02 -1.42060028e-02
 -2.40150559e-02  7.65881775e-04 -8.66214934e-03  1.90993155e-02
 -1.89619133e-02  4.11942375e-03 -2.77975847e-04 -4.20470110e-03
 -1.94792885e-02 -1.53370200e-02 -7.38644521e-03  3.17421735e-02
  1.04216893e-02  1.01270305e-02 -4.10631762e-03 -1.67073557e-02
  2.46438699e-02 -5.15654357e-03 -3.26301906e-03 -1.99952370e-02
  1.12661129e-02 -3.02313111e-02  2.16162827e-02  1.16524119e-02
 -6.53172820e-03 -1.69125356e-03 -1.81483070e-02 -2.24563660e-02
  8.66378291e-03  7.49871067e-05  3.10379374e-03 -2.14540595e-02
  1.19411431e-02 -3.15580805e-02  2.51130536e-02 -7.39783091e-05
  5.14567337e-03 -2.25973269e-03 -1.81451396e-02 -1.92467496e-02
  1.24579904e-02 -1.88348401e-03  2.68265357e-03  1.93436663e-02
 -2.53995046e-03  2.31081171e-03  7.57200451e-03  4.62134348e-04
  1.21428764e-02  7.61443213e-03  1.41860374e-02  2.43046161e-02
 -2.56860607e-03 -1.11093067e-02 -2.19591370e-03  2.07363226e-02
 -1.38657387e-02  1.09845925e-02  2.90744857e-02 -1.62547794e-02
 -8.54532108e-03  3.13734804e-03  3.14901579e-03  1.18760537e-02
 -1.44478947e-03  3.52501224e-02  6.81953665e-03 -4.81392987e-03
  4.25220291e-03  1.61700782e-02 -3.46298128e-03  1.22601024e-03
 -8.47579214e-03  7.91225142e-03  9.38846322e-04 -1.32461364e-02
 -7.59259826e-04 -1.25368139e-02  1.60206098e-02 -1.08051391e-02
 -2.60326650e-02  9.27215274e-03  2.62135116e-03  6.08555836e-03
 -2.60568053e-02 -8.11075246e-03 -3.31512008e-02 -3.34182381e-02
 -7.55209850e-03 -7.39085873e-03 -1.89551912e-02 -5.78210417e-03
 -1.16525341e-02 -1.31178277e-02  6.17012281e-03  4.26363065e-02
 -4.45349534e-03 -6.58889706e-03  2.51971090e-02 -1.81638939e-02]
[[-0.14298032  0.09890244  0.00821624 ...  0.07633609  0.06489537
  -0.14278799]
 [-0.06292389  0.04314798  0.10032297 ... -0.08223756 -0.13795457
  -0.00165537]
 [ 0.12149311 -0.14863078 -0.15008418 ... -0.15848989  0.00128916
   0.04378924]
 ...
 [ 0.15283917  0.02247234 -0.12703822 ... -0.05121507 -0.00302461
  -0.115558  ]
 [-0.13411451  0.0382141  -0.11073275 ...  0.03804992 -0.09911242
   0.14114074]
 [ 0.11499366 -0.02463176  0.14615354 ...  0.13425502 -0.00822055
  -0.09161634]]
[ 0.0042408  -0.02472694 -0.00643308  0.00807005  0.00857407  0.01092679
  0.00815266 -0.01618989 -0.02909489  0.01286708  0.01354416 -0.01475627
 -0.01899113  0.00301514  0.00287147 -0.03667431 -0.01385683 -0.01061689
 -0.00962843 -0.0050623   0.01006343 -0.0245295  -0.00887689  0.00234669
 -0.01151613 -0.01215367  0.00117017  0.01105224  0.00389877 -0.02108388
 -0.01344104 -0.02828476  0.02563947  0.00660315  0.00658456 -0.01639223
 -0.00186938  0.00535836  0.00922001  0.00912964  0.01588112 -0.00279573
 -0.00764478  0.01303907  0.02315313 -0.00770621  0.00837637  0.00894986
  0.00854123  0.00069043  0.01125784  0.03077004  0.00603751  0.00472133
  0.01492726  0.02611933 -0.01307668  0.00122145  0.01150523  0.01135175
  0.00084908  0.00115112 -0.01253476  0.01314847 -0.00377272 -0.00735607
  0.00423662  0.00451623  0.0139674   0.00695679 -0.0016874   0.01190923
  0.0001023  -0.00775713 -0.00775752  0.01721807  0.00242133  0.01045348
 -0.00841186  0.02235668 -0.00246386 -0.01068205  0.00982613  0.00180908
  0.00135604  0.00981036  0.01205732  0.0043514   0.02513851 -0.02525025
  0.00086498  0.00733046  0.01273427 -0.00807213 -0.0118178  -0.00529657
  0.006451   -0.00770783 -0.00221082  0.00024567 -0.01118572  0.01227159
 -0.00809586 -0.00504413 -0.01786469 -0.01634006 -0.01764778 -0.0007026
  0.01210662  0.02547706 -0.01179618 -0.00796425  0.00217796 -0.01124252
  0.0246473   0.01091634  0.00201384  0.02294952 -0.01098494  0.00249482
  0.00830061  0.02037964  0.00421454  0.00854005  0.00389011  0.00314025
  0.00498853  0.01906418]
[[ 0.13635007 -0.04257568 -0.14040038 ... -0.02646832  0.10145402
  -0.11652721]
 [-0.05023755 -0.1756621   0.06679767 ... -0.15269237  0.12205763
   0.08526366]
 [ 0.02092178 -0.12922756  0.03488912 ... -0.12870067  0.06340388
   0.09448254]
 ...
 [ 0.08250646 -0.0014513   0.1206673  ... -0.15730442  0.08313586
  -0.04405689]
 [ 0.06002557  0.16993546  0.06301625 ... -0.12404022 -0.10423786
   0.00370939]
 [ 0.24742365 -0.12192012 -0.07086317 ...  0.00363533 -0.0648775
   0.11507929]]
[-0.02166754  0.0265827  -0.00519228 -0.03227691  0.00924923  0.02285229
 -0.03030387  0.00336077 -0.007131   -0.00626962  0.00498244 -0.0233563
  0.01757716 -0.00439646 -0.01123106  0.00898654 -0.00395584 -0.00916587
  0.00985715  0.02707376  0.01126231  0.04747444 -0.01465904 -0.01266489
 -0.02826809  0.00274537 -0.00292565 -0.01475511 -0.01171485  0.0201918
 -0.00362911  0.00674471  0.00865381 -0.01152767  0.0227359  -0.00246322
 -0.02258307 -0.01069413 -0.00508363 -0.02442405  0.02387966  0.00115386
  0.01440924 -0.01356898 -0.00497304 -0.00299436  0.0521025 ]
