[[-0.02531173 -0.04898518 -0.06530673 ... -0.08118573 -0.03156371
   0.01652752]
 [-0.08502096  0.06798208 -0.01090015 ...  0.0335236  -0.00051352
   0.07426016]
 [ 0.02287759  0.04344132  0.04186038 ...  0.05590168  0.06105858
  -0.00071699]
 ...
 [-0.04124462 -0.03709686  0.05694472 ...  0.03444683  0.01982376
  -0.03912345]
 [-0.06218513  0.03300376  0.07087362 ... -0.01986254  0.07309906
  -0.06304292]
 [-0.03875357  0.07736038 -0.04428978 ...  0.05979715  0.05408069
  -0.00501941]]
[-0.3256381   0.07305572  0.05070639  0.12296428 -0.38202657 -0.20810651
 -0.21613184  0.19885522  0.26315801 -0.57460484  0.24425445 -0.14204221
 -0.09669807 -0.35796071 -0.0261881   0.68636162  0.20809321 -0.19065172
 -0.16932214  0.09678311  0.10106138 -0.10938413 -0.10703606 -0.10154253
  0.36576484 -0.05395973 -0.13886432 -0.1796373   0.36762723 -0.03553218
 -0.13381712  0.03874129]
[[-0.12827227  0.4113759   0.18085554 ... -0.05020174 -0.01246164
   0.25767642]
 [ 0.19685023  0.22740182 -0.1143831  ...  0.21209131 -0.37355556
  -0.10514637]
 [ 0.13917551 -0.32162073  0.16647824 ... -0.13937966 -0.22886435
   0.12269196]
 ...
 [-0.23008301 -0.25677475 -0.22399693 ...  0.29797576 -0.01782607
  -0.26273594]
 [ 0.34517649  0.01176964  0.16350496 ...  0.14360195 -0.38903346
   0.19040639]
 [ 0.18402706  0.24421429 -0.0496153  ...  0.29658539  0.38785543
  -0.13879165]]
[ 0.18421432  0.03497969  0.31823666 -0.3125579   0.23567111  0.06998276
  0.17535963 -0.11683574  0.11310386  0.13151279 -0.01409024 -0.15492282
 -0.07656572 -0.01585187 -0.1044559  -0.06432595  0.48187875 -0.02112302
  0.10655203 -0.03422217  0.0707767  -0.16620074  0.14002962 -0.06437127
 -0.09555268 -0.20856027  0.19371541  0.09264122  0.06034427  0.20310832
 -0.38355349  0.09810816]
[[-0.34630768 -0.05072509  0.30158909 ... -0.03223535 -0.00830169
   0.16319507]
 [ 0.30650142 -0.06775702 -0.05414504 ...  0.05982696  0.29206083
  -0.14620276]
 [ 0.10574256  0.18533406  0.07814729 ... -0.24355753 -0.27303689
  -0.241107  ]
 ...
 [ 0.15277277  0.10120417  0.26675501 ...  0.27538944 -0.23866781
   0.34322266]
 [ 0.23224916  0.28280569  0.37215342 ...  0.31509684 -0.23880015
  -0.03654099]
 [-0.15204304 -0.05586614  0.32074026 ... -0.06156304  0.09771824
  -0.12822778]]
[ 0.10887941 -0.06866723  0.12476357 -0.1054288  -0.02614676 -0.00091846
 -0.0471974  -0.24672668 -0.07055268  0.10946178  0.03587334  0.01640866
  0.11534759  0.01269113 -0.0260672   0.00905301 -0.26118111  0.27656055
 -0.17093797 -0.07385658 -0.21112972  0.20175907  0.09684163  0.02490403
 -0.20896836 -0.06373067 -0.05938623  0.24262722  0.12686324  0.11266239
  0.14199964 -0.07432185]
[[-0.24466613  0.09972424 -0.35692293 ... -0.09578213  0.23074604
  -0.34255198]
 [ 0.24082265  0.4496836   0.07979323 ... -0.06462057  0.30168883
   0.33842079]
 [ 0.1214455  -0.22104498  0.18302637 ... -0.22738908  0.25673064
   0.02083231]
 ...
 [-0.22383846 -0.36112259 -0.50836236 ...  0.11282613 -0.31643549
  -0.0112267 ]
 [-0.37505019 -0.19253111  0.20533784 ... -0.45267172  0.03385735
   0.08152682]
 [-0.30197022  0.22940872 -0.03432794 ... -0.2239472   0.07397971
   0.28999258]]
[-0.11823501  0.04570544  0.00949336 -0.03932839 -0.11384935 -0.07558459
 -0.05383867  0.02542608 -0.15721235 -0.08579257  0.30998025  0.04114535
 -0.12445764  0.04799036 -0.02047703 -0.07736079 -0.14759694  0.11094551
 -0.16117573 -0.23274319 -0.20563953 -0.14050484 -0.37735108 -0.01931099
  0.10978537  0.12271278 -0.05835258  0.02572156  0.03619159 -0.21987782
  0.09653278  0.06809479]
[[ 0.0293758   0.17020742  0.15155243 ... -0.21513939 -0.07750636
  -0.39210161]
 [-0.19832267 -0.37651326 -0.22521435 ... -0.55229333 -0.38432715
   0.06456814]
 [-0.06072605 -0.02070435 -0.10860183 ...  0.00649384 -0.13135577
  -0.1611817 ]
 ...
 [ 0.1516462  -0.01167414 -0.10627868 ...  0.3246915   0.20467228
   0.00471344]
 [ 0.08846601  0.04912479  0.46086666 ...  0.16075196 -0.32124954
   0.17228242]
 [ 0.27818439 -0.26532842  0.20391594 ... -0.09875104  0.16154339
   0.41212794]]
[-1.23320992e-04 -9.25648100e-02 -2.45652795e-01 -6.14635599e-02
 -1.46093929e-01  2.34112471e-01 -4.50410198e-01 -2.07653372e-01
 -1.38400580e-01 -2.53653983e-02  5.79682111e-02  7.60567116e-02
 -2.26747716e-01  1.64569950e-01 -1.23249563e-01  3.30174677e-01
 -2.37292269e-01 -1.07943024e-01  1.49983828e-01  3.09493629e-01
  2.32655117e-03  4.71467895e-01  1.34480482e-02  1.34920253e-01
 -8.44244084e-02 -1.09582998e-01  1.35015767e-01  6.31868334e-03
 -4.80324940e-02 -2.20046231e-01  3.37490280e-01  1.27513848e-01
 -1.37927360e-01 -4.65806545e-01  1.70427615e-02  2.17393508e-01
  2.29685017e-01 -1.11099832e-01 -1.45995908e-01 -2.39671255e-01
  2.27989043e-01 -4.49139064e-02  5.56062139e-02 -8.34518157e-02
  2.23276412e-01 -1.04162103e-01  3.36221634e-01]
