[[-0.00680325 -0.05366165  0.06058765 ...  0.0690178   0.06662794
   0.07039993]
 [ 0.00066977  0.01180255 -0.00791729 ... -0.04958431 -0.03464958
  -0.00208764]
 [ 0.00649711  0.03697527  0.00446455 ... -0.06492472 -0.03978392
   0.04785467]
 ...
 [-0.08047204 -0.00711562  0.06736309 ... -0.03405208 -0.06627733
   0.04732781]
 [-0.00035031  0.02262161  0.07687141 ...  0.05297436  0.07090695
   0.04666955]
 [ 0.06685643  0.03569154  0.05059539 ...  0.01781796  0.01990914
  -0.06245572]]
[ 0.17493807 -0.78007892 -0.08967532 -0.74713443  0.15443703  0.19960732
 -0.78572459 -0.57494073  0.41616116 -0.40707278 -0.22755947 -0.70881416
  0.26089438 -1.24444452  1.04939568  0.4370285  -0.75343542  0.1831852
  1.0253104   0.25774744 -0.30123873 -0.49329972 -0.05447168  0.90315637
 -0.10831213 -0.80182804 -0.22484125  0.22317852  0.58904606 -0.95707926
 -0.37563876 -0.37035723 -0.22556998  1.18242867 -0.31753865  0.34350027
  0.21618821  0.74709895 -0.27761869  0.52078636 -0.0760411   1.37678675
 -0.52229687  0.15073921  0.15840197 -0.27813618  0.69284351 -0.46330608
 -0.10010665 -0.25483969 -0.48218967  0.38162128  0.37632312  0.34677606
  0.08847759 -1.00435708 -0.25246381  0.21161539 -0.68010209 -0.35542659
  0.37367342 -1.07891897  0.37200622  0.15472623  0.16935231  0.46980705
  0.85892229  0.10413513 -1.02258693  0.86878498  0.01621009 -0.44199882
  0.26207432 -0.7110646   0.8918206   0.80611112  0.09369301  0.74050977
 -0.48509485 -0.29347408  1.08308893 -0.00221313 -0.96726637 -0.40873165
 -0.43045067  0.54466711 -1.14554602 -0.61518715  0.33284753  0.92853251
 -0.9294988  -0.72860043 -0.95782517  0.40396532  1.22160615  0.48381129
 -0.12422577 -0.09788582 -0.33046019 -0.37900913  0.12705276 -0.84137224
 -0.48643318 -0.07035967  0.17569741  0.17169046 -0.43556613 -0.47782923
  1.28889872 -0.7342504   0.25889091 -0.04921524 -0.34635991  0.01644955
  0.46739371  0.21503796 -0.47164054  0.37724042  0.28725488 -0.04952017
  0.16795765 -1.42233001  0.62118577 -0.52677769  0.19409111 -0.6820263
  0.16560598  0.9161608 ]
[[ 0.07751816  0.02421355  0.18534515 ...  0.08490599 -0.04964346
   0.11807822]
 [ 0.17325467 -0.02376215  0.10770357 ...  0.12865888  0.03425266
  -0.04216515]
 [-0.00793757  0.08569198 -0.07419684 ...  0.02326864 -0.02109876
   0.05005411]
 ...
 [-0.01545576 -0.12835741 -0.01933312 ... -0.07401451 -0.09187564
   0.01906931]
 [-0.14441099 -0.08370119 -0.08877354 ... -0.01222069 -0.1657263
  -0.0878251 ]
 [-0.17332156  0.04563436  0.01378498 ...  0.03866073 -0.03364874
  -0.09169536]]
[ 0.03614356  0.00098544  0.12722065 -0.29064845 -0.16032201 -0.06166545
  0.14927579 -0.22027605 -0.36000827  0.05549755  0.27698218  0.06041294
  0.16154431  0.11896177  0.23917884 -0.15877634 -0.29821464 -0.36168968
  0.2234231  -0.13988504  0.2054326  -0.27522839  0.62807601 -0.46949023
  0.33576645 -0.08028292  0.16483438  0.52174497  0.00780759 -0.00508014
 -0.10027142 -0.38749854 -0.11929245  0.02507671 -0.00287543  0.1194337
  0.03700931  0.30725002  0.34008645  0.0975235   0.05232934 -0.34555431
  0.1348659   0.02153964 -0.15010102  0.33024327  0.12247806 -0.07516181
  0.35048302  0.22079254  0.2446092  -0.40446673 -0.23028861 -0.1736426
 -0.00990703 -0.43421298  0.19608211  0.33091658  0.38739771 -0.20731924
 -0.22376149  0.29519393  0.30877546  0.04067046 -0.00543672 -0.15554055
 -0.04298671 -0.10484055  0.49352515  0.03688483  0.20496244 -0.32242005
 -0.00561499 -0.25193633  0.07486869  0.04170713 -0.22803851  0.19878369
 -0.25323376  0.33596098 -0.29982345 -0.16368423 -0.18012895  0.03930906
  0.12903021 -0.44761143  0.01520093  0.37108486 -0.15990017  0.39556065
  0.00354342 -0.10658299 -0.21808959 -0.13479914  0.25402948  0.122426
  0.42655476 -0.0510966   0.10577363  0.66112893 -0.16163806  0.14213224
 -0.1364626   0.26891452  0.02761436  0.4206653  -0.23863603 -0.08235854
 -0.33922302  0.19839081  0.32990117  0.2300542   0.15568796  0.30508196
 -0.02620608 -0.10808895  0.00541173  0.0485865  -0.15208646  0.33757858
  0.04206471  0.00892515  0.08630531  0.09583489 -0.26989623  0.30776366
 -0.0366323  -0.05279491]
[[-0.01712634  0.0092911   0.05348996 ...  0.04172687 -0.15154338
  -0.02870619]
 [-0.05463158  0.04006478  0.05911031 ... -0.28445379  0.01412035
   0.05890772]
 [-0.01637559 -0.00263934  0.05914703 ... -0.11692536 -0.16147822
   0.14152126]
 ...
 [-0.03676824 -0.19249739 -0.02948843 ...  0.09356519  0.0817919
   0.02952185]
 [-0.04410265 -0.18801102  0.11849464 ...  0.01429944 -0.17346166
  -0.19733867]
 [-0.06458076 -0.03773091 -0.10774427 ...  0.17951354 -0.10810549
  -0.19084252]]
[-0.03637707 -0.33380712 -0.46737853 -0.86781586  0.00839462  0.35903695
 -1.08260649 -1.13865306  0.48263461 -0.60373933  0.39205813  0.42488366
 -0.24042012  0.28746655  0.00499815  0.45299379 -0.00851326  0.17854956
  0.23022084 -0.04475452  0.27296442  0.37641353 -0.66614933  0.25899745
 -0.03114478 -0.72427791  0.25974185  0.20111709  0.0389595  -1.30502619
  0.10740904  0.36418857 -0.64640552 -0.11397791  0.67179347  0.79140547
  0.92989661 -0.6632038  -0.70190368 -0.34980155  0.32848717  1.35439316
 -0.27417489 -0.11643693  0.85588984 -0.44041007  1.22408391]
