[[-0.0040723  -0.06382862 -0.08320933 ...  0.02624537  0.05559025
  -0.03646621]
 [ 0.04699597 -0.08151522 -0.08271042 ...  0.08516668  0.07718348
   0.03990305]
 [-0.07773544 -0.00637309  0.0377067  ...  0.04008463 -0.01366678
  -0.07505176]
 ...
 [-0.06472629 -0.05639925  0.022772   ... -0.00604339 -0.01298076
  -0.07589224]
 [ 0.00568761  0.05081666 -0.07495682 ...  0.0084087   0.01052734
  -0.06142536]
 [ 0.0336257   0.00342759  0.04160415 ... -0.04621176 -0.06273747
  -0.069085  ]]
[ 1.12494284e-01 -2.16785299e-02  1.26363596e-01  2.82878672e-02
 -4.59430718e-01  2.48256889e-01 -3.17875929e-01  8.22454732e-03
  1.53034463e-01 -6.96078834e-02 -2.99557212e-01 -4.49221286e-02
 -2.32023584e-01  1.41763361e-01  1.59951965e-01 -1.32486039e-01
 -2.76742046e-03 -2.57423783e-01  3.07953883e-01  1.24909095e-01
  7.51026353e-04  1.72892161e-02  2.33381640e-01  1.68487582e-01
 -3.33809780e-01  9.49557762e-01  4.93660882e-01  1.06408158e-01
 -1.50405220e-01  1.91961563e-02  4.71799241e-01  4.47847684e-01]
[[-0.24683131  0.3003141   0.01287452 ...  0.05781967 -0.30230523
  -0.21630612]
 [-0.10025226 -0.11957479  0.0029401  ...  0.20883559  0.03876741
  -0.27365547]
 [-0.31864082  0.4195887   0.08821193 ... -0.16935955  0.30705083
   0.19881184]
 ...
 [ 0.12141844 -0.03315559 -0.36413134 ...  0.07882708 -0.39157303
  -0.15933202]
 [-0.26463391  0.04588799  0.06209769 ... -0.02462637 -0.30697858
  -0.08889113]
 [ 0.20244506 -0.42681337 -0.18732189 ... -0.39343831  0.22598625
   0.07421051]]
[-4.59831097e-01 -5.08749762e-02  3.03838704e-01 -2.45512642e-01
 -3.17383669e-02  2.40122215e-01  3.18821748e-01 -2.04817317e-01
 -7.32631926e-02  3.74025801e-01 -1.37687256e-01 -6.68031794e-02
  8.71656129e-03 -1.94810646e-01  1.28910402e-01 -1.74686762e-01
 -4.13576240e-02  1.69158278e-01 -1.11518006e-01  1.27042679e-01
  2.82342799e-01  1.35186811e-01 -3.84501559e-02  1.55463218e-01
  1.29259552e-01  3.98821104e-01 -2.54678580e-01  4.40000908e-02
 -4.49244544e-01 -4.10771603e-04  2.27105011e-02 -1.86432332e-01]
[[-0.07926765 -0.30239098  0.36996431 ...  0.21239065 -0.33355648
   0.21708685]
 [ 0.38405133 -0.01851074  0.16241351 ...  0.3344743   0.37204991
  -0.1348713 ]
 [-0.48726495  0.34782216  0.08652925 ... -0.3041455  -0.23134935
   0.27511222]
 ...
 [ 0.32998112 -0.2053007   0.2384557  ...  0.21949113 -0.19396813
  -0.16475881]
 [ 0.27074839  0.25026679  0.40903069 ... -0.09231484 -0.2893034
   0.00660463]
 [ 0.14805988  0.24221662 -0.06343699 ...  0.06142125  0.43437432
  -0.27198885]]
[-0.07143467  0.41607226  0.33988783 -0.06474393  0.0617475   0.15987341
  0.19663355  0.09908127 -0.03890995 -0.04047589 -0.13436525  0.23769819
 -0.03219218  0.02371295  0.15205178 -0.01889879 -0.00297338  0.25723522
  0.18981567 -0.09271936 -0.15333603  0.1935021   0.05915908 -0.06443532
 -0.2135766   0.1593851   0.12471625  0.0925974   0.11378924  0.02200925
 -0.08977318 -0.14605193]
[[-0.01509943  0.13904871  0.00250951 ...  0.11743836  0.22592973
   0.0759798 ]
 [-0.14976872  0.10135074  0.50815044 ...  0.47125105  0.4042648
   0.13658006]
 [ 0.2075427  -0.12776041 -0.16866246 ...  0.17559053  0.12604361
  -0.06059785]
 ...
 [-0.04712042 -0.03273609  0.13926969 ...  0.09864199 -0.0741088
   0.11637954]
 [ 0.55562781  0.19862893 -0.28480701 ...  0.06562607 -0.25830923
   0.08314124]
 [ 0.03059426  0.25200547  0.40621636 ...  0.26041885 -0.12597911
   0.22854713]]
[-0.05810079 -0.05014139 -0.23231538 -0.06431981 -0.17480185  0.25674363
 -0.34600921 -0.19274272 -0.12713208  0.02837347  0.04908503 -0.07971158
 -0.11175215  0.06204152 -0.22130234  0.39416053 -0.06243555  0.08345055
  0.01312319  0.23713726 -0.05469908  0.45509132 -0.1616097   0.02027495
 -0.04122025 -0.15527997  0.01899685 -0.11311721  0.00085161 -0.06292685
  0.30993809  0.22599676 -0.17079177 -0.34119926  0.06577502  0.32943266
  0.06498801 -0.08210197 -0.1328393  -0.18359366  0.16830647 -0.0598513
  0.10020363  0.06829832  0.0779931  -0.09781736  0.34755057]
