[[ 0.02894156 -0.06423366 -0.02510409 ... -0.01843417  0.00041506
  -0.02120242]
 [ 0.07699027 -0.07073602 -0.00809002 ...  0.08012717  0.03002683
   0.06660187]
 [-0.05238332 -0.07579593  0.03428789 ... -0.07529091 -0.01185513
   0.0339791 ]
 ...
 [-0.03541501  0.05700196 -0.05839259 ... -0.05336739  0.05104413
  -0.07749457]
 [ 0.03407158 -0.02052183  0.02823503 ... -0.06739955  0.08441757
   0.03656698]
 [ 0.066524    0.06554753 -0.0850159  ... -0.04346189  0.07851564
  -0.0081177 ]]
[ 0.00417574  0.02437492 -0.00332541  0.07308301  0.0197954   0.03711713
 -0.01422937  0.02989836 -0.01521261 -0.03549813 -0.00247445 -0.06843337
  0.00264624 -0.05638162  0.03148515  0.00908716  0.01209914  0.02056563
  0.03669853 -0.04980651 -0.06042577  0.0382558   0.00554232  0.01685992
 -0.0092312  -0.02065954 -0.0589188   0.0337737   0.00328336 -0.0057942
 -0.01835592  0.07365019]
[[-0.13006096 -0.01224906  0.08308185 ...  0.20976359 -0.11691516
  -0.15573722]
 [-0.09977421 -0.03288944  0.06188394 ...  0.2824508  -0.28464385
  -0.21409715]
 [-0.11061802 -0.05226861  0.09300407 ...  0.10531739 -0.0795424
   0.20116497]
 ...
 [-0.16448767  0.20550458 -0.02976482 ... -0.04632931  0.2469928
  -0.19328871]
 [-0.19809608 -0.02672387  0.10987948 ... -0.19851084  0.0276174
   0.19467842]
 [ 0.21057477  0.27574999  0.09843417 ... -0.07027785  0.07521936
   0.29924161]]
[ 0.00471135 -0.03182763 -0.00649485  0.00895662 -0.01392424 -0.03435466
 -0.00785591  0.02196595 -0.03857859  0.04315294 -0.02437778  0.0397323
 -0.06956505 -0.00644226  0.0052425   0.03210062  0.02174698  0.03046782
 -0.01652656  0.03097289  0.04531217  0.05140208 -0.01068323  0.05439124
  0.00418573 -0.00833543 -0.01687822  0.00997324  0.02339806 -0.05057143
  0.01655616  0.00764686]
[[ 0.05058512 -0.111754   -0.25891273 ...  0.22740388  0.01073602
   0.0120149 ]
 [ 0.29993314  0.21227086 -0.36215028 ...  0.08150339  0.24672724
   0.31131043]
 [-0.31496916 -0.31107605  0.35268262 ... -0.21858473  0.31721704
   0.05997921]
 ...
 [ 0.04995008 -0.0170564   0.24337396 ...  0.16991777  0.08493922
   0.26555311]
 [-0.16252857  0.29504467  0.16510529 ... -0.0392151  -0.22130909
  -0.11520411]
 [ 0.12979803  0.11395342 -0.13863984 ...  0.02765972 -0.23550442
  -0.22522904]]
[ 0.02054142  0.00774546  0.0369347  -0.02873305 -0.01096419  0.00575358
  0.01494532 -0.01352661 -0.01943391  0.02151848  0.013917    0.03615612
  0.00705572 -0.01283734 -0.02991601 -0.01591516 -0.01306791  0.02446392
 -0.01426656 -0.00502403  0.01456549 -0.06001406  0.05396301 -0.03691886
 -0.03095179 -0.01618354  0.00576287  0.01431826 -0.0035464  -0.01051803
 -0.03146658  0.00038056]
[[ 0.10423076  0.27147573 -0.34511477 ... -0.03060101  0.08582168
   0.16949812]
 [ 0.24379244 -0.0706464   0.28938313 ... -0.11648765  0.12605416
  -0.14194737]
 [ 0.26527849 -0.13488512  0.19239104 ...  0.07761164  0.24525974
  -0.27655358]
 ...
 [-0.14627029  0.01399034 -0.24120083 ... -0.17952618 -0.06161805
   0.28180965]
 [-0.21701634 -0.02997858  0.00805548 ...  0.01179332 -0.28445947
  -0.07437484]
 [-0.24627862 -0.01428172 -0.31011516 ...  0.01919796  0.06642847
   0.19430347]]
[-0.06045288 -0.00858979 -0.0149561  -0.03018339  0.01284362 -0.03060826
 -0.035762    0.0323535   0.00291827  0.0049004   0.00182574 -0.01614385
  0.03207735  0.00225121  0.03281503  0.04082515 -0.05691034  0.00329662
 -0.03161345 -0.02353475  0.0160126  -0.05352993 -0.01255452  0.0167189
 -0.03176595 -0.0183468   0.00741606 -0.01725964 -0.02106781 -0.03387053
  0.01093229 -0.0046528 ]
[[ 0.13181089  0.03825433  0.06954472 ...  0.0653381  -0.28766038
   0.13585214]
 [-0.11013123 -0.19631924 -0.22672908 ... -0.12327388 -0.07179358
  -0.18248531]
 [-0.02180632  0.28112288  0.07510257 ... -0.17110134 -0.33141728
  -0.2084715 ]
 ...
 [-0.23437881 -0.29524585 -0.14483255 ...  0.10099366 -0.12005164
   0.07226873]
 [-0.13555032 -0.28231578 -0.17130914 ...  0.13789905 -0.01141295
  -0.15749233]
 [-0.21825615 -0.20938255 -0.13202679 ... -0.0223144   0.20095721
   0.13586351]]
[-5.23314033e-02  1.23820392e-02 -1.01599194e-02 -3.42197997e-02
  3.34450016e-02  4.77425877e-02 -2.28532111e-02 -1.15668360e-02
  1.78438441e-02  4.38989558e-02  2.49482621e-02  6.33229563e-03
  9.17471030e-03 -8.06456812e-03 -1.40488726e-02  1.86951473e-02
 -1.05938120e-02 -9.70470054e-03 -2.06151416e-02  9.36541333e-03
  6.13428909e-04  3.68052372e-02 -5.70998497e-02  8.47114822e-03
 -3.62922733e-02  1.55076556e-02 -2.48410526e-02 -4.17900991e-03
 -3.56052028e-02  3.25958849e-02  1.32124024e-02  3.50247904e-02
 -4.54199603e-03 -4.41083929e-02  7.65983803e-02  2.55929907e-02
 -1.77907583e-02 -2.33929056e-02 -2.29133580e-02 -2.11633985e-02
  1.19527736e-02  2.17067361e-02 -2.55063293e-02 -2.69364930e-02
 -8.49195279e-04  8.30538837e-05  3.73857404e-02]
