[[-0.03553484 -0.00707779  0.08065651 ...  0.00402152  0.048567
   0.04911074]
 [-0.02186295 -0.07694174  0.04265857 ...  0.00718198  0.01092685
  -0.07758429]
 [-0.00631939  0.05798244  0.03018083 ...  0.02857459 -0.01552926
  -0.04507263]
 ...
 [ 0.06505191 -0.07673584  0.07878042 ... -0.02307856 -0.02436201
  -0.04317825]
 [ 0.01988209  0.01296348  0.06216982 ... -0.06487217  0.00262093
  -0.02555197]
 [-0.01060574 -0.05590435  0.07410372 ...  0.03744511 -0.03574187
   0.03108992]]
[-2.93555839e-03 -6.07889633e-03 -1.15018775e-02 -3.06519637e-03
 -8.54177078e-03 -2.20076787e-02  2.13993413e-02  2.53069983e-03
 -1.17373570e-02  5.64441559e-03  6.00717802e-03  4.66884314e-03
  1.41644172e-02 -1.39186743e-03  6.96964501e-03 -1.99567968e-02
 -5.85550730e-03 -9.29794961e-03  1.16449872e-03 -1.30646765e-02
 -1.43855054e-02 -2.52024323e-03  6.70950794e-05  9.40886593e-04
 -3.58549639e-03 -1.13308791e-02  3.83351109e-03  1.13589303e-02
 -4.01304794e-03 -1.89433235e-02 -1.01054104e-02 -6.11828268e-03
 -8.96856310e-03  9.22286036e-03  3.75096663e-02 -5.11233946e-03
  1.58596929e-02  1.71763189e-02  1.28491930e-02  4.72419962e-03
 -2.15480060e-02  3.42752360e-03 -2.42475079e-03 -4.94485060e-04
  7.41279209e-03  1.36453668e-03 -6.86545494e-04 -1.29438146e-02
  1.23973110e-02  4.31546556e-03  3.08014668e-03 -3.34847975e-03
  1.92552706e-02 -1.08700451e-02 -5.73037120e-03  7.51943379e-03
  5.57165034e-03  1.66507784e-02  4.36932211e-03  6.19916788e-03
  2.42630452e-03 -1.76858115e-04  1.15555807e-02 -1.04313630e-02
  2.96529016e-03  1.36047999e-03  6.43880260e-03  3.87141414e-03
 -2.08398270e-02  2.43346285e-02 -6.37382039e-04 -2.06094359e-02
 -6.14132633e-05  1.76883868e-03 -2.75554118e-02  2.08934430e-02
 -3.45128802e-03 -2.61549401e-02 -1.41663960e-02 -2.58376275e-02
  1.02963250e-02 -6.67239511e-03  1.00047093e-02  7.67683013e-03
 -4.01658811e-04  1.48026266e-02 -9.00621871e-03 -7.67422916e-04
 -2.82558136e-02  1.65929086e-02 -2.27166402e-02  5.09452643e-03
 -9.38365914e-03 -1.37721186e-02 -2.05116029e-02 -1.67596940e-03
  9.30808052e-03 -4.75591718e-04 -1.51357341e-02 -2.17290612e-03
  1.21447507e-02 -2.40852646e-03  1.89925627e-02 -3.56221888e-03
 -5.76704155e-03  7.81230851e-03 -4.02446739e-03 -2.47685272e-03
  1.03568857e-02  1.72571505e-02  3.25127760e-03 -9.45122810e-03
  1.20368681e-02 -1.40089129e-04 -1.36866407e-02 -8.82470370e-03
 -1.94184485e-03  1.03042678e-02  3.54765275e-02  8.84885935e-03
  1.77044384e-02  5.86550178e-03  3.65700151e-03  3.99996125e-02
  2.42931455e-02 -6.44095667e-03 -6.03582765e-03  7.88367416e-03]
[[-0.13702775 -0.12121924 -0.13772049 ... -0.08886292 -0.02081568
  -0.03544938]
 [ 0.08272697 -0.06109832  0.08156562 ... -0.07529752  0.01575026
   0.03512169]
 [ 0.13602231 -0.11335204 -0.06018216 ... -0.12380476 -0.06253314
  -0.06999994]
 ...
 [ 0.07836665 -0.03341532  0.11635951 ... -0.09690949 -0.02705409
   0.08720991]
 [-0.11981572 -0.14316484 -0.00289733 ...  0.05445506 -0.14604132
  -0.03239712]
 [-0.00604781 -0.01286542 -0.07468474 ...  0.10023117  0.13142321
  -0.15193514]]
[-4.63089822e-03 -7.27481048e-03 -1.85187308e-02 -3.62115380e-03
  4.98975836e-03  1.10521720e-02  4.59185198e-05  1.01748861e-02
 -8.95905526e-04  1.36454146e-03 -5.77268812e-03  8.57461491e-03
 -4.30440336e-03 -2.65370313e-02 -2.31606031e-03 -9.38743612e-03
  2.98433133e-02  1.24292472e-03 -7.12915290e-03 -1.16574717e-02
  1.69043683e-02  8.27480911e-03 -9.20338065e-03 -2.87314226e-02
  1.10883688e-03  2.40269312e-02  8.05118664e-03  1.19196871e-02
 -1.40572825e-02  1.29456620e-03 -2.96580093e-03 -1.94077847e-02
  6.02264372e-03 -1.50095332e-02  1.99607705e-02  4.62099650e-03
 -2.64322548e-02 -6.05751209e-03  3.64115241e-03 -7.71984435e-03
 -1.48994267e-02  1.17311206e-02  8.16469815e-03 -1.20526385e-02
  5.58610284e-03  1.04448278e-03  1.39529989e-02 -1.77201191e-02
  1.12025806e-02  1.75262817e-03 -4.18111424e-03  1.99185730e-02
 -1.77852419e-02  5.28390365e-03  1.37868326e-02 -1.07042969e-03
 -2.30855456e-04 -2.20515901e-03  1.82286282e-02 -1.00477743e-02
 -7.23329575e-03  6.25981051e-03  9.71075167e-03 -6.60553456e-03
  4.51215945e-03 -2.73584471e-02 -2.69336433e-03  1.92684599e-02
  1.23546281e-02 -2.07219750e-02 -1.34411554e-02  7.02522243e-03
  1.44489586e-02 -8.39825824e-03 -2.31337452e-04 -1.52512661e-03
  1.17343557e-02  2.15034441e-03 -1.15705401e-02  4.01245109e-03
  1.10522153e-02 -8.11090378e-03  5.75594557e-03  5.92723590e-03
  1.34047235e-02 -1.37294670e-02  1.36082637e-02  1.55475715e-02
 -9.51203225e-03  2.45312878e-03  3.99067033e-03 -5.87397979e-03
  1.32282250e-02 -3.97239455e-03 -1.44752789e-02  7.15347502e-03
  7.42696540e-04  1.36629518e-03  8.93548747e-03  1.47752483e-02
 -6.38976025e-03 -1.91739501e-02  6.90472310e-03  8.00849739e-04
  4.77199432e-03  4.75061623e-03 -6.07584773e-03 -6.92057447e-03
 -1.17816298e-02 -5.88394626e-03 -9.61448817e-03  3.01290596e-04
 -1.40869670e-02 -3.20432377e-03  2.96227853e-02  8.25880520e-03
 -9.74785576e-03 -6.11549445e-04 -1.71287386e-03  1.15525934e-02
 -4.98531872e-03  8.59453659e-04  9.04381603e-03 -1.88153419e-02
 -1.88103486e-02 -5.61165915e-03 -7.77369822e-03 -1.80502156e-02]
[[-0.07449438 -0.14058173 -0.12673465 ... -0.0614114  -0.03387039
   0.0390659 ]
 [-0.09968293 -0.0571676   0.12856355 ...  0.03464479  0.05452001
   0.05525588]
 [-0.14112022  0.00224957 -0.13805758 ...  0.11263341 -0.00830484
  -0.07325696]
 ...
 [ 0.04998386 -0.08261569 -0.11003119 ... -0.02416044  0.08130728
   0.05649285]
 [ 0.14230126  0.05976062 -0.03416659 ...  0.14643705  0.02196771
  -0.1276987 ]
 [ 0.10028256 -0.11050145 -0.05404791 ...  0.13191891  0.02848188
   0.01480194]]
[-0.01838798  0.00609214 -0.01579847 -0.00253869  0.01555609  0.00029201
  0.01313485  0.00823095  0.00227458  0.0038199   0.02028437 -0.00130957
  0.00608696 -0.01517276  0.00360543 -0.00487356 -0.01314585  0.01004788
  0.0192234   0.00418576 -0.01301248  0.00216224 -0.01249045  0.00045998
 -0.00706356 -0.0156591   0.01275914 -0.00951757 -0.00636501 -0.00241818
  0.01588872 -0.00448351  0.00589807  0.00031825 -0.00356179 -0.00700307
  0.00379552  0.01743845  0.00792323 -0.00280629 -0.00999373  0.00858347
 -0.01264897 -0.00827489 -0.00383517  0.00099094  0.01583094 -0.00085536
 -0.00668642 -0.00958625 -0.00473462  0.00642328  0.0018522  -0.00467786
  0.02249992 -0.01050673 -0.01174342  0.0077959   0.00580498 -0.01519918
 -0.01513374  0.00582254 -0.01161022 -0.00641577 -0.01545614  0.02526078
  0.00111966  0.00058861  0.00501517 -0.00205934 -0.01787109  0.01447974
  0.00076928  0.01051272  0.01615675 -0.00797527  0.00511934 -0.00247636
  0.00245687 -0.02389958  0.00552577 -0.00321197 -0.00497497  0.00147998
  0.00847105 -0.02125679 -0.00343847 -0.01399085  0.00788863 -0.0068617
  0.01408187  0.00791626  0.00472438  0.00047185 -0.00232441 -0.00865629
 -0.0195156  -0.02012072  0.02422875  0.01008421  0.00398408 -0.01324995
 -0.00613041  0.00569568 -0.01612642 -0.00486691  0.00887465  0.0171544
 -0.0094837   0.01441271 -0.00554336  0.00620797  0.00541425  0.00651836
  0.01461266  0.01710362  0.01512611  0.00546047  0.01057099  0.00337346
 -0.00173198 -0.01284    -0.01113776 -0.000916    0.0097311   0.00588388
 -0.00154821  0.00176116]
[[ 0.13281227 -0.11131536 -0.16296804 ...  0.01618729  0.08629529
   0.18663913]
 [-0.11521076  0.08276633  0.05158477 ...  0.11123116 -0.09652562
  -0.00254287]
 [ 0.10513202 -0.11494789  0.06892962 ... -0.15630996 -0.15526895
   0.13402816]
 ...
 [-0.05057488  0.00970329  0.14680193 ...  0.05387047 -0.1506954
  -0.10221893]
 [-0.15897136 -0.18166273  0.10387682 ... -0.04897289 -0.14973331
   0.15537708]
 [-0.03383667  0.01463505 -0.07995699 ...  0.00797801 -0.0073377
  -0.07561716]]
[-0.00800163  0.02284434 -0.0143081  -0.01815846  0.0133925   0.02350965
 -0.01757699  0.00021259 -0.01647265 -0.01313985 -0.00481912 -0.0158481
  0.0006245   0.00553408 -0.01777706  0.02749219 -0.00280531 -0.00204074
  0.00537501  0.0355065   0.00451044  0.04435347 -0.00662151 -0.01018021
 -0.01973108 -0.00322807  0.00793168 -0.02780659 -0.0135351   0.02067745
  0.00451087  0.01566594  0.00768115 -0.02209056  0.02899584  0.00758934
 -0.00628294 -0.01647344 -0.00060722 -0.03153971  0.00236537 -0.00834992
  0.01850948 -0.01288372 -0.00607193 -0.00876113  0.02782875]
