[[ 0.03767439  0.08516502 -0.0110859  ... -0.06729263  0.01659171
  -0.05035436]
 [-0.00420263 -0.08314372  0.02515649 ... -0.02072424 -0.01769529
   0.01346387]
 [-0.06820368 -0.06538969 -0.05854784 ... -0.04923949 -0.00762138
   0.06877906]
 ...
 [ 0.05799632 -0.00911932 -0.02303832 ...  0.03674355  0.00730951
  -0.08182248]
 [ 0.08115197  0.06707212  0.03951753 ...  0.06750337 -0.00519752
  -0.02224855]
 [-0.04441899 -0.05268356 -0.02708402 ...  0.05840011 -0.04169622
   0.07781378]]
[ 0.16207703  0.05695383 -0.09556613 -0.93168874 -0.28987173  0.25415182
  0.28786724  0.24854074  0.68606561  0.15466117 -0.23137936  0.69828764
 -0.02408154  0.36349911 -0.08811747  0.8567727  -0.31697702  0.53734575
 -0.31576399  0.28856468  0.0028701   0.05112179 -0.11838547  0.50749091
  0.16480276 -0.38280362 -0.37960091  0.38488118 -0.34447864 -0.36358115
  0.27208669 -0.06314302]
[[ 0.13183919 -0.313748    0.30151712 ...  0.05166394  0.15368392
  -0.12451782]
 [ 0.26269626 -0.39070687  0.25906762 ... -0.25751841 -0.358277
  -0.01654505]
 [-0.61225405  0.16480412  0.05461268 ... -0.48758321  0.32759889
  -0.31034964]
 ...
 [ 0.16130562 -0.33117138 -0.59245647 ... -0.11174135 -0.03318941
   0.45042599]
 [-0.14561373 -0.2229342  -0.28258373 ...  0.39258475 -0.0433395
   0.13821697]
 [-0.19652017 -0.32633505  0.00256437 ...  0.38282426 -0.21075337
   0.15296277]]
[-2.68547824e-01 -5.41243597e-01 -1.24783508e-01 -2.84243014e-01
 -3.85223157e-01 -2.95522471e-02  4.19677591e-01  2.35360498e-01
 -4.79417023e-02  8.07545843e-02  3.80507555e-01 -1.19126933e-01
 -7.15908931e-02  1.35426080e-01  1.62964944e-01  1.52581671e-02
  6.93276256e-02  4.58446865e-01 -2.59775073e-01  2.13835764e-02
 -8.89992328e-03 -2.16460597e-01  7.61297868e-02  4.87178234e-01
 -7.27600920e-02 -2.82533335e-01  8.53607901e-02 -1.05459625e-01
  3.59497124e-01 -6.54070128e-05 -2.06840759e-01  3.59378774e-02]
[[ 0.23874551  0.27395181 -0.24450732 ... -0.23186786 -0.43636015
   0.174536  ]
 [-0.43077377  0.14683373  0.35305291 ... -0.14397    -0.32640848
   0.05578294]
 [-0.322873   -0.49973094  0.49440757 ...  0.07391812 -0.49262143
   0.14327771]
 ...
 [ 0.00660202  0.31874821  0.04901034 ...  0.18862599  0.01981073
   0.38069029]
 [-0.19599332  0.13819024 -0.15084332 ... -0.65600571  0.16022206
  -0.21293914]
 [ 0.12587848  0.12213069  0.29579406 ...  0.14085193 -0.21553882
   0.20793469]]
[-0.05353372  0.02416876 -0.19280586 -0.19766642 -0.11446079  0.21301053
 -0.37793041 -0.11718    -0.03903549 -0.08347881  0.06071932 -0.16951451
  0.13209192  0.10129319 -0.29447102  0.36124994 -0.08004341 -0.0144251
  0.10920573  0.26662886 -0.09977099  0.48087547 -0.18325022  0.1916853
 -0.2234898  -0.08666987 -0.05326449 -0.10973824 -0.04673639  0.08063739
  0.17179193  0.19307523 -0.18053068 -0.38397167  0.20503076  0.20508954
  0.06223662 -0.03252456 -0.0358014  -0.17965516  0.06758131  0.08408996
  0.12624869  0.08033543  0.01305882 -0.18448563  0.30432996]
