[[-0.01199916  0.02299779  0.08058411 ...  0.0408394   0.05030368
   0.05429173]
 [ 0.04111416  0.02523563  0.00983735 ... -0.04209215 -0.04583349
   0.00949906]
 [ 0.00231398  0.07149273 -0.07517469 ... -0.03098174 -0.07706852
  -0.061566  ]
 ...
 [-0.0600536  -0.0787997  -0.01974901 ...  0.04631564  0.01110496
   0.00678759]
 [-0.03463729  0.03779206  0.00803998 ...  0.06378406  0.04018178
  -0.08083335]
 [-0.00295408 -0.02619064 -0.02346448 ...  0.05487279  0.03159714
   0.01560265]]
[ 0.04475929 -0.06935007 -0.04844712  0.11689361  0.05479528 -0.07525414
 -0.03103891 -0.18114834 -0.13772651 -0.00285496  0.12366229 -0.00817107
  0.03082548  0.13507672 -0.06285594 -0.05099081 -0.15308775 -0.18000274
  0.18626407  0.034651    0.04016822  0.01022775  0.00801786  0.01612254
 -0.28390993  0.00191518 -0.2349473   0.00476077  0.11249338  0.11006846
 -0.18397562 -0.01011724  0.10137484 -0.19031348 -0.10383212 -0.13147622
 -0.07838521  0.18541368 -0.09950575 -0.25435504  0.19382431 -0.19368134
  0.0503824  -0.00442324  0.03813079 -0.00301878 -0.0875669   0.19555423
  0.18429997 -0.08690137  0.22890803 -0.05389771 -0.12936129  0.01041572
  0.05294914 -0.00874865  0.1268529  -0.20207323  0.09192299  0.09463584
 -0.02154077 -0.1254786   0.13211998 -0.04107627 -0.33623855 -0.14656298
  0.05671327  0.13207587 -0.23724455  0.04811549 -0.01750261 -0.04020763
 -0.25591113 -0.10268428 -0.11682005  0.0142911  -0.12902503  0.36452895
 -0.25943245 -0.22448298 -0.0789823   0.10294459  0.12840445  0.01069041
  0.0188796   0.01127621  0.00417749  0.06145982  0.07390317 -0.13377654
  0.00450339 -0.1244702   0.10918814  0.09039463 -0.0146986  -0.05869161
  0.04293351 -0.01338162 -0.17053252 -0.17298778  0.04474139  0.01211443
 -0.16863107  0.16514778  0.05782651 -0.04357878  0.00351277  0.00497947
  0.29090379  0.25229552 -0.03092724  0.14257973 -0.08457488 -0.02210614
  0.06997896  0.0459029  -0.05601188  0.03748431  0.0644048  -0.15329251
 -0.27535422 -0.03813125  0.02430821 -0.04833892  0.10482956  0.00598012
  0.03590332 -0.23271488]
[[-0.07090737 -0.08279968 -0.04040279 ...  0.13249646  0.01461815
   0.04244029]
 [-0.09153486  0.16218169  0.02513231 ... -0.06292307  0.05696614
  -0.0339488 ]
 [-0.09753061  0.10203028  0.01042304 ... -0.07128408  0.15587922
  -0.17734158]
 ...
 [-0.14118952  0.09059863  0.10743711 ... -0.02917765  0.14328246
   0.12354718]
 [ 0.08677507  0.153302    0.02809679 ... -0.01827885  0.09335423
  -0.09259708]
 [-0.00914178  0.14857267  0.09715841 ... -0.04348181 -0.1416634
   0.12431637]]
[ 0.03584595 -0.06191923  0.1024084   0.01948666  0.01015175  0.03117372
  0.12771936  0.08231327  0.01632406  0.01638832 -0.10058334  0.09730166
  0.07179545  0.11292866  0.04140272  0.03826325 -0.04276627  0.01482316
 -0.07479479 -0.0257328   0.15962218 -0.05063894  0.00860498  0.14646651
  0.09164842  0.07402458  0.19250356  0.08040007 -0.04233262  0.11340212
  0.08123461  0.10580499  0.12890542  0.00053259  0.02362849  0.07912722
 -0.01960137  0.09853324 -0.06972492  0.11296217  0.09355488  0.2284188
 -0.01272084  0.15118033  0.09131248  0.05151893 -0.1514407   0.03540586
 -0.01442531  0.10515273  0.15179897  0.06325573  0.00611985 -0.1753858
  0.16653092 -0.06941561 -0.09051094 -0.0054225  -0.00060729  0.12989532
  0.07820163 -0.02333467  0.12116466 -0.12196714  0.05030116 -0.14308638
 -0.13377512  0.01193273 -0.00300034 -0.01486888 -0.03805139 -0.02979339
 -0.08028922 -0.05959474 -0.1325628   0.16443074 -0.03019274  0.09265574
  0.08323577  0.01238471 -0.04725541 -0.07190543  0.06448894  0.03792213
 -0.07247976 -0.05324089  0.13569545 -0.07860774 -0.10316201  0.0139919
 -0.03950282  0.01780112 -0.07003198  0.08766368  0.01713508  0.05479689
  0.01964929 -0.02193452  0.01859517  0.01790333  0.06542376  0.00677338
  0.00259741  0.01229946 -0.05346782  0.00436795 -0.02664873 -0.17594151
 -0.19818969 -0.06531093  0.01928161  0.04906399  0.12984394 -0.06993013
 -0.07156917 -0.06523931  0.07803634 -0.05374335  0.06472333 -0.12918782
  0.05807739  0.01438334 -0.18773767 -0.12778599  0.01271635 -0.05274777
  0.14002474  0.02181888]
[[ 0.18033487 -0.01507983  0.12593972 ...  0.0548924  -0.04103459
   0.14825908]
 [-0.11182462  0.0298304  -0.13338666 ...  0.01871122 -0.1185346
   0.00702998]
 [-0.07808025  0.07372877  0.03374656 ...  0.11297366 -0.1058811
   0.04450819]
 ...
 [ 0.11683836  0.00373352 -0.00682332 ...  0.03600917 -0.11786796
  -0.13693174]
 [-0.10083065  0.15887505 -0.08536225 ...  0.15094411  0.1714697
   0.04892626]
 [ 0.02734563  0.05974047  0.03093042 ...  0.09469591  0.03677345
  -0.12088784]]
[-6.76403938e-04 -2.26939623e-02  8.66901995e-02  9.37023605e-02
  4.45673281e-03  2.62905250e-02  5.82327660e-02 -1.67591202e-02
 -5.44636799e-02  1.51030988e-01  6.76342727e-02 -1.03495781e-01
  7.21890914e-02 -1.00156498e-01 -3.74140985e-02  6.80827287e-02
  3.74860521e-02  2.05533638e-02  2.54878329e-02 -5.19315265e-02
  2.50684239e-02  1.38500806e-01  3.52574333e-03 -3.22140319e-02
 -1.05042166e-01 -7.44819358e-02 -6.20395720e-02  3.87713937e-02
 -9.02654753e-03  7.12861174e-02 -1.61770518e-02 -9.74288796e-02
  2.34802435e-02  6.20859617e-02  7.22933203e-02 -1.25355928e-01
  4.31490770e-02 -1.40373601e-01  2.64493723e-02 -1.21735499e-01
  6.06841923e-02  3.91064404e-02 -5.32846370e-02 -2.47007819e-02
 -8.44656957e-02 -1.44415546e-02  7.72216516e-02  9.37172342e-02
  2.69634231e-02 -1.40375533e-02  3.19801341e-02  5.40610808e-03
  4.54190809e-02  9.97932651e-03 -3.73833514e-02  9.12091476e-02
  3.01926061e-02 -2.48603950e-02  7.91409093e-02 -6.46989567e-02
 -5.63464491e-02 -6.72998484e-02  2.65952679e-02  2.96503845e-03
  5.03347422e-02  2.01254966e-02 -1.89224582e-02 -3.19871108e-02
 -2.22391941e-02  1.41184882e-04 -5.35083224e-02  1.07324940e-01
  1.15613102e-01  4.92277426e-03  2.06591802e-02 -7.25095321e-03
  5.96066258e-02 -5.07952303e-02  9.30530409e-02  9.10596847e-02
 -1.01426673e-01  1.09052603e-01  7.84537913e-03 -9.16696050e-02
  2.02840216e-02  6.95941656e-02 -6.06708373e-03 -6.96429875e-02
  5.71710027e-02 -4.19428719e-02 -2.10384535e-02  4.55928941e-02
  5.52642654e-02  5.51803685e-02 -7.10345539e-02  8.48667597e-02
 -2.09326323e-02 -2.65916891e-02 -6.26643597e-02 -7.72434924e-02
 -2.31167063e-02  4.24919390e-02 -1.34180037e-02 -4.31825426e-02
  4.80316317e-03 -5.55623609e-02 -5.35216305e-02  6.81806733e-02
 -3.66281804e-02 -9.80358565e-03 -2.23465767e-02 -3.79277283e-02
 -1.07638815e-01  1.32399488e-01 -7.77841389e-02 -3.74944620e-02
 -1.58179020e-01 -2.26915642e-02 -5.64112534e-02 -6.94394417e-02
 -1.31182315e-01 -5.50587720e-02  6.05524184e-02  4.33125471e-02
  7.09345092e-02 -4.56781021e-03  1.49379817e-02  7.27828156e-02]
[[-0.03828667 -0.16751222 -0.0969794  ... -0.1024108   0.09750925
   0.12663042]
 [-0.01555157  0.08286221  0.06665521 ... -0.02780823 -0.12829959
   0.15268932]
 [-0.15165976 -0.10616424 -0.12780996 ... -0.0693633   0.11068314
  -0.13131474]
 ...
 [-0.10340612 -0.13261672  0.1434538  ...  0.05993876 -0.00565329
  -0.02787282]
 [-0.05852095 -0.15814524  0.09443209 ... -0.00431335 -0.1747964
   0.05625557]
 [ 0.09948053 -0.02191286  0.02855165 ...  0.02256456  0.10173776
  -0.14154319]]
[ 0.12292169 -0.09436664  0.09961682  0.01750237 -0.09356302  0.0272559
  0.02588494 -0.02675454  0.00236107 -0.09504977 -0.02491905  0.0254709
 -0.03120444 -0.04947048 -0.03626714  0.11736598  0.03496808 -0.03372441
  0.03637387  0.03410645  0.0374789   0.06239687 -0.02648353 -0.10716998
  0.01672429  0.04680966 -0.05815345  0.07641661  0.03560546  0.0081028
 -0.03329518  0.01347417  0.01490971  0.03227628 -0.00702524  0.00974375
 -0.11904948 -0.02476837 -0.06250782  0.03093429  0.01401238  0.09480581
  0.0007378   0.06110595 -0.01035739  0.06545582  0.11122508 -0.11116208
 -0.07115857  0.01201821 -0.007594    0.06326014 -0.01014564 -0.00845031
  0.01686428 -0.13636773  0.00060314  0.02454682  0.05053603 -0.03249868
  0.00227759  0.01217247 -0.05443631  0.03495621  0.00395619 -0.01123821
 -0.07556489 -0.00279714  0.02273957  0.12468256 -0.0131922   0.0511861
  0.03193346 -0.02239716 -0.04319547 -0.01364097 -0.04311212 -0.06533315
 -0.02827122 -0.00993351 -0.01403066 -0.00979798  0.0366885   0.01226147
 -0.00517777  0.00709513 -0.0801061  -0.04626765 -0.04714363  0.03269914
 -0.04227645  0.00657997 -0.00638878 -0.04360667 -0.06931376 -0.00428339
  0.0211555  -0.06104774 -0.02103518 -0.05469662 -0.13026742  0.04511481
 -0.02898717  0.07871483  0.0028671   0.03673082  0.03781583  0.02760366
  0.0164835  -0.09171695 -0.04052689 -0.0520672  -0.01737899 -0.04630656
  0.07017863  0.01342204 -0.00123481 -0.06168041  0.02709172 -0.01388447
  0.05697697  0.0777173   0.01504569 -0.05731651  0.1062731   0.00898011
  0.06573814  0.04533559]
[[-0.15217573  0.11371798  0.13746494 ... -0.19712735  0.0972368
   0.03457   ]
 [ 0.05683631 -0.06485853 -0.14692232 ... -0.07701357  0.11631491
   0.1828589 ]
 [ 0.20539278  0.08047634 -0.13677802 ... -0.08606179  0.17481735
  -0.17681132]
 ...
 [ 0.03012518  0.06822186 -0.10521035 ...  0.08282558 -0.01087332
  -0.04464157]
 [ 0.09359947  0.0732388  -0.15078263 ...  0.04981888 -0.06639998
   0.17333264]
 [ 0.19716517 -0.06197724  0.0187992  ...  0.07267017  0.06998761
   0.1612537 ]]
[ 0.01567672 -0.00122103 -0.03021701 -0.08674345  0.02197446  0.03574626
 -0.16641442 -0.11905911 -0.06392314 -0.07268549  0.00533713 -0.00493139
  0.04546393  0.02255804 -0.06962682  0.11080886 -0.01315881  0.03267129
  0.03159299  0.11728274 -0.00304643  0.16544376 -0.07022737  0.06122159
 -0.07708466 -0.04395908  0.02638817 -0.03007644 -0.00369761 -0.03207686
  0.0201528   0.03803697 -0.10473501 -0.09478233  0.14158462  0.05989909
  0.0379511  -0.06545004 -0.05244748 -0.08494189  0.04326224  0.08043128
  0.06789974  0.02305975 -0.00290654 -0.04462749  0.13359635]
