[[-0.01583635  0.06947394 -0.076362   ...  0.05161348 -0.02872671
  -0.04080977]
 [ 0.06795663 -0.04248648 -0.00297326 ... -0.03022685 -0.08034627
  -0.02577466]
 [ 0.05016882  0.0231133   0.0237789  ... -0.03061792 -0.00589573
  -0.00755256]
 ...
 [ 0.01126342 -0.05461338 -0.03505719 ...  0.05178436  0.063407
   0.01318363]
 [-0.07057621 -0.02661846 -0.00016787 ... -0.03237155  0.0184443
   0.07028261]
 [ 0.04981406 -0.02393362  0.05215308 ... -0.06912793  0.02155214
   0.00749106]]
[-5.98183150e-04  5.49462461e-01 -5.86596609e-02  2.68779935e-01
 -2.30694958e-01 -1.28646260e-01 -9.18266161e-02  5.39115772e-01
  1.55734373e-01 -1.90448706e-01 -3.58893730e-01 -2.35099015e-02
 -7.21632382e-03 -1.84570886e-01 -4.47103183e-02 -2.26807888e-01
 -8.91890167e-02  3.30902557e-01  1.17273353e-01 -1.21303623e-01
 -5.85022382e-01 -1.20186056e-01  1.14173025e-01  2.73868736e-01
  3.51649519e-01  4.48600644e-02  9.30115884e-02 -1.44028692e-02
 -5.56851704e-01 -7.30675115e-02  2.83178111e-02  1.34814022e-01
  5.91375633e-02 -3.36013306e-01  2.80351733e-01 -2.47507144e-01
  2.59988194e-01  2.97045586e-02  3.42309774e-01  3.69065290e-02
  2.83288351e-01 -4.10211702e-01 -6.97735998e-02 -2.42759446e-01
 -1.44292612e-01 -8.39612166e-01  9.44652993e-02  2.65386518e-02
 -2.67638257e-01  1.83486795e-01 -7.34717026e-01 -2.18289258e-01
 -2.55343349e-02 -4.07846455e-01 -1.56981714e-01  3.96900788e-01
 -2.98231535e-01 -5.53935318e-02 -5.99690815e-02  2.12822632e-01
 -6.49564292e-02 -2.53918264e-01 -3.01534522e-01  2.30116585e-02]
[[-0.28258563  0.15810133 -0.02621827 ...  0.11782036 -0.11190904
  -0.04682567]
 [ 0.19938582  0.25243152 -0.16265171 ... -0.0328109  -0.1175149
   0.07323881]
 [-0.08654057  0.15466861  0.03324031 ...  0.03726    -0.11121536
  -0.32027886]
 ...
 [-0.03275357  0.15979507  0.16380522 ... -0.13492945  0.00677586
   0.09843005]
 [ 0.19586585 -0.0780553   0.20794226 ...  0.24854973 -0.0747957
   0.08683074]
 [ 0.33300352  0.28036745 -0.31816161 ...  0.03734489 -0.29273837
   0.19524178]]
[-0.04303336  0.04936549  0.10853908 -0.26148647  0.33000897 -0.10127236
 -0.19555714  0.07176618 -0.03382331  0.13601014  0.01156638  0.19383651
  0.04591821  0.14566588 -0.13013534  0.06353373 -0.05316522 -0.05776122
  0.06732182 -0.15578142 -0.55874991 -0.06915603 -0.066354    0.02001281
 -0.07483587  0.01688546 -0.09629003 -0.0450888   0.04229047 -0.12870047
 -0.02828412 -0.05034197 -0.10682759 -0.29377543 -0.03513616  0.47014394
 -0.25303511  0.17902291 -0.03436208 -0.34025711 -0.16164716 -0.07861519
 -0.26943013 -0.19522289  0.05977144  0.04579959 -0.0332901   0.06120904
  0.01166461  0.16633119  0.273649    0.15874054  0.0195309   0.08238334
  0.13623521 -0.04515691  0.15874336 -0.28617047 -0.09107046  0.19459073
 -0.05913435 -0.12187049 -0.02557666 -0.00866143]
[[-0.18699556  0.05649788  0.13555964 ... -0.14266174  0.1608595
  -0.1398512 ]
 [-0.11636863  0.32428131 -0.23905285 ... -0.2297946   0.14448604
  -0.11651588]
 [ 0.32341852  0.02052169 -0.43792907 ...  0.1835045   0.25153701
  -0.07043405]
 ...
 [-0.33025948  0.2039419  -0.07072177 ... -0.0545253   0.14324931
   0.13566984]
 [ 0.30306655  0.1617529   0.00863499 ... -0.27301975  0.24275997
  -0.24784404]
 [-0.20573109 -0.34499825  0.24752155 ... -0.12392226  0.3003
  -0.26834712]]
[-0.053549    0.10502043 -0.03386343 -0.12463437 -0.08633463  0.07637885
 -0.24614083 -0.0627364  -0.21942496 -0.06798113 -0.02925516 -0.09165453
  0.10512263  0.10404294 -0.14984176  0.22459191 -0.06413604  0.02252845
  0.09609952  0.17824603 -0.00757239  0.40608656 -0.07149419  0.04168531
 -0.21801646  0.02450507  0.03282238 -0.12632693  0.05456279  0.01825313
  0.1558729   0.07959326 -0.16411296 -0.17917352  0.25335903 -0.04216772
  0.03036427 -0.13835122 -0.04497022 -0.13193353  0.08249418 -0.03223096
  0.16073558  0.00668555 -0.10112658 -0.03540422  0.26338237]
