[[-0.0063596  -0.0197015   0.00260226 ... -0.01367157 -0.03826014
   0.03345237]
 [ 0.07347401  0.01849327  0.03866692 ...  0.05531489 -0.0638914
   0.00605766]
 [-0.07313753  0.00956109  0.05847334 ... -0.05533924 -0.00737278
  -0.03940633]
 ...
 [-0.05814522 -0.05252928 -0.04027249 ...  0.07150283 -0.04423803
   0.06256511]
 [ 0.0056668   0.07036882 -0.01048521 ... -0.082279    0.07064821
   0.02309991]
 [-0.02790901 -0.077001   -0.01816671 ...  0.06880343 -0.07981664
  -0.03692721]]
[-1.11450541  0.07910167 -0.07934681  0.96449037  0.8519142  -0.17006055
  0.60360326  0.15216256  0.58675991  0.36134855 -0.71406381 -0.80639819
 -0.97614566 -0.60965741  1.32843259  0.4194326  -1.64548949 -2.09403013
  3.8577463   0.48883477 -0.72344818  0.89025196  0.03882917  2.15613514
 -0.62807991  0.51288382 -1.47404022 -0.78759122  1.74706158  0.35074069
  0.53121254  0.73741734]
[[-0.05063999 -0.26266292 -0.12497178 ...  0.19573116 -0.02387587
   0.17199548]
 [-0.23839182 -0.51221054 -0.2326544  ...  0.00157665  0.07327545
  -0.23851618]
 [-0.13317409  0.00298071 -0.23945839 ...  0.13099192  0.31684516
  -0.02944762]
 ...
 [ 0.07094768 -0.36951266 -0.09675824 ... -0.10549128 -0.176692
  -0.10649303]
 [-0.01419477 -0.10213315  0.22457689 ...  0.20437242 -0.06025853
   0.10213775]
 [-0.00663513  0.14688219  0.23416489 ... -0.26944079  0.14260288
  -0.26802668]]
[-0.4078156  -0.11746443  0.25775797  0.17206103  0.63513399 -0.39981665
  0.35169866  0.07056353  1.00758462 -0.16511795 -0.41054094  0.26893491
 -0.1133651   0.57402462  0.84566018 -0.29303708  0.26823479  0.26867373
 -0.4703161   0.12706048 -0.46154467 -0.34165809 -0.24812097 -0.37229469
  0.75873282 -0.80953218  0.0333786  -0.27612611  0.60075106  0.02369364
 -0.87880362 -0.54808391]
[[-0.19467336  0.2384883   0.38419796 ...  0.19500611 -0.10265095
   0.21295079]
 [ 0.79446631 -0.1290097   0.0790676  ...  0.11915731  0.25863172
  -0.03667102]
 [ 0.09596497  0.4455005  -0.38639163 ... -0.08660172 -0.15558906
  -0.15903152]
 ...
 [-0.14904935 -0.31910718 -0.21369767 ...  0.25039442 -0.15481112
   0.15992796]
 [ 0.11854327  0.13303776  0.21424086 ... -0.68957197 -0.43825797
   0.21179579]
 [ 0.11495071 -0.22124212  0.28966835 ... -0.06357613 -0.35951138
  -0.0396357 ]]
[ 0.03156966 -0.24894103 -0.65487998 -1.00823955 -0.07602671  0.30958858
 -1.17418997 -1.2508199   0.65799131 -0.37851339  0.56858272  0.59019424
 -0.19518843  0.39496615 -0.20202453  0.76921349 -0.03076356  0.31393596
  0.21710639  0.08081168  0.19996315  0.53997298 -0.89187573  0.43735713
 -0.10448693 -0.83749648  0.39336463  0.32049688  0.07040665 -1.36194764
  0.02915516  0.56058717 -0.82081927 -0.21030977  0.7542885   0.68283324
  1.07199999 -0.62886836 -0.81663923 -0.38228021  0.2191422   1.18757556
 -0.26902036 -0.26322247  0.73685199 -0.49819386  1.16679194]
