[[-1.94809860e-02  4.66791252e-02  6.23407344e-02 ...  8.11486650e-02
   7.67952994e-02 -4.46337635e-02]
 [ 1.76645199e-05 -2.91368861e-02  6.75647271e-02 ... -6.00910181e-03
   2.86540243e-02 -3.13175602e-02]
 [ 8.17819691e-02  1.02744747e-02 -4.92973224e-02 ...  1.05512733e-02
  -7.59720863e-02  7.70042460e-03]
 ...
 [ 7.35233470e-02  6.69162094e-02  1.52261400e-02 ... -2.88759421e-03
   2.89892589e-02 -1.27736523e-02]
 [-2.20592883e-03  6.03979770e-02 -5.71024334e-03 ... -3.77881426e-02
  -2.62033102e-02 -5.94203547e-02]
 [ 6.74336880e-02  2.35843246e-02  5.53878443e-02 ...  6.70984741e-02
  -6.60630083e-02 -4.15164171e-02]]
[ 0.24657857  0.00420391  0.60955409 -0.31556168  0.66825511  1.16921231
  1.435857    0.19711261 -0.19841834 -1.29631673  0.05771637 -0.29481687
  1.92707469 -1.30894114 -1.54594347  0.49694912  1.31002406 -0.60242817
  0.46071825  0.15065429 -1.76849168  0.30804906  0.33173799 -0.87046918
 -0.63661183 -0.46753716 -0.11565687 -0.67231091  1.31513787  0.73872948
  0.58308662  0.53704945  1.02448503  1.14603947 -2.05456919 -1.07134428
  0.85010719 -0.47857973 -0.70070381  0.23095633 -0.30232048 -1.83892952
 -1.84774806  0.83902927  0.86735583  0.04820513  0.54340661 -0.38709847
 -0.33260659  0.3486487  -0.19195132  1.859156    0.20460689 -0.6824695
  0.01766123 -1.14233879  0.2429824  -0.61255976  0.36738235 -0.14326318
  0.03556818  0.06249847  0.85987929 -0.32871235]
[[-0.01633802  0.00989803  0.07487084 ... -0.03353646 -0.149636
   0.13194044]
 [-0.17718709  0.1790925   0.06651415 ... -0.08721438 -0.23790014
  -0.0420499 ]
 [-0.02030708 -0.08644131  0.06881482 ... -0.04385036  0.06563977
   0.12685952]
 ...
 [-0.04155236 -0.10891126 -0.1473363  ... -0.01835025  0.08904881
  -0.14702138]
 [ 0.23494198 -0.0523176  -0.08497146 ...  0.21854054  0.04306324
  -0.18558289]
 [ 0.19150646 -0.08728195  0.00920491 ...  0.01148592  0.09310142
  -0.08810192]]
[-0.1840064  -0.08009705  0.23781223 -0.04061498 -0.19689537 -0.01459813
 -0.10559382  0.03450564  0.19061969  0.03228056 -0.02965592  0.04549923
 -0.15575135 -0.24369546  0.07695386  0.02399992  0.12468813  0.00732687
 -0.12713757  0.17088066  0.01732266 -0.24890197 -0.01395368 -0.04906126
 -0.09283849  0.18451333  0.10519746  0.06401689  0.07320219  0.19796469
  0.0104087   0.06230653  0.11553143 -0.05389641 -0.00407341 -0.06023863
 -0.17250336  0.14069352 -0.09871334 -0.09887105 -0.06435596 -0.03827119
  0.00862291  0.06512622  0.03641524 -0.02925728  0.03474874  0.10765752
  0.0442395   0.05962738  0.09397016 -0.24228442  0.17722463 -0.14572024
  0.07240608  0.12200699 -0.02713354  0.07268084  0.0233835  -0.09790907
 -0.07239246  0.13051516  0.10447393 -0.06875393]
[[-0.00093201 -0.12696811  0.17606168 ... -0.05265597  0.22843456
   0.15928284]
 [-0.16929191 -0.08218789 -0.24775344 ...  0.14053176  0.00160206
  -0.15503158]
 [ 0.13912003 -0.13082704 -0.0721869  ... -0.20853516  0.10712876
   0.1202107 ]
 ...
 [ 0.03833643 -0.02775994 -0.11492866 ... -0.12632649 -0.14568318
   0.20837095]
 [ 0.08001982 -0.0221056  -0.04730029 ...  0.17435467  0.07351021
   0.20468842]
 [ 0.00989053 -0.1466741  -0.22043672 ...  0.12474223 -0.00443052
  -0.02467625]]
[-0.06188406 -0.0323622   0.03481495 -0.01952601 -0.02979881 -0.06279724
 -0.07552007 -0.01363948  0.04675047 -0.03049544  0.00664047  0.04476564
 -0.04382411 -0.07951004 -0.0351108  -0.0186949   0.06266251 -0.07050663
  0.01433889  0.11621834  0.02775054  0.01081097 -0.03343975 -0.08595227
 -0.00677348 -0.00109754  0.08553457 -0.01180989  0.00766205 -0.00510948
 -0.08284183 -0.05214102 -0.01421638  0.04864611 -0.02847011 -0.07202835
 -0.0397371  -0.08113882  0.01531737 -0.05626115 -0.07639972 -0.01025532
  0.02958822  0.04144036  0.02589614 -0.03422774 -0.00054845  0.05468792
 -0.11956661 -0.07447679  0.00124099 -0.03807292 -0.05170257 -0.03174487
 -0.02755285  0.00192918 -0.01849066  0.00193595 -0.06690987 -0.0512634
  0.04965283  0.04068532 -0.03649845 -0.00126416]
[[ 0.16061043 -0.17592802  0.09549515 ... -0.00424366  0.23344087
  -0.22939353]
 [-0.02846031  0.13171193 -0.04098902 ...  0.20534664 -0.00489074
   0.0312576 ]
 [ 0.05091021 -0.07558847  0.05757084 ...  0.08576672 -0.16390415
   0.01394801]
 ...
 [ 0.19393588  0.12715778 -0.13997435 ... -0.09149305 -0.16836003
   0.00240626]
 [ 0.13726228 -0.12824293 -0.04481987 ...  0.04332857 -0.14953408
   0.14593023]
 [ 0.00103632 -0.11286803 -0.05372465 ... -0.18646319 -0.15516912
   0.02193149]]
[ 0.63363816 -0.4284079   0.55164074  1.06144334  0.76989206 -0.20581075
  0.01405073 -0.07182592 -0.13805212  0.09999183  0.22946911 -0.09558456
 -0.31353682 -0.17729395  0.09553147 -0.32000044 -0.31652072  0.35746793
  0.04505172  0.23264508 -0.1357372  -0.09856942  0.12510999  0.58126007
  0.2423831   0.75305687  0.01796007  0.08525787  0.25583275 -0.01533023
 -0.26816983  0.13634509  0.5689412  -0.17655052 -0.14506378 -0.22375487
  0.48408646 -0.11168066  0.02567872 -0.02790993 -0.39814922  0.01790979
  0.13577116  0.34425793  0.17951124  0.34258892 -0.16903052  0.72445797
  0.2606587   0.47487787 -0.10972862  0.25684788 -0.47344894  0.32832236
  0.08512934 -0.33080798  0.76353779  0.34705575  0.32358044  0.25953709
 -0.00433142  0.14818935  0.1857334   0.00315988]
[[ 0.04630845 -0.00132375 -0.22980834 ...  0.08544664  0.19250206
  -0.50887254]
 [ 0.03670781  0.0502164  -0.52451433 ... -0.25029934 -0.08541745
  -0.11283174]
 [ 0.02091749 -0.19565208 -0.06768981 ...  0.12491709 -0.26154765
   0.04767896]
 ...
 [ 0.21948372 -0.07829612 -0.02672605 ...  0.01416787  0.04968863
   0.07971035]
 [-0.2953099  -0.00114019 -0.05017489 ... -0.10842933  0.09821012
  -0.17152549]
 [ 0.11706781  0.09302679  0.10099976 ... -0.12150739  0.01051591
  -0.06542347]]
[ 0.00999997 -0.4192314  -0.54323053 -1.08471316  0.01007505  0.40058218
 -1.22872978 -1.46784339  0.81263281 -0.57708413  0.53564232  0.70483642
 -0.30514751  0.42337694  0.10349925  0.49211876  0.0070896   0.25481715
  0.22625181 -0.05197881  0.27491008  0.29860344 -0.83689854  0.27507065
 -0.09108153 -0.71118051  0.40691685  0.31475688 -0.01667555 -1.74354162
  0.0771984   0.4910514  -0.7838159  -0.09683531  0.69925203  0.92833678
  1.16157352 -0.85430909 -0.84541477 -0.29968315  0.36061117  1.54146906
 -0.44606716 -0.14457359  1.02057505 -0.65914775  1.37593562]
