[[-0.01383771  0.01348152  0.06214293 ... -0.0694069   0.05017761
  -0.01908702]
 [-0.01631653 -0.00477415 -0.02227152 ...  0.07395189 -0.06615147
  -0.06745276]
 [ 0.01226291  0.07860372 -0.03087584 ... -0.04686131 -0.02126412
  -0.01358639]
 ...
 [-0.07517218  0.05626557 -0.03956866 ...  0.07159075  0.01248003
  -0.0388266 ]
 [-0.03581546 -0.01843792 -0.06012319 ...  0.05277708 -0.07955886
   0.02227468]
 [ 0.084167    0.01086056  0.03535938 ...  0.00105196  0.04749126
   0.00465752]]
[ 3.0353415  -1.16945152  0.5393859   1.2849973   0.17274089 -0.28614874
 -3.02757516 -0.1697842  -1.16171044 -1.03651774 -0.89754393  1.46662651
 -0.85010047 -0.30960428 -0.86123792  1.19951532 -0.87022389  1.39925698
  0.19933817 -1.15912898  0.56933104 -0.14400297 -2.56854179 -0.77704981
 -0.04059105  1.18687754  0.10533154 -0.76810541  1.22523016  0.97680598
  1.7079073  -0.04682248]
[[-0.1183199  -0.08156757  0.20387449 ...  0.11387555  0.11034893
   0.19458439]
 [-0.10036004 -0.18635016  0.18735561 ...  0.17525279 -0.3467509
   0.07120846]
 [-0.19781336 -0.30637758  0.21682713 ...  0.13367135 -0.02026175
   0.1380081 ]
 ...
 [ 0.14523338  0.03983946  0.11650146 ...  0.10082629 -0.2294479
   0.27890405]
 [ 0.02979199  0.08899027 -0.05035744 ... -0.19914061  0.01455366
   0.1944506 ]
 [-0.07423091  0.06977     0.00159077 ... -0.10134166  0.01467067
   0.15970946]]
[-0.16197152 -0.01271475 -0.13452475  0.01281248  0.08523298  0.21744955
 -0.04443516  0.09316346  0.29594447 -0.18922722 -0.21467492 -0.00595463
 -0.21203574 -0.23487565  0.45439008  0.09691778  0.09349902 -0.10456899
  0.1803912   0.15073008  0.00143693 -0.01164875  0.17952783 -0.05967624
 -0.26508175 -0.08275143 -0.19924257 -0.19606894 -0.12839843 -0.07147596
 -0.18792817 -0.11171304]
[[-0.16311474 -0.06893859 -0.17550593 ...  0.08786866  0.09084833
  -0.01781903]
 [ 0.1308086  -0.08296299 -0.07134684 ...  0.32465917  0.10286098
  -0.17175543]
 [ 0.07154451 -0.11710546  0.27389793 ... -0.16207997 -0.21565056
  -0.0488334 ]
 ...
 [ 0.06135546  0.02384397  0.3733289  ... -0.08749939  0.48207081
  -0.17323578]
 [-0.22369922 -0.14704027 -0.04747023 ...  0.1163915   0.05565044
  -0.02714223]
 [ 0.20227965 -0.30728206 -0.27510774 ... -0.07721037 -0.15930894
  -0.27697226]]
[-0.00678672 -0.03183898  0.02713493  0.0665213   0.06949988  0.05591108
 -0.11219417 -0.07773711  0.14456926 -0.02928174 -0.03918263  0.00037446
 -0.04586755  0.00017967 -0.10765396  0.00446995  0.04366794 -0.04322948
  0.0857355  -0.01970028 -0.0180406   0.12297152 -0.0829275   0.00105936
  0.04743823  0.09540147 -0.00197437  0.02110159 -0.04342416  0.06969235
  0.06805867  0.0184372 ]
[[-0.21927644 -0.07322466  0.09155374 ...  0.0326014  -0.07691607
  -0.0004527 ]
 [ 0.17249382 -0.21684567  0.06691119 ... -0.11496392  0.02846651
  -0.00667075]
 [ 0.04783987 -0.15334115  0.01748584 ...  0.10855043  0.4065313
   0.04240077]
 ...
 [-0.02445935  0.10651202 -0.05117364 ... -0.25482785  0.05841852
   0.38459488]
 [-0.04500929 -0.04915916  0.31852273 ... -0.03341115 -0.0033142
   0.11898822]
 [ 0.35201755 -0.00639471 -0.11210925 ...  0.08757674  0.20301253
   0.00530786]]
[-0.35468247  0.37460854 -0.19226043  0.5947554   0.37510043 -0.18946978
 -0.03135728  0.70107619 -0.68363375  0.15290087 -0.47520741  0.03878362
  0.20089124  0.24367521  0.133998   -0.68844058  0.94732094 -0.6441618
 -0.06146748  0.37033331  0.22898156  0.68429344  0.55594748 -0.61463721
 -0.01779325  0.5284013   0.30351281  0.03458632 -0.24963677 -1.2133809
  0.10122428 -0.51512445]
[[ 0.0648723  -0.26720033 -0.26377131 ... -0.07467795 -0.24519313
  -0.37075831]
 [-0.48766196 -0.06192553 -0.22490295 ...  0.60567614 -0.07586871
   0.05511075]
 [-0.26167821 -0.05294795 -0.05325972 ... -0.14588207 -0.19474483
  -0.05564066]
 ...
 [-0.07630695  0.2287301  -0.05131661 ... -0.16976019  0.19990011
   0.06312066]
 [ 0.02425267  0.06751204 -0.06915939 ... -0.01786381 -0.19810464
  -0.24346973]
 [-0.30643759  0.14881074 -0.14821646 ... -0.09576117  0.21641668
  -0.32172637]]
[ 0.01596343 -0.55693854 -0.48486027 -1.12495166 -0.06357024  0.43442148
 -1.32235179 -1.55093148  0.75394868 -0.62209915  0.62337584  0.72545206
 -0.31550909  0.40787884  0.10575184  0.6928452  -0.07417675  0.27181244
  0.25323886 -0.0159855   0.22977369  0.33250865 -0.85846449  0.31221485
 -0.07358806 -0.76204358  0.50959589  0.45243246 -0.03604041 -1.81608907
  0.25261395  0.55440709 -0.9740828  -0.16207874  0.73987232  0.94790856
  1.21225862 -0.80724605 -0.91267743 -0.34570855  0.37297575  1.49895248
 -0.4539054  -0.24316565  1.06530727 -0.63723401  1.44818846]
