[[-0.0002357  -0.05295545 -0.07472424 ...  0.03591964  0.02082717
   0.05609979]
 [ 0.06303091  0.05322789  0.06643422 ...  0.0007372  -0.03628545
  -0.03540217]
 [ 0.02728805 -0.01758331  0.04026613 ... -0.06894327  0.02814539
   0.00766663]
 ...
 [ 0.0349059  -0.07789848 -0.02935838 ...  0.02324993 -0.06260372
  -0.08316307]
 [ 0.05512393 -0.08049114  0.00478106 ...  0.07351638  0.04145681
   0.08283009]
 [ 0.06337514  0.05163251  0.04554491 ...  0.02826077  0.06457536
   0.07264699]]
[-4.98844204e-02  3.28306652e-01 -2.17569614e-01  5.46376970e-02
 -2.58791920e-01 -1.83409579e-01 -2.54719615e-01  2.97259032e-02
  2.17835026e-02  1.58683711e-01 -1.35433589e-01 -4.14820787e-01
  8.81307036e-02  5.62807045e-02  4.24699552e-01  6.66466185e-02
 -2.42378960e-01  2.65750446e-01 -4.84248131e-01 -3.07799052e-02
  2.11215231e-01  1.52766321e-02  5.21224779e-01  3.63578295e-01
  2.33055298e-01  1.05594694e-01  2.11871139e-01  4.61621464e-01
 -4.20263149e-01 -1.34174754e-03 -2.42217910e-01 -2.36043208e-01
 -5.01918855e-01  1.47947769e-01 -6.36742869e-01  1.32596798e-01
 -2.80462829e-01 -5.09078209e-01 -1.31854453e-01 -9.26956743e-02
  3.13086682e-01  2.09950591e-01 -1.39802957e-01  7.84143325e-02
  2.27456077e-01  1.83557275e-01  7.92525849e-02  5.41479341e-04
 -2.17662060e-01  9.94612489e-02  4.66047783e-01 -3.08964364e-01
  1.19789065e-01 -3.57148108e-01 -2.51341019e-01 -2.50387572e-01
  2.87965611e-01  1.43077433e-01 -2.79915710e-01  2.63623884e-01
 -3.31572870e-01  6.83443141e-01  3.09536476e-02  8.75370023e-02]
[[-0.06804127 -0.29097533  0.25459936 ... -0.20331064 -0.21286532
  -0.29158012]
 [ 0.27974009 -0.2042425  -0.25755718 ...  0.11056761  0.04261903
  -0.11991376]
 [-0.16082319  0.22215347 -0.00794825 ...  0.21804104 -0.13707315
   0.14458327]
 ...
 [ 0.10760525 -0.17950433 -0.04015325 ...  0.05818069  0.00413422
  -0.29584143]
 [ 0.14407329  0.20278242  0.06667621 ...  0.17062775  0.05419581
   0.04511753]
 [-0.01497955 -0.07613568 -0.05396199 ...  0.08862858  0.05041995
   0.22516365]]
[-0.11808167  0.14088875  0.26425611  0.1470105  -0.13373964  0.12216874
  0.29257116  0.226468    0.00514708  0.17438328 -0.17452457  0.15819226
 -0.19935781  0.27725546  0.17922599  0.03547176 -0.06162445  0.16948903
 -0.10761704 -0.06241501  0.05419915 -0.01227963  0.19203951  0.08385941
  0.2294468  -0.05493923 -0.03676036 -0.11169601  0.08294276 -0.07903131
  0.1575624   0.02336714  0.16982584 -0.15202658  0.26532652  0.12031574
  0.06949638  0.01562394 -0.04005523 -0.29796979 -0.37309755  0.35739209
 -0.17540096  0.20993837  0.03024208 -0.20954904 -0.00216029 -0.17658669
 -0.30317641  0.14893287 -0.06749201 -0.01697991 -0.01754928 -0.15737702
 -0.27986076 -0.11226503  0.0470228   0.0588538  -0.10780003  0.06862896
  0.09275744 -0.03381806 -0.04655192 -0.16591953]
[[ 0.08998903  0.33697556  0.28276145 ... -0.30895621  0.19799927
  -0.26905426]
 [-0.27061727  0.07734188  0.15854151 ... -0.06940505 -0.12089315
   0.23211612]
 [ 0.10874644 -0.07231488 -0.13267354 ...  0.25475261 -0.02261639
   0.03642855]
 ...
 [ 0.08188969  0.25242252 -0.16237867 ... -0.2133775  -0.0150892
   0.2741574 ]
 [-0.49101319 -0.14072645  0.19243667 ...  0.35653121  0.27186969
  -0.05670643]
 [ 0.17021557  0.38191655  0.02458411 ... -0.13555771  0.13720474
  -0.31948058]]
[-0.09015233  0.10841421 -0.0803173  -0.16354148 -0.07657478  0.04167408
 -0.22708816 -0.03094119 -0.11146912 -0.13710515  0.10031752 -0.12633999
  0.08749915  0.01753309 -0.19742476  0.1561645   0.02731689  0.00215786
  0.09298033  0.26610817  0.02678838  0.34150438 -0.1182773   0.07727933
 -0.09566149 -0.00947555 -0.05690393 -0.12607934  0.04387334  0.07622176
  0.11391922  0.0633203  -0.19808404 -0.17117558  0.17255363  0.04822459
 -0.01404897 -0.09851617 -0.07309789 -0.12731772  0.0819746  -0.06105537
  0.16962167  0.05972926 -0.07055025 -0.00441362  0.29043518]
