[[ 0.06726662 -0.0605514   0.05973822 ...  0.01437844  0.03345133
   0.07080497]
 [-0.04645655  0.07561547 -0.06321558 ...  0.01595402 -0.07517097
  -0.06666252]
 [-0.0557774  -0.06653883 -0.05566973 ...  0.05853696 -0.00160975
  -0.07845436]
 ...
 [ 0.08406002 -0.01593352  0.03421294 ... -0.04879941 -0.06332188
  -0.0689302 ]
 [ 0.05237274  0.02466725  0.03652926 ... -0.04187493 -0.03524182
   0.08271912]
 [ 0.0011434  -0.03325113 -0.03072807 ...  0.06833947  0.00806384
   0.07196084]]
[-0.22326858 -0.22500882 -0.07642812 -0.31997207 -0.09713377 -0.28933723
  0.06999299 -0.03473135  0.07585229  0.20048641 -0.14542119  0.1164968
  0.26159168  0.22508932  0.0697487  -0.08368134 -0.05873078  0.09861451
  0.01029756 -0.23301105 -0.11977102 -0.03083449  0.24186475  0.17911351
 -0.18672245 -0.10530899 -0.22826538 -0.14231308 -0.11828389  0.01170289
 -0.1102552  -0.15564745  0.11761235 -0.22609217 -0.28431518  0.25817255
 -0.18343442  0.06537191 -0.18335386  0.0497737  -0.29557444 -0.19568232
 -0.02023096  0.32811369 -0.37570903  0.05265632 -0.11660834 -0.38037016
  0.06474651 -0.0462582  -0.12410725 -0.04298027  0.09810549  0.01596472
 -0.07418747  0.13324989  0.17515281 -0.11204076  0.13809411 -0.11251189
  0.0254404  -0.27598992  0.25218223 -0.1138084 ]
[[ 0.0438296   0.05120944  0.12682071 ...  0.07398284  0.19070239
   0.24104527]
 [-0.0079983  -0.13027987 -0.21284326 ... -0.01402168  0.1657925
  -0.22117208]
 [-0.22763744  0.02361837 -0.17517723 ...  0.1916683   0.04456569
  -0.20020467]
 ...
 [ 0.01908461  0.04895424  0.16556531 ... -0.09850706  0.06767209
  -0.22712296]
 [ 0.17952496 -0.10777024  0.09867224 ...  0.13773139  0.07195256
  -0.00066732]
 [-0.0524867  -0.19566943 -0.18326301 ...  0.17003125  0.15755214
   0.02221588]]
[-0.14914043  0.2057399   0.16289772  0.30267651 -0.09672848  0.1658308
  0.17878172  0.13888256  0.03921731 -0.19050108  0.05156788 -0.14420479
  0.01980221  0.02489026 -0.07038531 -0.02543541  0.0178205   0.20907475
  0.2936199  -0.03838802 -0.02043583 -0.00359396  0.17151609 -0.21372765
  0.04362139  0.29524057  0.07850692  0.14820463 -0.07617749  0.03590641
  0.03367028  0.02584844  0.03024266 -0.02384052 -0.17867028 -0.03808214
  0.19223278  0.02829171  0.01611235  0.03438091 -0.20283277 -0.00387894
  0.05668642 -0.12184429  0.13401211  0.06147942 -0.07028981  0.01075613
  0.00450389 -0.00572277  0.00746804 -0.0629227  -0.00587401  0.11809524
 -0.07586893  0.08272165  0.00970044  0.16510322 -0.10582842 -0.08045372
 -0.25210266  0.02112193  0.1442537  -0.16643482]
[[-0.05695535 -0.14764959 -0.01911977 ... -0.16688936  0.15397445
   0.02842835]
 [ 0.20724518  0.00308651  0.03616212 ... -0.26741656 -0.08741384
  -0.28059071]
 [ 0.13991012 -0.10932482  0.08179563 ... -0.19370506  0.29810102
  -0.07776128]
 ...
 [-0.1513508   0.09588646 -0.13622916 ... -0.12878644  0.09123132
  -0.06058562]
 [ 0.10288923  0.00875647  0.05203443 ... -0.23708004  0.17816816
   0.00448706]
 [-0.25297192 -0.13367699  0.03198976 ...  0.13861647  0.08696642
   0.06769251]]
[-0.13141227  0.08289834  0.04329003  0.0694893  -0.07229169  0.15927384
  0.13734937 -0.02658954 -0.04085909 -0.16446671 -0.04094423 -0.0124473
 -0.03233272  0.01764743 -0.02222431  0.08448218 -0.07707849  0.16367079
 -0.18718064  0.00117757 -0.04534467  0.10805321  0.01873791 -0.10655104
  0.06717763 -0.15260469  0.04343603  0.11851419 -0.00624578  0.09118719
 -0.14525645 -0.09612761 -0.01990826  0.005909   -0.00766345  0.04111209
  0.02322794 -0.04164418  0.04117932  0.09874055 -0.06337894  0.13796059
 -0.1409598   0.04973176 -0.03833297 -0.12529235  0.21924468  0.06664526
  0.25916062  0.10851058  0.04550092  0.18672735 -0.03912145  0.04652242
  0.00560525 -0.15447471 -0.11233492  0.09591778  0.06204476  0.10108771
  0.03437125 -0.02031938  0.02859976 -0.12073669]
[[-0.10575693 -0.01465698  0.09990648 ... -0.0008918  -0.01456035
   0.14061522]
 [ 0.12461928 -0.20415418  0.2644907  ...  0.11944697  0.11148192
   0.02825929]
 [ 0.25230833 -0.09854379 -0.17885189 ...  0.02284055  0.08020492
  -0.01215835]
 ...
 [ 0.21561967 -0.14002325  0.15762846 ...  0.18478295  0.25032269
  -0.19411277]
 [-0.01486208 -0.09057337  0.03262887 ... -0.22985716 -0.08070687
   0.13220499]
 [-0.03450253 -0.11010161  0.24450713 ...  0.02342111  0.11206125
   0.18872787]]
[-0.01994654  0.17481005 -0.00531275 -0.01005522  0.07445334 -0.03962744
  0.02290048  0.15828378 -0.12242919  0.03577549  0.03116724  0.13718892
 -0.08062602 -0.02651283 -0.10636751 -0.02051223 -0.00193049  0.06380595
 -0.0536448   0.19273206 -0.06963295 -0.17968937  0.10165889  0.16050768
  0.02328294  0.03526618 -0.09654348 -0.00687231 -0.03896559  0.14289944
  0.08104754  0.00932036 -0.02584886 -0.06345833 -0.04583466  0.00236132
  0.04876951 -0.16103734  0.09438498  0.01524887 -0.05063545  0.08919606
 -0.02632745 -0.0788282  -0.05504652  0.05191076  0.14361234 -0.02381055
  0.10061576  0.0131633   0.03294436  0.08528637  0.01154815  0.08295077
  0.0155072  -0.03010858  0.04631556 -0.24671728 -0.14022553  0.10863155
 -0.00093372 -0.08066459  0.04501306 -0.12340594]
[[-0.12498719 -0.06024336  0.31055064 ...  0.01394742 -0.01943926
  -0.25231093]
 [ 0.2056486   0.05059445  0.0243452  ...  0.20450012 -0.09306285
  -0.09810084]
 [ 0.01507133 -0.00562508  0.00677142 ...  0.24557073  0.17799841
   0.3103323 ]
 ...
 [-0.03474928 -0.16805207 -0.12832515 ... -0.06996958  0.15561595
  -0.03390121]
 [-0.06198882 -0.17850286 -0.05296972 ... -0.29014931  0.21660674
   0.10756685]
 [-0.22895884 -0.04615611  0.07481752 ... -0.11163035  0.09792622
  -0.02604376]]
[-1.48330194e-04 -1.08884609e-02 -7.48331985e-02 -1.11888272e-01
 -4.94237442e-02  8.23042188e-02 -2.48724712e-01 -1.79169031e-01
 -3.15882200e-02 -8.43672819e-02  6.71174648e-02 -4.64597393e-02
  8.30939268e-02  1.25549141e-01 -4.80960657e-02  1.57868333e-01
 -2.70824838e-02  4.56282380e-02  2.93379002e-02  1.18482338e-01
 -1.43231845e-02  1.69558356e-01 -1.06607782e-01  8.60195892e-02
 -1.74501362e-01 -4.71013048e-02  7.13754074e-02 -1.35650338e-01
 -4.33319542e-03 -3.48684123e-02  9.77175354e-02  1.19206321e-01
 -1.04855583e-01 -7.96691554e-02  9.18422917e-02  6.97858962e-02
  8.57111743e-02 -5.79222034e-02 -7.82830622e-02 -1.18681606e-01
  4.50328952e-02  5.77873859e-02  2.91553615e-02 -3.89171572e-02
  6.00028939e-02 -5.67634990e-02  2.72570715e-01]
