[[-0.05528838  0.00554353  0.07339087 ... -0.01949714  0.03330343
  -0.02567842]
 [ 0.04009724  0.00632677  0.05255949 ... -0.05265696 -0.01223128
   0.05369524]
 [ 0.01815682 -0.045597   -0.00176636 ... -0.05298141  0.01044693
  -0.00157265]
 ...
 [ 0.04233428 -0.07430816 -0.00615997 ... -0.02689808 -0.06926442
   0.0008597 ]
 [-0.0817979  -0.01752298  0.01759398 ...  0.03495788  0.01602894
  -0.05634019]
 [-0.07307423 -0.05550665 -0.06469376 ...  0.01029034 -0.07626357
   0.00482029]]
[ 7.03811906e-05 -1.57741939e-02  5.82491293e-04  1.45814657e-02
  2.72417917e-02  8.39283379e-03 -6.05853193e-03 -1.98130954e-02
 -1.77069098e-02 -3.37772000e-02 -2.30310632e-02 -1.47931351e-02
 -1.21667269e-02 -2.69984360e-03  2.45944168e-03  6.17754889e-03
 -2.30546070e-03  7.00582703e-02  4.83181882e-02 -3.30836837e-02
  1.71332202e-02 -4.62521897e-02  1.59141253e-02  8.71511143e-03
  2.60693899e-02 -1.16904566e-02  2.75549947e-02 -1.28488596e-03
 -3.32740811e-02  8.57158471e-03 -1.58510509e-03 -5.97156289e-03
 -1.33788276e-02 -7.18391502e-03 -1.31712090e-02  3.18915273e-02
 -2.04216009e-02  2.47866045e-02 -1.20785321e-02 -7.06298928e-03
 -1.16510585e-02  4.69897870e-02 -2.87288603e-02 -7.44584613e-03
  5.78741876e-03 -1.14195175e-02  1.72272695e-02  4.76674439e-02
  2.05156442e-02  3.03956685e-02 -5.83591112e-03  3.58958039e-03
 -2.98214140e-02  1.95384892e-02 -1.33658726e-02 -1.33466850e-02
 -1.25108770e-02  2.03777895e-02  2.21457661e-03  2.51499092e-02
  1.06443480e-03 -4.31211201e-03  3.72707854e-02  2.51824280e-02]
[[-0.16288254  0.07368518 -0.20771944 ... -0.17358288 -0.09195812
   0.15058141]
 [ 0.15641868  0.17507741 -0.01901198 ...  0.17939689 -0.17252469
  -0.16632159]
 [ 0.07824004  0.14256014  0.18177634 ... -0.11728502  0.16837664
  -0.04675639]
 ...
 [ 0.17614944  0.02187386 -0.05356474 ...  0.02056043  0.07821415
  -0.28071788]
 [-0.06566908 -0.17580556  0.11629189 ...  0.01502218 -0.02764931
   0.11729845]
 [ 0.17224087 -0.01402308  0.05207122 ...  0.10663414 -0.03844986
   0.0908948 ]]
[-0.01207003 -0.02681384 -0.00705799 -0.00039413  0.02809366 -0.00036348
 -0.00828723  0.00981857 -0.0093861   0.0126054  -0.01646095  0.02444084
 -0.01737374 -0.02278621 -0.03399528 -0.01674462 -0.03149014 -0.00353391
 -0.00721575  0.01223008 -0.03747857  0.02105103 -0.01474419 -0.00548566
  0.02970772 -0.00395909  0.03456962  0.01085806 -0.04519501 -0.01266946
 -0.01005965  0.03454515 -0.00608771 -0.02187588 -0.01636533  0.03681933
  0.00605008 -0.02070365 -0.01737774  0.01651224  0.01012925 -0.00666476
  0.01510654  0.00852464 -0.02894193  0.00455762 -0.00014249 -0.00190561
 -0.04072801  0.00500876 -0.00659369  0.00098658 -0.00877093  0.00403478
 -0.00475715 -0.00035259 -0.01178441 -0.01669524  0.03149904 -0.02770247
  0.02289187  0.01590149 -0.01707118 -0.01623457]
[[ 0.16453654  0.06139811  0.12954591 ...  0.05616338 -0.04285702
  -0.16626651]
 [ 0.21733835  0.03511105  0.02339287 ... -0.13713957 -0.21513821
   0.08348552]
 [-0.05982761  0.12412824 -0.10960938 ... -0.14473142  0.07283198
   0.03335419]
 ...
 [ 0.02245459 -0.12820693 -0.16897215 ... -0.17360902 -0.04652778
   0.17971887]
 [ 0.22688668  0.01580263  0.12924479 ...  0.07637149  0.15677746
   0.12407984]
 [ 0.18543216 -0.04802701  0.046626   ... -0.01143844  0.08075738
   0.18450343]]
[-0.02044936 -0.00651356 -0.01623969 -0.0309226   0.00737894 -0.0033421
 -0.01454246 -0.01215055 -0.02175334 -0.02033279 -0.00526265  0.01302771
  0.01634552  0.02167097 -0.01122866  0.02922877 -0.01806049 -0.02969815
  0.02937154  0.03244782  0.01465989  0.0404448  -0.01956314 -0.001149
 -0.02392038 -0.00836961 -0.00051359  0.00846627  0.00133343  0.0260528
  0.0069453   0.01307232  0.00091594 -0.01715693  0.05245148 -0.01612275
 -0.00619952  0.00713166 -0.00592786 -0.02954969  0.01025443  0.00625325
  0.00519671 -0.0052556  -0.01351932 -0.02918026  0.04427451]
