[[-0.07115866 -0.06047981 -0.01096473 ... -0.04156042  0.02387939
  -0.05444699]
 [-0.07604638 -0.06868199 -0.04456902 ... -0.02653705 -0.01059248
  -0.07275168]
 [-0.02304657  0.00626813 -0.06047833 ... -0.04799225  0.06859818
  -0.07676224]
 ...
 [-0.02605384 -0.03309929  0.02105575 ... -0.02400775  0.04335098
   0.06621905]
 [-0.0363151  -0.01137712 -0.02969678 ...  0.03056977 -0.06310236
   0.08312112]
 [-0.07354043  0.03040396 -0.03488756 ... -0.02082644 -0.02519737
   0.07388956]]
[-1.13377656 -0.27696699  0.89982782 -0.57823494 -1.15049161 -1.01770763
  1.73778002 -0.52203811  0.17827595  0.63057645 -0.12777763 -0.49981394
 -0.18937815  0.45014315  0.27364661 -0.35580875  0.94399786 -1.70874224
  0.22746018 -0.52595816 -0.80796023 -1.24765307  1.53352696 -0.24921555
  0.22952084  0.16228644 -0.9930755   0.24554777 -0.28996669 -0.14562643
  0.0998487  -0.18105755  1.03764832  0.16446136 -0.97916182  0.73254829
 -0.18191327  0.72723404  0.25091734 -1.84020628 -0.19345564 -1.93829773
  1.36573852  2.1734725   0.02098766  0.7635502   0.4252824  -0.11129086
  0.43124968 -0.58672984  0.1151931  -1.50429129 -0.05032522  1.50667049
  0.14889075  0.44071324 -0.59669596 -1.45906551  0.89836699 -0.96178318
  1.66978379 -0.20487171 -0.26629077  0.57147851]
[[-0.24412475 -0.07749654  0.24927032 ... -0.14975622  0.13939108
   0.02791595]
 [-0.16878621 -0.00049319  0.05775557 ...  0.00032891  0.07154264
  -0.03436912]
 [ 0.0619609  -0.03822576 -0.07903545 ... -0.11874085  0.1117362
  -0.13325717]
 ...
 [-0.05103192  0.14316983  0.14814942 ...  0.10613825  0.23259908
  -0.06005353]
 [-0.13559473  0.15234861  0.1530734  ...  0.08877955 -0.13697334
  -0.12231462]
 [ 0.11871715  0.04211424 -0.08093599 ...  0.11509953  0.26735481
  -0.27741239]]
[ 0.18710073 -0.09583279  0.05280161 -0.09322657  0.1490654   0.07820077
 -0.24425442  0.06241403 -0.02403607  0.093839   -0.02565962  0.00296205
 -0.14904009 -0.11173214 -0.04685238 -0.07463523  0.21193101 -0.16261466
 -0.01310422  0.04796444  0.00466574 -0.06069426  0.04247034  0.16972701
  0.00454854  0.10431485 -0.03098958  0.27511051 -0.05378079  0.08083511
 -0.01516028  0.15149757 -0.10669937  0.01038396 -0.03442573 -0.01713771
  0.06649932  0.16127395  0.05502318  0.09444985 -0.18091722 -0.06436015
 -0.11774418 -0.09534061  0.02380539 -0.04860784  0.2271499   0.10418497
  0.07170084  0.04572498  0.15225288 -0.12881399  0.00580581 -0.02232702
 -0.1509879  -0.08136058  0.12056446 -0.10083763  0.10175777 -0.10346897
  0.09073371 -0.10469768  0.0323587  -0.13847885]
[[ 0.00113913 -0.06149973 -0.25897903 ...  0.21900542  0.09347749
   0.12077189]
 [ 0.05896926  0.14789364  0.0018801  ... -0.04792863  0.02269697
   0.08288186]
 [-0.11385012 -0.17433772  0.04944453 ... -0.05818096  0.08518639
   0.16914483]
 ...
 [-0.17190371 -0.00845414 -0.0240242  ... -0.24545973 -0.04307319
   0.17238098]
 [ 0.10970714  0.02370437  0.0217379  ...  0.12203382 -0.16324215
   0.25651542]
 [-0.05568046  0.19617812 -0.08160239 ...  0.10907563 -0.16442852
  -0.05057688]]
[-0.02606108 -0.02057807  0.00343432  0.05139813  0.05990299 -0.07221958
 -0.06559784  0.03664336  0.01586615 -0.00856224 -0.09115309 -0.09022873
  0.0213781  -0.01042642  0.02206013  0.05076904  0.13205378  0.00502681
 -0.00585971  0.09276934  0.02568862 -0.02591071 -0.00836715  0.05221505
 -0.03320869 -0.02644656  0.04266704  0.00249477 -0.00867622 -0.06049023
 -0.01837147 -0.02199848  0.03505339 -0.00848714 -0.02720315 -0.04230737
 -0.03135809 -0.00709889 -0.07057422 -0.01264712 -0.03441356 -0.04788108
  0.0144145   0.01406596  0.06058675  0.04726873  0.04545249 -0.00584303
 -0.00537411  0.00747732  0.10624873  0.00470431 -0.02387134  0.05481982
  0.05913711  0.04318768 -0.07078993 -0.06622622  0.09443425 -0.03075567
 -0.01185422 -0.03836708  0.01144874  0.01625768]
[[-0.14061731  0.10985836  0.0535331  ...  0.04886562  0.09456957
   0.05695181]
 [ 0.0607208  -0.1367557  -0.06278914 ...  0.048665    0.10353027
   0.08492392]
 [ 0.10374093  0.09174927  0.17681461 ...  0.12853536  0.07943739
   0.13212705]
 ...
 [ 0.06667494 -0.08680352  0.15194071 ... -0.04911968 -0.13102685
   0.05898686]
 [-0.10324772  0.02558945 -0.03346273 ...  0.18844301  0.03971478
  -0.09033911]
 [-0.0502672  -0.1701255   0.10113365 ...  0.05096216  0.00032278
   0.10672039]]
[ 0.19132149  0.5094621   0.22425266  0.36723582  0.18665502  0.04566478
  0.12083518  0.34481583 -0.14964227  0.50735329  0.45424058  0.38854923
  0.36753426  0.41509162  0.02214417 -0.43610221 -0.42875073 -0.81622074
  0.10843124  0.20641206 -0.46955597 -0.11548884  0.34392407  0.26486225
 -0.15893404  0.33897364 -0.30304702  0.08400582  0.06609501  0.02445775
  0.27590129 -0.10340044  0.39790143  0.33038518  0.80053983 -0.04555011
  0.54835505 -0.18043437 -0.32095544  0.20314812  0.23972983  0.7674324
 -0.63688632 -0.37379648  0.09986593  0.12604275  0.02305698 -0.05553204
  0.42980297 -0.3030912   0.22009005 -0.15014936  0.09083207  0.00737059
 -0.68553601  0.25286801  0.46848323  0.70953879  0.10943278 -0.36143921
 -0.04151796 -0.24337393  0.20785912 -0.26731995]
[[ 0.07505449 -0.27937098  0.08799957 ... -0.09263009  0.10319503
  -0.14526501]
 [-0.00227138 -0.11035726  0.25950026 ...  0.24325457  0.09000072
   0.10604559]
 [ 0.01415553 -0.21725003  0.2448262  ...  0.24806244 -0.20140579
   0.16179084]
 ...
 [ 0.02824335  0.17570184  0.00605021 ...  0.25200132 -0.06423938
   0.14569953]
 [ 0.0838936   0.09422947  0.06563203 ... -0.05031041 -0.10216502
  -0.45464514]
 [ 0.15341443  0.08449357  0.15695982 ...  0.09786704  0.17353
  -0.16977011]]
[ 0.02641989 -0.47686052 -0.53861894 -1.04288256  0.01657855  0.35259202
 -1.18838186 -1.45087996  0.78013627 -0.52002942  0.50414854  0.64158597
 -0.29133224  0.43774397  0.11627649  0.53457918  0.04285158  0.30734608
  0.17463825 -0.02604061  0.30114673  0.29251047 -0.81976288  0.25610003
 -0.17281042 -0.72609849  0.40171888  0.35101538  0.02109872 -1.71158301
  0.14325802  0.50576925 -0.78406576 -0.11043798  0.66640132  0.90089443
  1.16802814 -0.86275216 -0.90415342 -0.29875534  0.31654126  1.51823618
 -0.43082935 -0.15890091  1.02157773 -0.67413272  1.39011522]
