[[-0.03525769 -0.07043346  0.05632692 ...  0.01705276 -0.05601904
  -0.03409477]
 [ 0.06114089  0.01589684  0.08057311 ... -0.0302142   0.06997263
   0.02086621]
 [ 0.0071996  -0.00378786 -0.06471542 ... -0.06332228  0.07575002
  -0.06558   ]
 ...
 [-0.05050426 -0.00425743  0.00695214 ...  0.067875   -0.04875772
   0.04569097]
 [-0.04905423 -0.01876418 -0.03195206 ... -0.00871794  0.02597273
   0.02875748]
 [-0.02579231 -0.05194489  0.00206524 ...  0.06185226  0.08113771
   0.06696812]]
[ 0.64431999 -0.36040592  1.22596584  0.49183474  1.11668576 -0.27644309
  0.56546428 -2.12111971 -1.58841186  0.6515587  -1.13031307  1.72289523
  1.23283667 -1.57288344  0.33370085 -0.59831569 -0.58196118  0.30656548
 -0.50253075  0.51601731  0.26232637  0.68971709 -0.79977937 -1.08641954
  1.42600345 -0.05916907  0.40143914 -0.005143    0.16347764  0.67568046
 -0.74016321  0.59431445 -1.98802564 -0.17090665  2.07094048 -0.53254468
  0.75947962 -0.01677852  0.00487566 -0.67295695  1.12541532  0.355951
  0.56303825 -0.36571041  0.07446324 -0.41157329 -1.56923647 -0.24636393
 -0.65058528  0.50498889 -0.08721131  0.26274989 -0.14212673  0.83033074
 -0.42202798 -0.48954941  1.16202808  0.33541293 -1.01421816 -0.29859976
 -0.38930454 -1.15412733  0.13662246 -1.66588934]
[[-0.12361247  0.06472137  0.01169524 ... -0.08990518  0.02232048
   0.31196194]
 [ 0.05410217 -0.19170556 -0.18549927 ...  0.02694645 -0.05737283
  -0.05763685]
 [ 0.03136176  0.05376939 -0.1816747  ...  0.15367504  0.02534126
  -0.23061174]
 ...
 [-0.13567285  0.01391644  0.22597574 ...  0.05510545 -0.05548278
   0.00418236]
 [-0.18482849 -0.2923713   0.00193724 ... -0.1070491  -0.15194337
  -0.19882424]
 [-0.21180538 -0.10949692  0.17358651 ... -0.13896113  0.24267583
  -0.20080518]]
[ 4.94233447e-02 -3.42749171e-02 -7.93155334e-03 -1.92888155e-02
 -1.17478841e-01 -6.93525276e-02 -3.05887060e-02 -6.35818038e-03
 -1.47537181e-01  1.66595491e-01  4.11922130e-02  9.92558258e-02
  7.73467582e-02  1.18060887e-01  7.33578652e-03 -3.42047619e-02
  7.03092965e-02  4.57187340e-02  1.97097816e-01 -1.10669211e-01
 -6.58338480e-02  1.18243613e-01 -5.45986817e-02 -8.19540012e-02
 -6.67911334e-02 -8.29540318e-02  1.76152582e-01  5.67997594e-02
 -9.04286202e-02 -1.99430342e-01  9.61487405e-02 -1.55766790e-01
 -1.40842132e-02  7.96681822e-02 -1.03754975e-01 -1.19209180e-01
 -3.35186924e-02 -2.80501068e-02 -1.22253228e-02  1.86180915e-02
 -1.72301996e-01  6.57251399e-02  2.71441242e-02 -7.87210313e-02
  1.05244133e-01  9.62978456e-02  2.40516559e-02 -8.18015325e-02
  8.97385303e-02  2.32250826e-01  2.17883203e-01  7.15803230e-03
 -1.38020243e-01 -9.74197078e-02 -4.38055985e-02 -1.46061792e-01
  2.69794370e-01  9.68655873e-02 -3.55664912e-02 -1.79867769e-04
  2.64084774e-02  5.99865542e-02  6.30568850e-02  1.00143479e-01]
[[ 0.07658745  0.14263188  0.02181642 ...  0.18688643 -0.08792271
  -0.08649303]
 [-0.15911571  0.13109797 -0.09618308 ... -0.12967913 -0.11505759
  -0.0941414 ]
 [-0.06712035  0.10943813  0.1371129  ... -0.09321921  0.17073045
   0.04287014]
 ...
 [ 0.18090369 -0.04309115 -0.07203178 ... -0.1563152   0.09281302
  -0.17837736]
 [-0.05495354  0.12165412 -0.14001304 ...  0.00067487  0.15700335
  -0.11606783]
 [-0.17413166  0.1976928  -0.17296048 ... -0.10494335  0.07642837
   0.10562449]]
[-0.43511723 -0.06402169 -0.43205531 -0.1000036   0.05470659 -0.30982526
 -0.36894708 -0.36550202  0.26070243  0.1004797   0.01784773 -0.11792525
  0.09004038  0.23584526 -0.44020003  0.0868617  -0.36103183  0.09678348
 -0.07311626 -0.41274429  0.14221499 -0.25913286  0.35984304  0.57195798
 -0.24781985  0.34008551 -0.37517789  0.24851553 -0.76063278  0.11371103
 -0.68574068  0.50613233 -0.36789521  0.00532754  0.25439424  0.96128422
  0.22998675 -0.09733516 -0.23321275 -0.56817541 -0.36433624  0.10176207
 -0.36347878 -0.73589972  0.34975408 -0.15396063  0.17675358 -0.16209551
 -0.53205806 -0.35460657  0.21190062 -0.63215624 -0.10657715 -0.46872849
 -0.38397767  0.63755758  0.15964032 -0.80240359 -0.11917498 -0.34582671
 -0.33408166  0.30872773  0.41783768 -0.11237309]
[[-0.15351065  0.25560147  0.28180543 ...  0.29591388  0.19756533
   0.20726408]
 [-0.01329928  0.09543164 -0.22858873 ... -0.327199   -0.0681585
   0.113084  ]
 [-0.10563263  0.23648464 -0.26488332 ...  0.37122034 -0.14736909
  -0.63123559]
 ...
 [-0.09842747 -0.26185068  0.03726973 ... -0.04101878  0.06265978
  -0.00312161]
 [ 0.05168892 -0.02330093 -0.17445515 ... -0.14612839 -0.24242495
   0.40266235]
 [-0.19775762 -0.12909584 -0.24595934 ... -0.15495045  0.03130774
   0.37652872]]
[ 0.06567808 -0.43867163 -0.49140505 -1.00974759  0.04126511  0.33187211
 -1.15730796 -1.31242331  0.66560718 -0.53815902  0.49539327  0.59701059
 -0.29278676  0.32629751  0.12622817  0.51819029 -0.02002732  0.18327624
  0.23416787 -0.07630611  0.20660901  0.29797599 -0.74822143  0.3130022
 -0.09312341 -0.81434735  0.34581887  0.30441326 -0.03187495 -1.59678728
  0.09733724  0.43252528 -0.76562651 -0.07154636  0.67760118  0.90295438
  1.13047072 -0.72991295 -0.82987029 -0.30944285  0.34029723  1.50292282
 -0.37001911 -0.14417912  0.98755789 -0.62715603  1.34446992]
