[[ 0.07022169  0.07029157 -0.04756211 ...  0.06086722  0.05154132
   0.07019872]
 [ 0.05438253  0.0678236   0.06367433 ... -0.04522055 -0.02447145
   0.06703809]
 [ 0.04755097 -0.06042003  0.02963156 ...  0.01322376 -0.06135078
  -0.0089079 ]
 ...
 [ 0.04117772  0.02080425  0.01663215 ... -0.03268511 -0.00533544
   0.06721783]
 [ 0.04027182 -0.06212026  0.05599019 ... -0.04224597 -0.00180724
  -0.08003104]
 [-0.06806006 -0.03054402  0.01824302 ...  0.01735254  0.04389913
  -0.02229388]]
[ 0.01129391  0.00574697 -0.00329302  0.02121612  0.00752765 -0.00298989
  0.02069462  0.01515954  0.04024533  0.02320079  0.00056918  0.02943604
  0.00261423  0.01951967  0.0280318   0.03071858 -0.0057657   0.0237385
 -0.00072597  0.02793284  0.03052734  0.02387019  0.02278375  0.00279755
 -0.00090431  0.0193949   0.03703341  0.00278549  0.00762952  0.00745674
 -0.00015879  0.02772521  0.02898032  0.02443537  0.00527667  0.01342871
  0.0118853   0.02022028  0.0118977   0.02932351  0.03629221  0.01747826
  0.03110841  0.02763836  0.0053162   0.0087061  -0.00170637  0.01884841
  0.02149276  0.02155788 -0.00145376  0.05469854  0.00838036  0.01997865
  0.00165613  0.01249294  0.02826005  0.00851644  0.03022855  0.0008344
 -0.0001902   0.01150863 -0.00216045 -0.00108031  0.00643943  0.04039686
  0.027845    0.01086751  0.04254565  0.00654947  0.01772003  0.00711211
  0.01031983  0.01333171  0.01069834 -0.00227781 -0.0047966   0.02051527
  0.00227597 -0.00476159  0.02965651  0.02739096  0.01106309  0.0273326
  0.00705704  0.01148731  0.00837472  0.00211357  0.01403486  0.01140977
 -0.00601766  0.0268297   0.00627088  0.01052853  0.01032499  0.00450344
  0.00517271  0.00563597  0.00526955  0.02902943  0.0130199   0.0277819
  0.037093    0.01059721  0.02652768  0.00109884  0.02760677  0.00704537
  0.01752434  0.00385367 -0.00030612  0.01342212  0.01251785  0.03232404
 -0.00439841 -0.00212927  0.00098539  0.00297864  0.01862126  0.01469608
  0.01801566  0.00579745 -0.00210614 -0.00348186  0.00271961  0.00498769
 -0.00864744 -0.00880404]
[[ 0.03934243  0.0025047   0.08250051 ... -0.11833311 -0.11830551
   0.13638522]
 [ 0.04549986 -0.12251358  0.09314747 ... -0.00572944 -0.00674155
  -0.11123739]
 [ 0.13342809 -0.12233905 -0.1032848  ... -0.11709837  0.0532594
  -0.01085846]
 ...
 [ 0.14159303 -0.05542685  0.04007783 ... -0.08738525  0.11682327
  -0.00200556]
 [-0.01509048 -0.0594021   0.04162384 ...  0.09665551 -0.10067024
   0.05832524]
 [ 0.07137867 -0.01435116 -0.01637868 ... -0.06806642  0.10542755
   0.06062196]]
[-4.57965104e-03 -2.28746297e-03  6.00851884e-03  8.58066830e-03
  3.11111235e-02  2.27106613e-02  6.98339641e-03  2.90506242e-03
 -3.36727765e-03 -1.73388645e-02  1.26125369e-02  1.27649803e-02
  2.22894126e-02 -2.78486250e-02  7.85810387e-05  3.01134896e-02
 -4.91092136e-03  1.53807669e-02  4.31626752e-02  1.66460367e-02
  1.78834564e-02  7.58336738e-03 -3.97891426e-03  1.21699874e-02
 -1.68779590e-03  1.59904698e-02 -2.91979753e-03  2.87366289e-02
  1.05216317e-02  1.84218988e-05  4.34714883e-03  2.28240019e-02
  6.39842153e-03  9.35625398e-03 -3.81132291e-03  1.39514472e-02
  1.42411132e-02  2.39174619e-03  1.37023334e-03  1.06750042e-03
  1.56835700e-02  2.73216042e-02  1.69546058e-02  8.71768287e-05
  6.14029794e-03 -1.49486999e-02 -3.78955713e-04 -6.08307761e-03
 -4.19413672e-03  1.84618914e-02  1.12355786e-02 -1.03167731e-02
  1.37717548e-02  4.18938594e-03  1.03295208e-02  2.65715011e-02
 -1.19770329e-02  2.18118862e-02  1.46652458e-02 -2.19969946e-02
  4.57523299e-03  1.47988124e-03  2.90062806e-02  1.42079154e-02
 -3.16575464e-04  3.69465407e-02 -4.28545187e-03  1.47873660e-02
  1.99999977e-02  2.51581706e-02 -5.23453964e-03  2.97607144e-02
  2.86204642e-02  1.53151287e-03  7.50223542e-03  2.91050924e-02
  2.88154567e-03  2.55335683e-02  2.70898738e-02  1.81556700e-02
  3.76427328e-02  2.40278433e-02  4.03336087e-02  5.47831979e-03
  1.70528201e-03 -1.22475371e-02  1.61886534e-03  1.39120969e-02
  1.32876940e-02  3.55630690e-02  7.71053371e-03  1.10716976e-02
  3.90331344e-02 -2.92669971e-03 -5.78071629e-03  9.71148496e-04
 -2.31584335e-04  1.03437445e-03 -1.04776310e-03 -2.16902939e-03
  1.72151524e-02  3.69857334e-02  3.89115910e-02  3.30793837e-03
  6.95169603e-03 -6.63970095e-03  2.38582946e-03  2.13698773e-02
  5.19033157e-03  1.58666356e-02  1.19161072e-02 -2.30232352e-03
  6.95225906e-03 -9.88830298e-04  8.60450592e-04  1.24755181e-03
  8.56561626e-03  1.58878480e-02  1.17827279e-02  4.53074369e-03
  3.97146028e-02  2.33322311e-04  3.65965149e-03  2.21168693e-02
  8.89588788e-03  7.40916229e-04  4.73389232e-03  1.55243469e-02]
[[-0.12010222  0.02177309 -0.03576946 ...  0.00823777  0.09467003
   0.15134768]
 [ 0.00779633  0.00479749  0.13390472 ...  0.06208077 -0.04434027
   0.05074508]
 [-0.07747527 -0.13324414  0.05015719 ...  0.15048147  0.0715
   0.11974622]
 ...
 [-0.01107472  0.142952    0.11918893 ...  0.1150118   0.07861563
  -0.08157958]
 [ 0.07526379 -0.03384907 -0.01836805 ...  0.0949315  -0.14975156
  -0.07542331]
 [ 0.12401746 -0.11081608  0.07686868 ... -0.00978003  0.13228184
  -0.11985415]]
[ 1.03444433e-02 -1.33090065e-02  2.92849514e-02 -2.61329484e-03
  2.89696970e-02 -9.89636934e-03  9.36877350e-03 -6.52542500e-03
  1.24980699e-02  2.20098548e-02  4.92203287e-02  2.72849410e-02
  3.61761584e-03 -7.05306609e-03  1.61655402e-03 -6.81777336e-05
 -5.93753523e-03  3.66499539e-02  2.36443930e-02  4.39560725e-02
  3.59943455e-02 -1.89757905e-02 -1.18571628e-02  4.14289120e-02
  6.62332243e-03 -4.18613040e-04  2.30246358e-02 -1.71363022e-02
 -4.60856804e-04  1.14109034e-02  6.23331606e-03  1.54639114e-02
  1.46950005e-02 -4.01650014e-03 -4.26107526e-03  1.73129918e-03
 -6.89870862e-03  3.20958845e-02  4.13624319e-04  2.12172870e-02
  4.58235497e-03  2.53390563e-02  1.99784979e-02  1.17144000e-02
 -2.10156086e-02  8.76727131e-04  6.14212211e-03  3.13915561e-04
  5.73823678e-03  2.21563584e-02 -8.54521271e-03  1.05512430e-02
  2.33548675e-03 -7.26607586e-03  2.04592926e-02  4.64158069e-03
  2.86417887e-04  1.72511320e-02 -4.34393149e-02  1.74539176e-02
 -7.27592263e-03  9.64606612e-03  1.08285464e-02 -7.94278466e-03
  1.71591361e-02  2.68971393e-03  3.05752787e-03 -1.55653003e-02
  2.03121934e-02  1.73204723e-02 -4.48276766e-05 -1.20776999e-02
 -1.22510299e-02  1.57621919e-02 -2.34478401e-02 -5.85933389e-03
  3.11334299e-02  1.07521548e-02 -6.08500052e-04  4.18578338e-02
  3.26885591e-02  2.89440824e-02  2.97538827e-02 -2.86305244e-02
  4.57806258e-03 -5.89421538e-03  2.51299491e-02  4.16613202e-02
  2.59521362e-02  3.65727642e-02  3.38195250e-03  3.55618770e-03
  2.30186540e-02 -1.97069275e-03  2.36324460e-02 -1.20824761e-02
  1.92234063e-03  1.32034987e-02 -9.58308335e-04  1.52939121e-02
 -1.40103992e-05 -6.31788044e-04 -7.32085655e-04  1.02840433e-02
  1.44310752e-02  7.94230279e-04 -9.95927114e-03 -1.71858292e-03
  1.21406981e-02  2.94230062e-02  2.49451542e-03 -2.04178517e-02
  2.33059346e-02 -1.01746545e-05  1.27313577e-05  1.67867678e-02
  4.35943269e-03 -1.08955799e-02  8.58207659e-03  5.38792511e-03
  2.28894932e-02  4.25311540e-02  1.57096944e-03  1.96880847e-02
  2.80854907e-02 -6.23759381e-03 -9.81953010e-03  2.04265136e-03]
[[-7.74318399e-02  7.53423834e-02  1.36163235e-02 ...  5.97227425e-02
   6.91989467e-02  1.89308757e-01]
 [-4.32847714e-02 -8.23888269e-03  2.03112195e-04 ... -1.45728909e-01
   6.74074928e-02 -1.92066370e-01]
 [ 4.28250697e-02  5.14443714e-02 -7.15084712e-02 ...  1.70758836e-01
   1.52478707e-01 -1.31137793e-03]
 ...
 [ 2.10231084e-01  2.20093687e-02 -1.36335203e-01 ... -1.69924642e-01
   1.75441968e-01 -1.55996386e-02]
 [-8.94320039e-02 -1.38100422e-01  2.07352841e-01 ... -1.44757069e-02
   1.41424024e-01  2.42297064e-01]
 [ 8.59500535e-02 -1.68101395e-01  5.68119881e-02 ... -7.43578082e-03
  -5.79126636e-02  1.01404014e-01]]
[-0.021092    0.06429517 -0.03579618 -0.00987064  0.02274642 -0.01679197
 -0.03764734  0.00434317 -0.03178429  0.01111936 -0.01545627 -0.01655539
 -0.01471856 -0.00140612 -0.04110049 -0.03299923 -0.04321464  0.00434812
  0.03935663  0.00748974  0.01483862  0.02373618  0.02736396  0.02399636
 -0.02866483  0.03351655 -0.02976906 -0.01671339  0.0061183   0.01098328
 -0.01940332  0.00847284  0.00893095  0.0473579   0.02673656 -0.01182962
 -0.01811187 -0.02843292  0.02726816 -0.01681978  0.00412498 -0.01988342
  0.00601322  0.01507866  0.00844642  0.03144964  0.02993014]
