[[ 0.08005186 -0.02030611  0.06604102 ...  0.00634043 -0.00546348
  -0.02205068]
 [ 0.01705269 -0.02212153  0.04204834 ... -0.04219814 -0.00123622
  -0.0005511 ]
 [-0.04514773  0.00753637 -0.03854963 ... -0.02038943  0.03730548
   0.04158133]
 ...
 [ 0.05613383 -0.05262617  0.07458975 ... -0.03611071 -0.06522949
  -0.05338862]
 [-0.0267598   0.0034649  -0.04720777 ... -0.0400629   0.02443165
   0.01514601]
 [-0.04066258  0.07115576  0.02777277 ... -0.01403781 -0.03194094
   0.03631844]]
[ 0.0507205  -0.07712523  0.16566814  0.12569159  0.02105015  0.2884485
  0.0586811  -0.03229531  0.04581108 -0.00808453  0.02697503  0.04262166
 -0.05005692 -0.15290226  0.05793598  0.04268337  0.06492465  0.03431514
  0.00734383  0.12475097 -0.18635121  0.12742254  0.0021238   0.19289741
  0.03291137  0.14361834  0.13070643 -0.06851327  0.03257978  0.15319977
  0.10511547  0.10884704  0.08936108  0.05395878  0.03828703 -0.09302544
  0.20024891  0.11348991  0.04850025  0.03676535  0.16015786 -0.03227289
  0.04227519 -0.0038828   0.01317123  0.08597348  0.02578803  0.02356892
 -0.11264774  0.13613688 -0.01199901 -0.02813874  0.06182388 -0.01528308
 -0.06824336  0.08211662 -0.11964132 -0.05691257  0.16240453  0.08962691
  0.03764566  0.19055653  0.11622106  0.07137919  0.19309592 -0.09736561
 -0.01676456 -0.01781579 -0.01555698  0.06413342 -0.00346108 -0.04734464
  0.08215943 -0.19724343  0.07632884  0.07222049  0.07920192  0.15374852
  0.15535983  0.26263703  0.15384278  0.08192615  0.13586759  0.19317813
  0.18758177 -0.01029031 -0.05953332 -0.10927438  0.27817542  0.22291845
 -0.14829802 -0.00715571  0.04682014  0.01120676  0.08007222 -0.01279266
  0.11120389  0.06659828 -0.00284598  0.12374735  0.16162548  0.06054066
  0.15339465  0.20077185 -0.04274999 -0.35034017  0.06719163  0.02504899
 -0.05511178  0.07968518 -0.11014633  0.06061506 -0.1919513  -0.13919435
 -0.09577461  0.0914918   0.01711272  0.08557922  0.11890327  0.32258359
 -0.00156091 -0.14076526 -0.14372087 -0.00997828  0.0090228   0.00456388
  0.01334244  0.08290523]
[[-0.13204595  0.17746197 -0.0226325  ...  0.03713378 -0.12272553
   0.28227385]
 [-0.33251433  0.09202557  0.15474251 ... -0.04641975 -0.14545815
  -0.0837063 ]
 [ 0.0488055   0.21824398 -0.22190612 ... -0.11524252  0.11381033
  -0.05746114]
 ...
 [-0.22601058  0.14924688  0.13486364 ... -0.02938195  0.07178857
   0.17264302]
 [ 0.14407866  0.00723044 -0.15084225 ... -0.02930705 -0.10732839
   0.01125043]
 [-0.38819892  0.07743272 -0.09153028 ... -0.11221338 -0.0581772
  -0.03333142]]
[-0.0132942  -0.07960401 -0.06580003 -0.0440158   0.00349471 -0.06560958
 -0.00247063  0.06399931 -0.01658828  0.06960416  0.04169521  0.01243137
 -0.01665781  0.03721123  0.06624566  0.04066364 -0.02273236 -0.03602965
 -0.00972416  0.01538702  0.03118389  0.04704339 -0.01319284  0.00363493
  0.03715055  0.00223083  0.08389471 -0.0067806   0.1287794   0.12436112
  0.00329379  0.0148788   0.00920102  0.03874612  0.11416976  0.06763831
  0.04620677  0.15703077  0.03112795  0.05921449  0.10425058 -0.05274754
 -0.0117573  -0.01171089  0.00831707 -0.02715687  0.01827754  0.10955433
  0.01358064 -0.01390341  0.15074323 -0.02983975  0.15765174 -0.01022973
  0.04586389 -0.02855341 -0.06583819 -0.04128437  0.03776348  0.07864588
 -0.00606603 -0.06388228 -0.0226392   0.06247315 -0.06637146  0.03309894
  0.01402895  0.07020825  0.11435562 -0.11336845 -0.00063114  0.00420944
  0.12926074  0.0845515   0.13441508  0.0789328  -0.0054287  -0.03656573
 -0.16850825  0.04710146  0.05351898 -0.00729615  0.07876995  0.01818979
  0.09408933  0.08216197 -0.00613386 -0.01271599  0.13511835 -0.04163583
  0.11450071  0.09388895  0.05526947  0.14233971 -0.19459657  0.18529067
 -0.01492509 -0.04658528  0.06438281  0.17447104 -0.09721974  0.03200631
 -0.10272547  0.01274367  0.1218141  -0.01864172  0.13458072  0.09470659
  0.14788551 -0.08862207 -0.02882534  0.04373537  0.08150449 -0.12632824
 -0.00300893  0.01484707  0.1225059   0.0316228   0.04459231  0.0555503
 -0.05612896 -0.00430655  0.0483306  -0.10210204  0.00286101  0.14943525
 -0.00047466  0.00490771]
[[ 0.27696096 -0.09314663 -0.18196618 ...  0.00178036 -0.11751209
   0.00368527]
 [-0.23943362 -0.03626956  0.00831449 ... -0.17874357 -0.07844781
   0.13130664]
 [-0.20273381  0.48821459 -0.05124323 ...  0.00437624  0.09555684
   0.2104683 ]
 ...
 [ 0.33750895  0.12364518 -0.05822855 ...  0.01954278 -0.13278462
   0.14498782]
 [-0.09313617 -0.17053891  0.40496746 ... -0.04757739  0.09315091
   0.59118226]
 [ 0.45528644 -0.24690112  0.51668226 ... -0.26192545 -0.16050399
   0.25297093]]
[-0.02092928  0.00733547 -0.08736204 -0.07749901 -0.01804676  0.0425102
 -0.0917692  -0.03711565 -0.05827525 -0.01634404 -0.0198373  -0.11977637
 -0.00148416 -0.04984143 -0.12893624  0.1328277   0.08780294  0.01507906
 -0.01448149  0.20137356 -0.00137361  0.28285729  0.06210773  0.0101706
 -0.07442823  0.04813698  0.16040633 -0.08832816  0.09505187  0.10730443
 -0.01676137 -0.0528261   0.0115901  -0.03178562  0.19299467 -0.08527706
 -0.13065916 -0.04901685  0.04732165 -0.04873273 -0.07248071 -0.0573663
  0.14615935 -0.02689422 -0.15524101 -0.10770219  0.08954164]
