[[-0.0027999   0.07054827 -0.0788263  ...  0.03882992 -0.05619863
  -0.06232552]
 [ 0.01454815 -0.06025068 -0.06154244 ...  0.01940126  0.00552314
   0.04390712]
 [-0.06958302 -0.035754   -0.02608137 ... -0.05023592  0.07805784
   0.03653612]
 ...
 [ 0.00820741 -0.03258438  0.02595599 ... -0.0357576   0.03388163
   0.02275838]
 [-0.05963403  0.00326633 -0.02168716 ...  0.08017278 -0.06968532
  -0.00696892]
 [ 0.06184949 -0.01737598  0.07637362 ...  0.06741515 -0.0506566
   0.00629083]]
[ 8.89275477e-03 -1.00533945e-03  3.35428094e-02 -1.74396335e-02
  2.96042663e-02  1.93850376e-02  3.29150155e-02  7.12586777e-03
 -8.93076654e-03  1.71793532e-02  3.61601100e-03  1.55189574e-02
 -9.50115256e-03  5.85120887e-02  3.93280629e-02 -2.40644858e-02
  3.55291364e-02  3.44720552e-02  1.28293012e-02  1.05590686e-02
  6.39679773e-02  2.25108392e-02  3.53636500e-03  6.69423293e-03
  2.34617108e-02  2.14911253e-02  6.47660556e-02 -5.93769123e-02
  1.82867631e-03  3.36412190e-02  8.52981233e-02  5.00927332e-02
  3.54484234e-02 -4.66171104e-03  1.15750636e-02  3.30931965e-02
  6.32716872e-02  4.12796865e-03 -8.88672973e-03  1.93368485e-02
  1.52858233e-02 -1.90305028e-02  4.68655362e-02 -9.82554428e-03
  1.79169677e-02 -6.92165157e-03  1.85247886e-02  4.34793347e-02
  1.85980232e-02 -7.00560172e-03  1.73811194e-02 -1.13879925e-03
  2.76420800e-02 -1.99120367e-02  4.72322281e-02  4.16940951e-04
  1.78245386e-02  4.78436320e-02  1.36821930e-02  2.37570482e-03
 -2.20145191e-03  4.75075719e-02  4.70048121e-02  1.83757238e-02
  4.45066617e-03 -4.10772292e-03 -3.32099779e-04 -1.07266711e-03
  8.51371488e-03  5.09498012e-02  6.36050750e-03 -5.86284980e-03
  5.05722448e-02  9.33624704e-03  2.67482118e-02  7.50836714e-02
  3.72046441e-02 -5.09799635e-03  1.52956974e-02  6.96717710e-02
 -7.37536667e-03  6.83950473e-03 -6.65186344e-03  2.29533283e-02
 -6.05516415e-05 -1.65176052e-03  2.32976690e-02  2.58947617e-02
 -1.50908907e-03  2.80634055e-02 -9.33351884e-03 -6.33243785e-04
  6.35031786e-02  2.24613020e-02  1.18724694e-02  3.01362644e-03
  8.65538880e-02  1.53934286e-02  2.22996814e-03  1.33713106e-02
  3.14463599e-02 -1.00482903e-02 -1.13550858e-02  4.36364226e-02
  2.95812423e-02  2.52585342e-03  1.11054834e-02  5.08360001e-03
 -1.11824522e-02 -3.09363125e-02  8.12381755e-02  4.33274180e-02
  6.84925819e-03  2.57591281e-02  2.63360813e-02 -8.09425974e-03
 -4.02741968e-03  3.79113974e-02 -5.93437971e-03  4.17658680e-02
  9.43488400e-03  7.29151915e-03 -3.37887547e-03  1.42488009e-02
 -4.39285550e-03 -8.18724439e-03  1.43701439e-02  1.59867758e-02]
[[-0.04968406 -0.08466442 -0.16075503 ...  0.02554511  0.15379794
  -0.01694472]
 [ 0.08792218  0.08988002  0.07286892 ... -0.00244186  0.06119929
   0.00277686]
 [ 0.08954622 -0.13504846 -0.02389289 ... -0.00242405 -0.09601317
  -0.07761224]
 ...
 [-0.09614614 -0.04598177  0.23960675 ...  0.00629875  0.08867832
  -0.0259068 ]
 [-0.11180643  0.04138139  0.17703104 ...  0.02762827  0.07851862
  -0.09567495]
 [-0.09094728  0.06744475  0.08250222 ...  0.10037894  0.08521469
   0.04040678]]
[ 4.69036818e-02  1.40706819e-02 -6.93497368e-03 -1.85497456e-02
  3.52320335e-04 -3.19698078e-02 -1.31174587e-03 -4.92084699e-04
  1.21979676e-03  7.09598937e-03 -5.67233437e-03  1.88707955e-03
 -6.08539048e-03  5.70464668e-02  7.00136871e-03 -2.79936019e-02
 -8.13802978e-03 -1.53618684e-02  2.22925278e-03  2.34476581e-02
 -2.85932216e-02 -2.85394272e-02 -2.17157538e-02  1.83392628e-04
  5.05075220e-02  3.74727391e-02  2.11547109e-02 -3.75433314e-02
  1.29128600e-02  9.50414260e-03 -3.38798792e-02  4.26063536e-02
 -1.55866749e-02  6.78874280e-02  9.66660219e-03 -3.13492031e-03
 -1.57952959e-02  1.13254462e-02  1.44059201e-02  1.27093275e-02
  5.69811814e-03 -2.71166795e-02  1.08807659e-02  4.02772264e-02
  1.09582790e-02 -7.58233836e-03  1.50361722e-02  2.38794288e-02
  6.96982183e-03 -1.00909280e-03  6.67775908e-03 -3.29596090e-02
  3.36372727e-02  2.90616337e-02  1.89674018e-02 -1.77237441e-02
  6.24373455e-03  2.12274429e-02  7.13708355e-03  6.03912245e-04
 -1.00299444e-03  2.75018304e-03 -7.34614998e-03  1.42802938e-02
  2.49063822e-02 -2.00372903e-02  4.07401654e-02  2.47706801e-02
 -7.83865837e-03  5.70417831e-03  3.12989936e-02  6.10739999e-02
  2.87613383e-02  1.08839218e-02  4.37405114e-02 -1.02337035e-02
  2.24544777e-02  8.99450997e-04  3.21435676e-03 -3.88444367e-02
  1.71531999e-02  2.12543527e-02  1.75868166e-02  1.45730205e-02
  2.77851459e-02 -1.95295743e-03  2.59176637e-02  1.31929100e-02
  8.18164354e-03  5.13889611e-03 -3.42446981e-04  9.03222928e-02
  1.20053675e-03  7.59388788e-03 -3.67639157e-03  8.56741611e-06
  4.05409139e-03 -1.53985984e-02  7.71268122e-03  2.67003032e-02
  3.74834884e-02  1.41681500e-02  2.90876558e-02  1.28604739e-02
  6.22085788e-02  1.00898953e-02 -3.50113233e-02  4.97440387e-02
  1.03079849e-01  2.26983798e-02 -1.34382443e-02  7.80345149e-03
  2.51963146e-02  4.74006315e-04  3.50152613e-02  1.81173035e-02
  7.16129643e-02  1.73266480e-02 -7.06694865e-03  4.20153189e-02
 -6.93681408e-05  1.20348682e-03 -4.35413112e-03  9.21918385e-03
  7.11677201e-02 -2.25582906e-02  1.63429501e-02  2.52429200e-02]
[[-0.07745614 -0.02134603  0.11672408 ...  0.08225866  0.16698004
  -0.00309242]
 [ 0.0298603   0.0390401  -0.0811046  ...  0.08145272  0.08127897
  -0.01837268]
 [ 0.02109125 -0.09525972 -0.04313078 ...  0.00741479 -0.086929
  -0.14874621]
 ...
 [ 0.06062515  0.13115277  0.05534248 ... -0.03800131 -0.03278262
  -0.11437248]
 [-0.15963479  0.06185953  0.15138965 ...  0.04462598  0.11891374
   0.04543711]
 [-0.04378569 -0.1364035  -0.05914073 ... -0.11126194  0.03117293
  -0.08640878]]
[ 5.10336735e-02 -4.23712095e-02 -2.58905585e-02  5.17238966e-02
  6.12168118e-02  3.24475675e-02  2.72737105e-04  1.95518657e-02
  7.77946241e-03 -2.89957501e-02  2.13779496e-02  3.99300967e-02
 -3.57576955e-04 -6.59348924e-03  3.71775130e-02  1.30129381e-02
 -9.81272443e-03 -4.28279019e-03 -1.08816605e-02 -3.36383714e-03
  1.16990005e-02 -6.14404686e-04 -1.17916654e-02  7.94627203e-03
  6.43714924e-03  1.16227269e-02 -6.95600914e-04  2.26131362e-02
  1.06107455e-01  4.60660074e-02 -3.08825691e-03  2.31543192e-02
 -1.03646065e-02 -4.78777610e-03  2.82702880e-02  1.00326985e-02
 -3.15001638e-03  4.45277621e-02 -3.92709083e-03 -2.03031209e-02
 -5.03572937e-03  3.13783602e-02 -2.43198553e-03 -6.64261448e-03
  1.83962365e-02  2.19845935e-03 -1.90847105e-04 -9.15137427e-03
  5.16128802e-02 -2.67575229e-03  1.94883473e-03  1.74079277e-02
  5.33254344e-02  1.04001212e-02  3.17504096e-02  3.12396619e-02
 -1.08120389e-02 -2.90047313e-03 -8.85211174e-04  1.65628766e-03
  1.74747791e-02  6.10997804e-02  4.09282404e-02 -7.33146134e-03
 -1.47745013e-03 -3.31455924e-03  6.75501841e-04 -4.71796591e-02
 -1.82846877e-03  5.18167554e-02 -4.67269779e-02 -2.69540891e-02
  1.29121356e-03  7.50873065e-03  1.03721079e-02  2.79087298e-03
 -7.39084986e-04  4.61718544e-02 -5.74006454e-03  4.03939793e-02
  2.70397102e-02  1.05723541e-02 -6.46357032e-03  8.02774046e-02
  1.03517517e-02  7.19100721e-02  1.39877908e-02  4.21325716e-02
  4.26680400e-02  2.22388896e-02  1.89296795e-02 -1.70282820e-03
 -5.97306857e-03 -1.85365529e-02  2.04840523e-03  3.10225754e-02
 -4.94236510e-03  4.00884446e-02  3.94470502e-02  1.32195250e-02
  2.81687215e-02 -5.55734405e-03 -3.95620236e-03  1.41226569e-02
 -1.72614745e-02  3.41498924e-03 -1.71095069e-02  2.40856546e-02
 -3.84273002e-02  8.95763215e-04  5.92531181e-02  7.87207341e-03
 -3.02352039e-02 -5.79715693e-05  2.48075127e-02 -2.47510565e-02
  5.30623365e-02  1.62398101e-03 -4.47078951e-04 -1.23776686e-03
 -1.66041144e-02  4.51787906e-03 -1.69385512e-02 -1.24239322e-04
  2.36556930e-02 -6.00845762e-04 -3.90042690e-02  1.19220138e-02]
[[-0.09573617  0.17364892  0.08934516 ...  0.071069    0.14338967
  -0.13052135]
 [ 0.15543903 -0.05820309  0.13717514 ...  0.04899273  0.12491118
  -0.0515082 ]
 [ 0.10773542  0.14395487 -0.11847099 ...  0.11846412 -0.03347233
  -0.14060681]
 ...
 [ 0.10838642  0.10878209 -0.07194362 ... -0.11256967  0.07952983
   0.01727601]
 [-0.08356282 -0.11178768  0.03861007 ...  0.05475948 -0.0991992
   0.0886431 ]
 [-0.10635765 -0.04916264 -0.07581671 ... -0.06066953  0.07921362
   0.04151761]]
[-1.60149490e-02 -2.90651443e-02 -1.95987768e-02  2.25513492e-02
  3.26575303e-03  2.14327688e-02  5.26520203e-03 -5.24019588e-02
  1.32461493e-02 -1.15930423e-02 -2.02752047e-03  3.39144754e-03
  5.35295960e-02  3.68318283e-02  6.37841968e-02  6.75900196e-03
 -1.44233066e-02 -6.04246779e-05  1.51654126e-02  1.12051439e-04
 -9.00325645e-03  6.30942232e-03 -2.13790666e-02 -6.34196642e-04
 -4.53564247e-03  8.10224193e-03 -2.52813260e-03 -9.84375575e-03
  3.07838236e-02  1.35090890e-03  5.48432876e-03 -1.29364590e-02
 -1.73965408e-02 -5.23031471e-03  3.24850025e-02  5.37293409e-02
 -4.02271329e-02 -5.47405810e-03  1.31661103e-02  5.70379322e-02
  1.50722505e-02 -8.44053047e-03  1.19294522e-02  1.37721415e-03
 -1.91142886e-02  1.11441437e-02  4.71917281e-02 -1.30139515e-03
  8.60669268e-03  3.57752297e-02  3.30984439e-04 -5.97192154e-03
  8.30297349e-03  5.34630573e-02  1.22039769e-02  2.02395794e-02
 -2.20451698e-03  7.95878594e-02  8.83092636e-02  3.11225214e-02
 -1.45948307e-02  4.44617154e-02 -1.37802469e-02  3.20017191e-02
 -1.52865466e-03  1.59164895e-02 -1.86309140e-02 -1.66079357e-02
 -9.60164478e-03  1.27759442e-02  2.43750606e-02 -8.30516678e-04
  4.10532334e-02  6.07020656e-02 -2.79496179e-03  2.08060691e-02
 -6.88544772e-03  6.38813975e-03 -1.42375889e-02 -7.94890888e-04
 -9.24326273e-03 -1.99584182e-02  2.49936789e-02  1.76686566e-02
  6.18322999e-02  5.34647631e-02 -1.40431489e-02 -1.60602417e-02
 -5.76593347e-03  3.76664661e-03 -4.88332437e-03  6.24212043e-02
 -8.66100647e-02  1.71063685e-02 -2.11269797e-03 -3.61390805e-02
 -4.08001745e-02 -2.38136200e-02 -1.44320439e-02  5.36206227e-02
 -5.84132572e-03 -3.91189323e-02 -2.17082027e-03 -2.56915023e-02
 -2.71517873e-02  5.30690951e-04 -1.56683798e-02  3.67198775e-02
  8.88996059e-02  2.28567830e-02  4.22709736e-02 -2.61222281e-02
  4.40193050e-04  4.80654688e-03  2.20719268e-02  4.39025324e-02
  1.23202679e-02  2.27643854e-02  4.13205609e-02  2.17838746e-02
  2.39251730e-03  3.67105100e-02 -3.56736198e-02  2.79601540e-03
  2.46636108e-02 -1.45716745e-02 -4.28453629e-04  4.85558320e-04]
[[ 0.1103889   0.08709805 -0.18364843 ... -0.13084944  0.13871747
  -0.03194453]
 [-0.1282889   0.10482213 -0.13115486 ...  0.15331739  0.17440655
  -0.03390154]
 [ 0.24219677 -0.08506976 -0.0078289  ...  0.11767692  0.09063742
   0.14688455]
 ...
 [ 0.09280922  0.08452495  0.02185442 ...  0.14009957  0.04204361
   0.05035793]
 [-0.04379532 -0.08534236 -0.09859662 ... -0.01997508 -0.10306025
  -0.03430287]
 [ 0.00493851 -0.11460932 -0.02425724 ...  0.05914442  0.0400223
   0.14177571]]
[-0.02718018  0.06375745 -0.03991965 -0.00795753  0.01934894  0.01312527
 -0.03778802  0.01965709 -0.02559239 -0.00281927 -0.01146107 -0.00700425
 -0.00984457 -0.03799619 -0.04140659  0.0379696  -0.02245422 -0.02015664
  0.03227617  0.08869297  0.01950522  0.10789978 -0.0350139  -0.00297115
 -0.07094917  0.03343736 -0.00978607 -0.05197431 -0.05278853  0.04507606
 -0.00125501  0.03685519  0.00144227 -0.01807826  0.06089888 -0.01177063
 -0.05794157 -0.01222576  0.02141055 -0.06884315 -0.00266682 -0.02017714
  0.07211112  0.00474034 -0.05794819  0.03246408  0.05530189]
