[[ 0.010852    0.05929586 -0.07693209 ... -0.04441363 -0.08321054
   0.07898888]
 [ 0.07190669 -0.05219413  0.04490882 ... -0.02558289  0.0193539
  -0.0055878 ]
 [-0.0723185   0.0851147   0.06168378 ... -0.002454    0.07546401
  -0.0465202 ]
 ...
 [-0.01481644 -0.07806612  0.07060506 ...  0.08217795  0.06001986
   0.06985523]
 [ 0.06358896 -0.04285369 -0.06931923 ... -0.00809354 -0.04742964
   0.06361966]
 [-0.04923363  0.04234861  0.05932145 ...  0.06558274  0.03842815
  -0.02377524]]
[-0.43970742  1.22465465  0.25891492 -0.08163282 -1.06109281  0.55702381
  0.30471704  0.68923564 -0.15522691 -0.22161134  0.60398783 -0.32311375
  0.18183354  0.1175994   1.21014794 -0.11223778 -1.54910225  0.01614746
  0.96483315 -0.17347007  1.31391561 -0.82841428  0.51724778  0.31406299
  0.52461892  0.61032327  0.48956234  0.40753715  0.97426642  0.59567206
 -0.49330545 -0.89536663]
[[ 0.64569211  0.65848589  0.26054275 ... -0.97930137  0.07393142
  -0.49384985]
 [-0.0400613  -0.44415047 -0.27985152 ... -0.09039018  0.20458442
   0.1388319 ]
 [-0.4368956   0.53362333  0.46555231 ... -0.26460746 -0.02468219
   0.84551275]
 ...
 [-0.07882064  0.01122502  0.34148029 ... -0.1675108   0.1990696
   0.00568874]
 [ 0.294618   -0.41102447  0.5151057  ... -0.03718723 -0.39214067
   0.57868526]
 [ 0.56373883 -0.00889514  0.16111151 ...  0.11384767 -0.48014117
   0.0749532 ]]
[-0.08574253 -0.21983948 -0.54804288  1.11790926 -0.39800794  1.27035831
  0.91721242 -1.16915838 -1.00963144  0.75826586 -0.62448927  1.40020973
  1.02079579 -0.60494189 -0.34976115  0.09297989  0.48656995 -0.19640163
 -0.13157638  0.9488671   0.37056666  0.80506876 -0.50938483  0.08801616
  0.18041371  0.02460083  0.63537665  0.65830363 -0.03270178  1.80825594
  0.96387015 -0.11138719]
[[-0.1624369   0.04748991 -0.68810524 ... -0.05754251  0.6983234
   0.20115914]
 [ 0.15042975 -0.34247444  0.37366759 ... -0.32945684  0.34875654
   0.01723977]
 [-0.036161   -0.12639047 -0.33094872 ... -0.29679591 -0.14578812
  -0.19646575]
 ...
 [-0.14264105 -0.24538599 -0.04823942 ... -0.08562858  0.40261716
  -0.0480738 ]
 [-0.35672723  0.58562038 -0.59495193 ...  0.22426367 -0.17024267
   0.09049107]
 [ 0.15270876  0.00479599 -0.21946349 ... -0.4514769   0.18705461
   0.02398408]]
[-0.09693305 -0.09527306  0.83101745  0.52260185 -0.962321    0.97966956
  0.18257977  1.28183652 -0.10758895  1.00739978 -0.62103969 -0.46921999
  0.30836985  0.6406845   0.80814813  1.1476329   0.47613653 -0.11185538
  1.41171238  1.27749214  0.9762334   0.9315      0.64577605  0.36380817
  0.45348832 -0.5399371   0.13019517 -0.22291752 -0.00763171 -0.93882452
  0.07872537 -0.05129336]
[[-0.26453985  0.29081062  0.33104883 ...  0.06702919 -0.05052154
   0.06128707]
 [ 0.32480689  0.17173893 -0.09370369 ... -0.18690983 -0.45728543
  -0.15640773]
 [-0.00323894  0.10916643 -0.22114313 ...  0.5362508  -0.19717252
   0.11910766]
 ...
 [ 0.03255413 -0.09441278 -0.09411497 ... -0.00437554 -0.10026507
  -0.32301855]
 [-0.44054235 -0.00246787 -0.28552827 ... -0.2068814  -0.01136477
   0.06027402]
 [-0.54138156 -0.21505     0.28410314 ... -0.5395279  -0.30689815
  -0.12498222]]
[ 0.66111054  0.80955929  0.35152158  0.19281123  0.72939414 -0.16888178
  0.54838069  1.16149527  0.51477551 -0.67534785 -0.05500693  0.86592996
  0.63791893  0.72076079 -0.13978117  0.4793716  -0.01926653  0.73531615
  0.1218236  -0.04063348  0.62959528  0.06576512  0.19030741  0.8500706
  0.32124798  0.65866772 -0.30453531 -0.29237144 -0.20257665  1.59198859
  0.96820957  0.31327657]
[[ 0.34007916  0.04936292  0.51428648 ... -0.28096882 -0.17135364
  -0.25352547]
 [ 0.33800191  0.39415366 -0.58467988 ... -0.4832511   0.63074124
  -0.07432786]
 [-0.37385318  0.06334913  0.1024085  ... -0.15162015  0.00988779
  -0.05335623]
 ...
 [ 0.04937753 -0.4834368   0.19063275 ... -0.19740744  0.0664183
  -0.0052477 ]
 [ 0.11396492 -0.29141644 -0.08648144 ...  0.10143703  0.06502657
  -0.1682652 ]
 [ 0.05365271  0.31768013 -0.10171398 ...  0.04681073 -0.51762143
   0.48472136]]
[ 0.38136081 -0.42698973 -0.39155761 -0.23987258 -0.51074464  0.32223117
 -0.51635772 -0.47422005  0.39541121 -0.42656111  0.13851217  0.99383542
  0.0194074   0.64181792 -0.79707487  0.95756234 -0.05979319  0.39547295
 -0.53163301  0.090938    0.68401243  1.05177846 -0.7619583   0.50691962
 -0.60995155  0.22747027  0.65730419 -0.11499958  0.13097202  0.01151383
  0.12787014  0.7570651  -0.19017369  0.08349409  0.38155146 -0.2581762
 -0.63913843 -0.50097984 -0.08029679  0.39174225 -0.1136079  -0.08006163
  0.43794355 -0.84725873  0.22087001 -1.64523638  0.2095867 ]
