[[-0.07379767 -0.01604092  0.01102085 ... -0.03426102  0.06135538
   0.00947745]
 [ 0.01670601 -0.06962107 -0.03526385 ... -0.06952164 -0.03240007
   0.07830586]
 [ 0.04641754 -0.00275391  0.07217124 ... -0.00585671 -0.04512586
  -0.07559546]
 ...
 [-0.06634644 -0.02737958 -0.0599207  ...  0.05174758 -0.02087959
  -0.04390504]
 [ 0.04561548  0.0503095  -0.03934934 ...  0.01331149 -0.07137132
  -0.00807809]
 [ 0.01853915  0.06888231 -0.06387587 ...  0.04428207  0.04639088
   0.03012858]]
[-0.01151273  0.05338078 -0.08012276 -0.03937817  0.02472997  0.19473345
  0.13320712  0.04066932  0.07951925  0.12920494  0.06468022 -0.1332842
 -0.0889403  -0.00351851  0.12974489  0.04291146 -0.05731642 -0.03213234
  0.12217421 -0.02985511 -0.03598952  0.03950826  0.1281167  -0.09952097
 -0.09938729  0.02960858  0.25877648 -0.06225513  0.03395226 -0.05291166
  0.01584318 -0.0735849   0.16802371  0.13557103 -0.0361132   0.09201329
 -0.05066267  0.00107647  0.05428375  0.09098717  0.13103989  0.08794478
  0.11398862  0.16140799  0.01003155 -0.07398351 -0.01343323  0.07517244
  0.07117548  0.12099383  0.16330904  0.05490671 -0.06966608 -0.03014572
  0.02097594 -0.00070123 -0.16532767 -0.17373725  0.13714351  0.01925046
 -0.0675251  -0.10190619  0.05699339  0.0635493  -0.0228544   0.0019649
 -0.10560867  0.0495053   0.00388282 -0.1013009   0.07572393  0.09634939
 -0.03662631  0.11177091  0.10488071  0.17512853 -0.02807615  0.10386963
  0.23561111 -0.02237303  0.04820189 -0.11806474  0.01906788 -0.04176634
  0.08022821  0.26446386  0.21347632 -0.00331573  0.05540008 -0.03224076
  0.14041621  0.01064136 -0.02327536  0.03782019 -0.10562804  0.07668329
  0.03171277 -0.03184895  0.01640776  0.05472052  0.16563938  0.03904002
  0.18835335 -0.00475983 -0.00302245  0.04545193  0.07981435 -0.06636784
  0.00063238  0.21546767  0.1264149   0.14474935  0.04307396  0.07995397
  0.17610576  0.02092273  0.01694546  0.20082568  0.07161119  0.15757559
  0.00508062  0.09175618  0.00298196  0.06244363  0.0731841   0.1119542
 -0.07641088  0.06818253]
[[ 0.07193728  0.0006602   0.03082969 ...  0.08309357 -0.06601683
  -0.04549093]
 [ 0.1011009   0.02444846 -0.11372104 ...  0.24618105 -0.18054738
  -0.13337011]
 [ 0.22270005  0.06953372 -0.05793859 ... -0.11774769 -0.09787932
  -0.00387833]
 ...
 [-0.21783259  0.00725095 -0.2753067  ...  0.00182898  0.21679278
   0.03456778]
 [-0.24222603  0.14223825 -0.02682129 ...  0.05741547 -0.08971441
  -0.03284764]
 [ 0.01057141  0.04762717  0.09001794 ...  0.03545934 -0.09351955
   0.00181306]]
[ 0.05517736  0.12373236 -0.00303834 -0.02974978  0.01234473  0.05320595
  0.01516283 -0.02578858  0.05259923 -0.00791284 -0.01163334  0.10558614
  0.10145878 -0.0275586   0.12546683  0.03493     0.11701411  0.01592698
  0.04245715  0.08140995  0.08815656 -0.0222544   0.02990197  0.0452778
  0.02422684  0.00548049  0.03323586  0.07453318  0.06778295  0.15088169
  0.03293051 -0.01818687  0.01234918  0.02947132  0.11522332  0.01120264
  0.01401284  0.0165052  -0.07894628 -0.11872512 -0.04893673  0.04089472
 -0.07353121  0.06314562  0.0053028  -0.04164189  0.09745471  0.08452319
  0.11381398  0.04609267  0.00757414  0.02189597  0.05676817 -0.01154839
  0.02840956  0.0738919   0.03969505  0.01609981  0.01713825  0.13420086
 -0.00595092  0.03983669  0.00814644  0.00678418 -0.01037192  0.05421815
  0.08386465  0.04086247  0.02817323  0.03086332 -0.08554328  0.14453261
  0.00477081  0.02965922  0.11910631  0.07048268  0.01679404 -0.11238526
  0.15444789 -0.04471883  0.05467128  0.13997627  0.06978921  0.04029611
  0.07855609  0.10143268  0.00509624 -0.04135602  0.04941197 -0.01595162
  0.13728087  0.0096583  -0.06559884  0.01243718  0.04193152  0.03982761
  0.03149096  0.06610835  0.01538032 -0.0196781   0.0702103  -0.02691873
  0.00643334  0.00565994 -0.00673721 -0.01412045  0.02637279  0.01492369
  0.01594668  0.0623608  -0.00208275  0.01280838 -0.01080842  0.03694792
  0.14222766  0.07680938  0.04474772  0.03470992 -0.01481785 -0.03118357
 -0.07016883  0.01562644 -0.09986118 -0.06151587  0.01759874  0.06494158
  0.02616775  0.06218804]
[[ 0.06513298 -0.16039336 -0.00960165 ... -0.10675401  0.21787038
   0.00560184]
 [ 0.16846822 -0.02740088 -0.03940624 ...  0.02209454  0.04202315
   0.0796316 ]
 [-0.06811039  0.15897285 -0.12973389 ... -0.01562933  0.08381023
  -0.12129071]
 ...
 [-0.11412534  0.0574476  -0.05860851 ...  0.21082979  0.19408885
  -0.02577006]
 [-0.15018312  0.07698361 -0.07146443 ...  0.1504378  -0.1052236
   0.04858123]
 [-0.06386207  0.11924623  0.04366605 ... -0.28943167 -0.07450646
   0.03841196]]
[ 2.49353268e-02  3.70913224e-02  1.24790348e-02  1.14748362e-01
 -1.19920727e-02  2.17928656e-02  1.60156340e-02  6.04538739e-02
  5.62224138e-03 -4.72056280e-02  9.93331103e-02  9.90930533e-02
 -4.53888202e-02  4.89619793e-04 -3.70158314e-02 -3.66415873e-03
  8.73960391e-02  9.38284046e-02 -5.62378104e-02 -8.51938640e-03
  1.64755552e-02  1.69182536e-02  7.53076985e-02  6.18872128e-02
  9.65903723e-03  3.16739944e-02 -3.95862617e-03 -5.24335639e-03
  6.01092290e-03  6.00410584e-02 -1.76283775e-02 -4.54786555e-03
  7.26290535e-02 -2.88836728e-02  6.33830000e-02  4.91868337e-02
  9.90208512e-04  4.84205060e-02  1.01197875e-01  2.52526178e-02
  9.81364162e-02  9.20103417e-02 -3.37806659e-02  1.79980888e-02
  1.76356739e-02 -5.84896088e-02 -1.36180166e-02 -4.96494620e-03
  3.81395246e-05  1.38482599e-01 -4.71505153e-02 -1.13273322e-02
 -1.84860779e-02  7.53640218e-02  5.65960824e-02  4.37063762e-02
  4.62821219e-03 -2.19983233e-02  1.82584825e-02 -6.83060292e-02
 -5.71192725e-04  6.90524579e-02  2.88253568e-02  3.91365717e-03
 -1.67596267e-04  1.39519115e-01 -2.90975140e-02  3.12343476e-02
 -4.97537576e-02 -2.20499108e-02  7.28569556e-04 -2.02471822e-03
  7.61143877e-02  1.89060748e-02 -3.48521736e-02 -1.33237928e-03
  6.13985378e-02 -2.04966751e-02  1.59574490e-02 -3.80831035e-04
  6.89063119e-02  3.83471020e-02  1.40659019e-02  3.05165242e-02
  1.33799818e-01  7.74137591e-03 -1.67873403e-02  1.49906743e-01
  5.65086486e-02  2.08556666e-02  2.58848523e-02  1.15666556e-01
 -1.78795564e-02 -4.65500146e-02  1.08403446e-02  5.30026631e-03
  2.89427679e-02  4.35050043e-02 -2.82474817e-02 -7.92927757e-02
 -2.61660540e-02  2.99945641e-02  2.83686714e-03 -4.09867591e-02
  1.59388830e-02  2.93282586e-02  1.80128023e-02  3.77605787e-02
 -7.63152362e-03 -2.25655147e-02  5.16723769e-02  9.03095062e-02
 -2.72948399e-02  9.85143366e-02 -1.32855413e-02  4.90473783e-02
  4.64042400e-03 -4.13427160e-02  5.83605902e-02 -2.82952108e-03
  5.76590412e-02 -1.38990029e-02  1.09078584e-02  1.16021678e-01
 -3.69872635e-02  1.35683974e-02 -1.15368393e-02 -2.27960819e-02]
[[ 0.13561038  0.02709102 -0.00238929 ... -0.1265333  -0.15969862
   0.0955293 ]
 [-0.12320755  0.05718309 -0.04121459 ...  0.10967932  0.06674425
   0.15022964]
 [ 0.05487448 -0.2786627   0.10515634 ... -0.09365336 -0.02391041
   0.13742623]
 ...
 [-0.11480575  0.09525812  0.01957326 ...  0.25256157  0.1149327
   0.11970868]
 [-0.10312175 -0.1147366   0.05022752 ...  0.07909129  0.04575895
   0.04769473]
 [ 0.10556995 -0.01005766  0.10602158 ...  0.07377982  0.01360883
  -0.11643253]]
[ 0.11917737  0.06478695  0.02622887  0.06585064  0.03266876 -0.03384207
  0.06552537 -0.00079441 -0.0086806  -0.03328016  0.01321871  0.00345217
  0.00259722  0.0492629   0.09192922  0.07293334  0.00180217  0.01992872
  0.09098119  0.01598576 -0.01343521  0.00057129  0.13902962  0.10484667
 -0.05293402 -0.00991112  0.03536383  0.06737831  0.00355229  0.06168628
  0.00152466 -0.02198805  0.03871328  0.00410875 -0.05574963 -0.01019113
  0.03002471 -0.01890396 -0.03904395 -0.002259   -0.00237589  0.04054781
  0.02696623  0.04883093 -0.02797583  0.0277813  -0.00094915 -0.07517607
  0.01596917 -0.0139214   0.02783435 -0.11837354 -0.03210845 -0.02190077
 -0.04854547 -0.00261829 -0.01259366  0.11695761  0.03192256 -0.00296385
  0.04883231 -0.00187914 -0.05240449  0.00400719 -0.00513507  0.00722428
  0.02545456 -0.02412662  0.05141452  0.02194021  0.04882906 -0.05519499
  0.02129687 -0.01758799 -0.0076641  -0.06267129  0.00260615  0.03720828
 -0.01789837  0.03196479  0.03211055  0.05766047 -0.01073142 -0.03713782
  0.06142215  0.019593    0.02051749 -0.01519727 -0.03516226 -0.01398332
 -0.04201438 -0.00358688 -0.11847122  0.16985071 -0.03149543  0.06075351
  0.02326496  0.02566409  0.04117863  0.00367636  0.04973604  0.03073521
  0.09864727 -0.00404879  0.05876954  0.07481966  0.06452625  0.06990255
 -0.0142822  -0.00706573  0.0158612  -0.01217222  0.04591782 -0.07527873
  0.12610213  0.12711167  0.05657287  0.02987065  0.05393851  0.00481629
 -0.01257624 -0.04526205  0.03674611  0.01400489 -0.03142764  0.02875801
  0.06811465  0.02550456]
[[-0.22921465  0.15869082  0.06798566 ...  0.02519415 -0.09748052
  -0.0317034 ]
 [-0.18187549  0.23529834  0.12591165 ...  0.04522203 -0.00715014
   0.21374224]
 [ 0.18936689 -0.19039863 -0.0924302  ...  0.01384601 -0.11065794
  -0.02110745]
 ...
 [ 0.04974493 -0.15651255 -0.13240446 ... -0.03715091  0.043037
   0.31419823]
 [ 0.40403047 -0.13765231 -0.06689332 ...  0.02631056 -0.15849163
  -0.01511467]
 [-0.13480922 -0.01205252 -0.41364774 ... -0.0416364  -0.01079167
   0.01800648]]
[ 0.06876884 -0.03839561  0.08592709 -0.07065407 -0.03925137  0.0401057
 -0.05494334  0.0092634  -0.02306161 -0.05620337 -0.0042913   0.0020936
  0.0567219   0.02829995 -0.1050989   0.13574273  0.02673039  0.0619419
 -0.00828337  0.02903942 -0.02948474  0.15063961  0.00481752 -0.01732885
 -0.07738869  0.02782223  0.0879074  -0.0693436   0.00246584  0.08419755
  0.00467533 -0.04007661 -0.00943615 -0.04568426  0.14548683 -0.10791032
 -0.15631849 -0.026249   -0.0327092   0.04729636 -0.05415354  0.06118319
  0.09688202  0.06802303 -0.17371366 -0.07534815 -0.01070362]
