[[ 0.02676338  0.05587298  0.02008144 ... -0.05708411 -0.05649521
  -0.01353089]
 [ 0.03004737 -0.00748882 -0.03872025 ... -0.00331407 -0.03277066
  -0.0087607 ]
 [-0.03245586  0.02670833 -0.02808012 ...  0.01627193  0.07785414
  -0.06942523]
 ...
 [ 0.02203144 -0.03905348  0.02511775 ...  0.02487142 -0.05124461
   0.02322395]
 [-0.04421376 -0.05244817  0.0467063  ... -0.04515386  0.07964568
  -0.05232438]
 [-0.04494139 -0.05682513  0.00426024 ... -0.04947073 -0.02751547
  -0.04544241]]
[ 0.08140654 -0.24219631 -0.16860776 -0.00845766  0.58251528 -0.05352267
  0.19773957 -0.41813077  0.13127042 -0.08801181 -0.08200062  0.52954238
  0.27833202  0.10569114  0.11635313  0.30924737  0.26092095  0.22051861
 -0.30698248  0.64530499 -0.34053524 -0.08544045  0.11714271  0.58693386
  0.20788125 -0.47466981 -0.3036939   0.26241369 -0.12362363 -0.32437793
  0.30040242  0.24640291 -0.37695949 -0.51075858  0.08817901  0.08991589
  0.25606997  0.10299407  0.16441673 -0.30006279 -0.03294405 -0.17175916
  0.08468463 -0.08256673  0.18614278 -0.04790499  0.16932912 -0.03971278
 -0.43104918  0.15091429  0.08669774 -0.32690031  0.08769112 -0.21136257
  0.18162458  0.31130988  0.6197806   0.25102189 -0.0256436  -0.17530422
 -0.20905697  0.15356264  0.4831169  -0.04047598  0.12218604  0.36669959
  0.3208472  -0.31023994  0.15497562  0.45809716 -0.58292325  0.18141796
 -0.06615095 -0.0780159  -0.39116357 -0.11233551  0.39536049  0.11555834
  0.16403064  0.05765484  0.34813085  0.08950958 -0.33224631  0.52768267
  0.13080315 -0.04711476  0.14621909 -0.03239079  0.06315187  0.45022721
  0.51525898 -0.55921656  0.71380595  0.13169344  0.26012692 -0.43423481
  0.22985001 -0.48065713 -0.02008531  0.46801728  0.34545948 -0.25207586
 -0.27743036  0.3140476   0.18689885  0.34743209  0.07878461 -0.4377104
 -0.26956274  0.25530463 -0.18458441  0.26855866  0.04505592 -0.04117156
  0.167446    0.01501004 -0.56621657 -0.73043407 -0.11210706  0.59206628
 -0.33413021 -0.18613204  0.39935839  0.36625365  0.38828565  0.16020195
  0.07133151 -0.05405232]
[[ 0.09428039  0.25952611  0.27629868 ...  0.16279621 -0.09792231
  -0.22378576]
 [-0.12126691  0.40235295  0.4019575  ... -0.24056869 -0.05429143
  -0.04147866]
 [ 0.00556098  0.11581633  0.05248794 ...  0.09749168 -0.14338
  -0.33609026]
 ...
 [ 0.04915095  0.04052138 -0.20015638 ... -0.0178491   0.0318738
  -0.21089692]
 [-0.36456918 -0.20434318 -0.29807079 ...  0.36222419  0.33604021
  -0.03243756]
 [ 0.16580569  0.67684512  0.03249171 ... -0.659835    0.17864425
  -0.39837568]]
[ 0.03813165  0.19452397  0.26219485  0.29405072 -0.03310599 -0.17048155
  0.06065416 -0.11523701 -0.36661694  0.17105286  0.07573726  0.00363496
  0.20283662  0.12971466 -0.04579857 -0.12140926  0.01967754  0.05683946
 -0.28734208  0.41399119  0.14579798  0.08028922  0.30152135  0.02731112
 -0.00475937  0.16364816 -0.07760888 -0.10741811  0.02952681  0.03587193
 -0.15939197  0.22389388 -0.21155392  0.02104531  0.08324985  0.2952021
  0.19628345 -0.31819618  0.00911155  0.09700031 -0.05337587  0.08952743
  0.27731924  0.18025797 -0.16428927 -0.10922496  0.0512143   0.45412259
 -0.21787479 -0.11095518 -0.15672107  0.18927948  0.0730604   0.1598676
  0.01804409  0.01288087 -0.00328669 -0.18155998 -0.06448838  0.21353852
  0.00275725 -0.04360396  0.20747447  0.14345634 -0.12647898 -0.02193063
  0.38153959  0.20702866 -0.08588999 -0.10348111 -0.02742334  0.28733751
 -0.27534081  0.18801396  0.13231919 -0.02833406  0.06071043  0.17493734
  0.12555583 -0.12435503 -0.0071855   0.40537088  0.17857489 -0.05221915
  0.04476216  0.20684743 -0.14754196  0.10339678  0.46064276 -0.04675542
  0.14310781  0.26712518  0.10607407 -0.01299236  0.01329499 -0.03936046
  0.25241322  0.01115317  0.09014743  0.00788141 -0.08755181 -0.05995436
 -0.18816401 -0.22832241  0.31738644  0.18319937  0.3251949  -0.05507793
  0.1644279  -0.09251878  0.15672171 -0.1150878   0.39518672  0.17329244
  0.03075603  0.27135435 -0.36203391  0.47169049 -0.25480812 -0.13401087
  0.1275927  -0.11540263 -0.20615963 -0.01458922  0.14431012  0.05229516
  0.10292826  0.25661231]
[[-0.51218197  0.23624189 -0.19146112 ... -0.15624271  0.4547897
   0.15359325]
 [-0.01442579  0.04932263  0.37566532 ...  0.42591006  0.04018253
   0.10597456]
 [ 1.00247673  0.04288842  0.07498956 ... -0.05607645 -0.29193436
   0.62520263]
 ...
 [ 0.65850388  0.09747227 -0.31680758 ...  0.71528505 -0.25827895
   0.58044734]
 [-0.03226282  0.2275288  -0.34776229 ...  0.10739462  0.2626134
   0.11466681]
 [ 0.09003317  0.22429946  0.06822526 ... -0.41517535 -0.03753763
  -1.01593818]]
[-0.00725837  0.28516284  0.08142903 -0.05453234 -0.20906576 -0.11071128
 -0.02982511 -0.13468439  0.2828108  -0.12983031  0.17209628  0.14329489
 -0.22585178  0.03109598  0.10094284  0.24690139 -0.10358583  0.28217232
 -0.30251599  0.03171187 -0.03624937  0.17774604 -0.15100786 -0.11836567
  0.0778686   0.13099018  0.46654264 -0.04768771 -0.03581464  0.12650347
 -0.02701255 -0.04971725  0.25543496  0.00231374  0.17331075 -0.25715674
 -0.34055739 -0.02319928  0.03684147  0.0914678  -0.35084652  0.24840601
  0.18131541 -0.1789131  -0.09436564 -0.50696285 -0.1006416 ]
