[[-0.07610621 -0.03880159  0.08420594 ... -0.02408403 -0.0758256
   0.00499083]
 [-0.03688835  0.01070652  0.04805614 ... -0.06664535  0.02415358
   0.04366684]
 [ 0.04621624 -0.03507406  0.05449829 ...  0.05807338 -0.04686848
  -0.05358826]
 ...
 [-0.05492948  0.03793122  0.00465468 ...  0.00852217  0.01828806
  -0.00114028]
 [ 0.03094994 -0.07518586 -0.00780008 ...  0.06503396  0.03016376
   0.00738313]
 [-0.03415736  0.03610433  0.02465647 ... -0.04325945  0.07370217
  -0.02486513]]
[ 0.19531372 -0.52673646  0.5895484   0.53645117 -0.20783142 -0.48666924
  0.64151665 -0.91467198 -0.06646338  1.16217599  0.11705703 -0.03774278
  0.24418394  0.09659726 -0.40985014  0.69616361 -0.41689925 -0.53404284
 -0.14257959  0.05519763  0.14013007  0.41015071  0.50360181  0.52108456
  0.45030433  0.60539215 -0.0212296   1.51695055  0.20947294 -0.44641624
  0.79441433 -0.37650906]
[[-0.04322832 -0.72273466  0.20343336 ...  0.14615807  0.61571965
  -0.05788801]
 [ 0.28778765  0.39602968 -0.97182984 ... -0.10979881 -0.05414606
  -0.59873683]
 [ 0.39910726  0.59206458 -0.39644151 ...  0.5365609   0.28006485
  -0.58060132]
 ...
 [ 0.02154211  0.40701704  0.3090671  ...  0.56624165 -0.37303427
  -0.39492003]
 [-0.00339289 -0.29031383  0.58642193 ... -0.78091967  0.57108661
  -0.24123431]
 [-0.59879996 -0.06760144 -0.11078411 ... -0.73927559  0.49127901
   0.13168961]]
[ 0.31006065  1.08442906 -0.10143043  0.54535652 -0.35854922 -0.08367068
  1.1940204   1.84215726  0.9477862   0.10430024 -0.75827016  0.28266671
 -0.05409803 -0.25831418  0.93471976 -0.07905605  0.75315022  0.76447684
  0.09648213  0.67090732 -0.66908941  0.1459534   0.68839101  0.947979
  1.25204063  0.24177614 -0.17650933 -0.83181193  0.0241897  -0.20076172
  0.59295033 -0.06814766]
[[-0.56186796  0.14181231 -0.4540314  ...  0.39756945  0.75251943
  -0.16669339]
 [-0.09547248 -0.09767532  0.08197418 ...  0.63402878  0.32761267
  -0.46269479]
 [-0.14286493 -0.07919494  0.03074587 ...  0.3420792   0.17866207
   0.23502479]
 ...
 [-0.03655803  0.2518656   0.27814983 ... -0.17922386  0.06339351
  -0.10491009]
 [ 0.61949775 -1.02792641  0.17687489 ... -0.19459776  0.01448519
  -0.67105344]
 [-0.13182544 -0.08505204 -0.23307832 ... -0.14267309  0.24791284
  -0.32587342]]
[ 0.59400756  0.32121043  0.21045043  0.77447569  0.32720162  0.93668071
  0.76427303 -0.05928407 -1.23532081 -0.66022692 -0.06535036  0.46245787
  2.22945171 -0.17400509  0.12232149  0.5046026   0.37499526  1.99541478
 -0.0990223   0.73941488  0.3856908   0.70272274 -0.37304948  0.13280918
  0.3757142   0.20476675  0.41687065  0.37097428  0.62715346 -0.64104759
  0.62603829  0.34840995]
[[-0.08262376 -0.08101994  0.31244019 ... -0.48622254  0.02515073
  -0.21338787]
 [ 0.10023001  0.25956465  0.03803904 ...  0.33382624 -0.22502896
  -0.1603303 ]
 [-0.08359919  0.11944496  0.29496147 ... -0.06680595 -0.30074446
   0.55621117]
 ...
 [-0.33623289  0.04745073  0.04750489 ...  0.07333492 -0.16829914
   0.07268054]
 [ 0.22602982  0.08199431 -0.21809602 ... -0.127129    0.2489197
  -0.01905302]
 [-0.14444993 -0.10340143  0.14191669 ... -0.50542684 -0.05275509
   0.40271402]]
[ 0.45857861  0.42554045 -0.01914596 -0.1067071   0.57422195 -0.25524557
  0.61040012 -0.80160162  0.82981893  0.81720253  0.79714054  1.05073485
 -0.01837298 -0.10088112  0.11386     1.25516446  0.33507765  0.92359952
 -0.08883344  0.68820363  0.52351547  1.59523734  0.13132082  0.06413066
  0.29963094 -0.01305012  0.50253062  0.51734828  0.34867668 -0.39714546
  0.53819771  1.12395305]
[[-3.36965819e-01 -4.47402594e-02 -4.22682541e-01 ... -3.30121462e-01
  -4.12511755e-01 -2.89201531e-01]
 [ 6.88931257e-01  8.71723499e-01  3.59332978e-01 ...  4.66825765e-01
  -3.39504703e-01  8.18927394e-03]
 [-3.63293661e-01  5.83149152e-01  2.21854002e-01 ... -2.69400884e-01
  -6.88023856e-02  1.93118948e-01]
 ...
 [-1.04242104e-01 -1.61728915e-01 -6.12596849e-02 ...  5.05519197e-01
  -2.34298205e-01 -7.34729921e-02]
 [ 4.11537720e-01 -3.42965991e-01  4.65940785e-01 ...  5.03038244e-01
   1.28899365e-01 -1.06254002e-02]
 [-2.10659594e-02 -3.86505984e-04  6.33137804e-01 ...  4.45656802e-01
  -4.77636786e-01  9.50740097e-02]]
[ 0.50948823 -0.46925918 -0.19617967 -0.53130778 -0.02537524  0.27896413
 -0.39791528 -0.20882789  0.33005284 -0.2679765   0.73500886  0.30916464
  0.29671624  0.69222282 -0.63375155  0.38941142  0.07649907  0.44771999
  0.19190973 -0.41456934 -0.11663373  0.90982354  0.64923899  0.68236866
  0.43285689  0.72496119  0.13051393  0.10642739  0.35660637 -0.27119589
 -1.40309815  0.6462513  -0.18366498 -0.05732433  0.65770945 -0.89278416
 -0.67152403 -0.29077836 -0.16998156 -0.02663543 -0.20939613  0.32824706
 -0.02025023 -0.45685178 -0.32170674 -1.19332214 -0.45185272]
