[[ 0.03401984 -0.03643389  0.06899994 ... -0.05498779 -0.03578749
   0.07672402]
 [-0.06947807  0.0132698  -0.00352135 ...  0.07380166 -0.00937956
   0.07459177]
 [ 0.00391952  0.01694706  0.06760092 ... -0.03411574 -0.03859353
  -0.03684291]
 ...
 [ 0.03250718 -0.04464666  0.06413045 ...  0.0408735   0.07534535
   0.03162688]
 [ 0.08100676  0.05596635  0.04477552 ...  0.05484838 -0.07708723
  -0.07426068]
 [ 0.07816864  0.06162149  0.01299835 ... -0.02909348 -0.07882097
  -0.01370456]]
[-0.0877418   0.03506382  0.00519129 -0.1517291  -0.06639212  0.06899374
  0.14165769  0.32817188  0.0282019  -0.03313464  0.21778303  0.16754159
 -0.01983797 -0.00184669  0.0491402   0.00149742 -0.04957928  0.07489079
 -0.01190063  0.16019306  0.07548418  0.06448383  0.15118809  0.09782066
  0.02461308  0.11062549  0.05906016  0.11544755  0.04535891  0.08535223
  0.05135233 -0.01781077  0.1468398   0.06505718  0.14562818  0.09005659
  0.13986539 -0.05590688 -0.15105738  0.0160899   0.02018408 -0.01964385
 -0.04596723  0.03137326 -0.01091118  0.0210143   0.11962467  0.21835736
  0.05281956  0.06405115  0.00288655 -0.14300791  0.05312069  0.18151969
  0.02116662  0.05034239  0.07841404  0.22873392 -0.01697646  0.07235254
  0.04232381  0.05896246  0.1201729  -0.26517687  0.19602657 -0.09962796
  0.03460763 -0.04137761  0.05486488  0.11462226 -0.09643826  0.00813316
 -0.01478494  0.22668309 -0.02384173  0.08748419  0.08995105  0.06151467
  0.06758944 -0.0436092  -0.0205956  -0.04428146 -0.03581039  0.06115068
  0.07511719  0.03100535  0.01473401 -0.00495228  0.05942653  0.0490127
 -0.13577561 -0.01541329  0.14698969  0.0023668   0.08688542 -0.18188721
 -0.04902294  0.09249658 -0.07918146  0.06802667 -0.04925443  0.09463334
  0.10408378  0.22760309  0.13234305  0.0777342   0.15641762 -0.0101348
 -0.00847194  0.07230193 -0.0537894   0.09138042 -0.10922639 -0.11058953
  0.05905117 -0.09329374  0.14407561  0.17715182 -0.12377361  0.11301662
  0.17299264  0.13713348  0.12012111  0.15608538  0.163803   -0.03834208
  0.09798069  0.11563497]
[[-0.12486155  0.0311561  -0.13612779 ...  0.1101656   0.1332945
  -0.09552016]
 [-0.02795088  0.03069416 -0.03262622 ...  0.04826898  0.10492623
   0.01204983]
 [-0.05050031  0.12280061  0.10416052 ... -0.07286054  0.17337218
   0.25501489]
 ...
 [-0.17914836 -0.07309317 -0.11100182 ... -0.07125001 -0.20618681
   0.15607012]
 [-0.05890487 -0.15821405  0.01072336 ...  0.03964818 -0.08815561
  -0.04421543]
 [ 0.13182698  0.29353716 -0.18860014 ... -0.04447138  0.03417859
  -0.12132289]]
[-1.53379770e-02  1.26764152e-01  1.85337156e-01  1.22171077e-01
  1.47228136e-02  4.94104360e-02  1.11828086e-01  1.92296266e-02
  6.95561517e-02  1.39441830e-01  1.55410268e-02  1.44162145e-02
  8.24797795e-02 -1.85084089e-02  7.61855934e-02  4.88211362e-02
  2.55481419e-02  4.65233176e-02  5.86910858e-03  9.12786158e-03
  1.11154845e-01 -8.85377609e-03 -1.74268783e-02  1.85399001e-03
  9.48826841e-02  5.74738904e-02 -2.57059405e-02  6.35988883e-02
 -5.27016033e-02  3.36691964e-02  5.95607527e-02  3.83244774e-02
  4.33841295e-02  8.08396992e-02  3.24157183e-02  7.01221150e-02
 -1.05170881e-01  3.36379311e-02  1.38682932e-01  1.13065447e-01
  4.38480818e-02  7.63037031e-02  6.92127142e-02  7.95406666e-03
 -3.90376733e-02  6.23294827e-02  6.00840315e-02 -2.27145087e-02
 -6.78730892e-03 -1.36913907e-03  3.75529261e-02  4.54838067e-02
  7.23223067e-03  4.68443767e-02  1.51367446e-02  6.58283272e-02
  5.88867331e-02  1.44393086e-01 -1.75076189e-02 -3.76065902e-03
 -3.72716894e-02  8.57061340e-03  2.20934063e-02 -1.11681993e-01
  2.13030016e-01 -3.01833926e-02  6.05176284e-02  7.89270085e-02
  5.85590652e-02 -2.21278074e-02 -4.95989669e-02  1.42079927e-01
  7.76620806e-02  3.02010509e-03  1.57494482e-01 -5.21236563e-02
  1.98362400e-02  1.67169529e-01  3.29236447e-02  1.96956286e-02
  4.66706155e-02  2.34912034e-02  4.33095499e-02  3.69119981e-02
  5.66295967e-02 -2.74623611e-02  1.00464743e-01  4.04894529e-02
 -2.01397593e-04 -3.38945557e-02 -5.72407575e-02  1.73924658e-02
 -2.91281240e-03 -2.63134119e-04  1.98913244e-02  9.58377006e-02
  5.19069355e-02  4.50363566e-02  8.63631103e-03 -1.58662902e-04
  8.04023424e-03 -5.90748169e-04  3.40302340e-02  1.99623862e-02
  5.27927940e-02 -8.60448508e-02 -3.07317038e-02 -6.44438825e-04
  2.97938212e-02  2.02537026e-02  9.61061197e-02 -2.11486950e-03
  3.56058800e-02  9.93812060e-02 -4.01290807e-02  1.12411214e-02
 -7.39555311e-02 -4.64334414e-02 -1.33021752e-01  2.20993788e-02
 -4.61984096e-02 -2.14478298e-02  7.24374848e-02  6.92428196e-02
 -2.81514063e-02  6.78993473e-02  1.40449335e-02 -5.26166924e-02]
[[ 0.06825839  0.02971446 -0.08234194 ...  0.05068227 -0.01474042
  -0.0183543 ]
 [-0.0426167  -0.17171659 -0.09536926 ... -0.1648968  -0.17358194
  -0.07017234]
 [ 0.14059829  0.1541201   0.17922067 ... -0.09188313  0.10989654
   0.23200381]
 ...
 [ 0.13385489  0.03334744  0.12055502 ...  0.11479976 -0.01097039
   0.08437955]
 [ 0.13924784 -0.0991365   0.24656406 ... -0.14285438  0.07230468
  -0.14538901]
 [-0.13822042 -0.095426   -0.14778783 ...  0.16092767 -0.11919727
   0.01586535]]
[-0.00345589 -0.00078361 -0.00961505  0.00981964 -0.00857095  0.07351206
  0.07113676  0.02634724 -0.00089995  0.01372752  0.0327252   0.05101834
 -0.02497733  0.02642169  0.02207759  0.00596831  0.04414395  0.0212702
  0.03719236 -0.0142103   0.04209124  0.03464931  0.00425596 -0.02166794
 -0.01334858  0.03280902  0.0291964  -0.04770286  0.01106985  0.02012008
 -0.04047422  0.1537507   0.03785632  0.06298117 -0.00478058 -0.01799844
  0.03947641 -0.00974452  0.00026525  0.07150299  0.0010556   0.1034882
 -0.06932735 -0.00255722  0.00048953 -0.01037658  0.01507442  0.01787522
 -0.08269728 -0.00179885  0.09972421  0.05377118 -0.02113047 -0.08826137
  0.0384075   0.1179143  -0.00832994 -0.06140674 -0.00103108  0.02699925
  0.01873754 -0.07735812  0.03430893  0.03839189 -0.03393786  0.03162033
  0.00263068  0.03664582  0.01014868  0.03747857  0.06796277  0.00426079
  0.01400693  0.18694883  0.02480045 -0.03635408 -0.07403937  0.16175676
 -0.03869521  0.03298614 -0.00055707  0.10093456 -0.01798528 -0.05226562
  0.01816907 -0.05063506 -0.01304827  0.07118384 -0.02781049 -0.01627909
  0.09829925  0.02604895  0.00158692  0.01097602  0.11948772 -0.0773956
  0.1099978   0.0279854  -0.00410862  0.00478504  0.05893212  0.13521295
  0.0265519  -0.00749126  0.06386509 -0.0065829   0.04692891  0.08517651
  0.0032399  -0.00081313  0.00127445 -0.03090862  0.04307731 -0.00721713
  0.03865505  0.00891174  0.06103716  0.00062068  0.06221807  0.02769892
  0.0666942   0.01148915  0.05789832 -0.00477024  0.07637301 -0.00783659
  0.04492317  0.05305592]
[[-0.15249023 -0.11528538 -0.17593792 ... -0.13167291  0.1204312
   0.31083557]
 [-0.04584222 -0.17253632 -0.18590348 ...  0.00317306 -0.06656341
  -0.12070546]
 [ 0.0885695   0.10486273 -0.10851958 ...  0.1212814   0.08084992
   0.07942829]
 ...
 [ 0.08833583  0.10473243 -0.03581634 ...  0.19154437  0.15513515
   0.17499177]
 [-0.0412861  -0.09761333  0.05676039 ...  0.14989084  0.10390637
  -0.01719563]
 [-0.0972098  -0.1714911   0.01779993 ...  0.11423146  0.13260286
   0.21991776]]
[ 0.04624578 -0.03297483 -0.02079298  0.06603516  0.0047175   0.02388247
  0.06186532 -0.0151958   0.0089271  -0.00581896  0.00625563  0.04149125
  0.1085306  -0.00579974  0.0970157  -0.04584853  0.00066144  0.00036171
 -0.01008632 -0.00393052  0.02560856 -0.07019115  0.00979841 -0.01334045
 -0.06555896 -0.01528905 -0.00193996 -0.07798008 -0.00066758  0.16737812
  0.02823511 -0.01431516  0.02113766 -0.06936092  0.04761891 -0.01402274
  0.01517942  0.01970337 -0.06636136  0.06289851  0.00410169 -0.01536011
 -0.01645155 -0.06728047 -0.00956303  0.0800977   0.03149302 -0.00407252
  0.13359709  0.06637486  0.07765192 -0.03541832 -0.00131574  0.09280147
  0.02277122 -0.03047502  0.00190402  0.04361395  0.04492685  0.10186025
 -0.00934759  0.04612948  0.04992182  0.13003364  0.00191348 -0.0328666
 -0.00195923 -0.05698467 -0.05232088 -0.00682763 -0.00908961 -0.11622578
  0.02798902  0.02711013  0.02245237  0.02252802 -0.03629533  0.0158846
  0.11383527 -0.00025425  0.03819379  0.01297587 -0.05374979  0.03773502
  0.00480244 -0.00285059  0.00281437 -0.01617008  0.05970707  0.04625416
  0.0158579   0.06320218  0.000408   -0.02912884 -0.00969997  0.01000559
  0.05856037  0.0030772   0.06239637 -0.01292509  0.0067569   0.08986596
 -0.01171301  0.01382381  0.04928821  0.07641721  0.05188692  0.03366653
  0.10047297 -0.00047291  0.01269154 -0.00494642  0.03168264  0.0431434
 -0.00099893 -0.0027406   0.00190273 -0.00707444  0.01814657  0.01213481
 -0.04833749 -0.02402041  0.03497475 -0.01220671 -0.02303309  0.08750979
 -0.00245838 -0.01455317]
[[ 0.1909581  -0.02118636  0.11966538 ...  0.04875042  0.22086347
  -0.11109542]
 [ 0.03329428  0.22645528  0.17940039 ... -0.10943377 -0.40408736
   0.24423255]
 [ 0.04372995 -0.02769016 -0.1665842  ...  0.21666695  0.24472663
   0.1364353 ]
 ...
 [-0.09109032 -0.04643384 -0.09924613 ...  0.10022515 -0.10316451
   0.18538196]
 [ 0.25761224  0.32002084 -0.12137466 ... -0.2642272   0.18536936
   0.2672096 ]
 [-0.16395041 -0.20363213  0.02126578 ...  0.21386041 -0.03065386
   0.09519636]]
[ 0.08749851 -0.03983135  0.05772626 -0.05909429 -0.06382569 -0.00755399
  0.00959598  0.01339623 -0.13391837 -0.01110084  0.0255875  -0.01172873
  0.06695942 -0.00464288 -0.14359415  0.16857458  0.00854864  0.02528627
  0.00269077  0.12807306 -0.05681651  0.19964512  0.01068744 -0.01756064
 -0.06225038  0.04826288  0.12148433  0.00091935  0.04902824  0.11197754
  0.01380538 -0.03036106 -0.04768924 -0.05702615  0.18280448 -0.10956667
 -0.05038068 -0.05758238  0.05089628  0.03110086 -0.03278563 -0.06379254
  0.08698786 -0.09643709 -0.15300697 -0.19409713  0.00310635]
