[[ 0.08340742  0.01026268  0.00468323 ...  0.01257956 -0.0488528
   0.01847822]
 [ 0.07921413  0.06270065 -0.00796087 ...  0.05360673  0.03988299
   0.07294713]
 [ 0.03050451  0.06777893 -0.06519018 ...  0.04622986 -0.03633097
  -0.07825956]
 ...
 [-0.08454919 -0.08078336  0.0044862  ... -0.02714761  0.05515096
   0.08146123]
 [ 0.04669655  0.02659275  0.00352811 ...  0.06865731  0.04537525
   0.05621086]
 [-0.02695141 -0.00795222  0.02043911 ...  0.05383623 -0.0267841
  -0.06258647]]
[-0.1037141   0.77242124 -0.60531491  1.25066858  0.40504852  0.21709956
  0.43719643  0.62814493 -0.10459864 -0.74354247  0.17786192 -0.84317138
  0.6098551  -0.40928688 -0.36182047 -1.31989375 -0.08917574 -0.53076456
 -0.27633194  1.21538602  0.81013529 -0.34868019  0.35936274  0.06071187
  0.50630892  0.30436988  0.89802671 -0.04931371  0.41097148  0.88087637
  1.42032859  0.69654747]
[[-0.52689618 -0.73677287  0.1316312  ...  0.01113406  0.33027315
   0.41582105]
 [ 0.15917596 -0.14885279 -0.2219782  ...  0.02919673  0.43789428
  -0.3720899 ]
 [ 0.59563234  0.32061065 -0.0435624  ...  0.23620209 -0.94661331
   0.63554658]
 ...
 [ 0.37095566 -0.11894712 -0.37326465 ...  0.09760933  0.02020061
   0.39576443]
 [ 0.21555566 -0.5176314   0.82714571 ...  0.07532949 -0.2403164
   0.25687243]
 [-0.09594197  0.12404515  0.30660931 ...  0.64858421 -0.14580789
  -0.4736018 ]]
[-0.75062574  0.49582906  0.91019812 -0.02215579  0.25263069 -0.30344782
 -0.69892537  1.21818394 -0.13356151 -0.8042475   0.40333316  0.86806604
 -0.0220737   0.19469007 -0.3773119  -0.23664541 -0.6135482   0.20063928
  0.90994057  1.00744313  1.21572073 -0.04702496  1.07050908  0.29900032
 -1.64961519  1.57667943 -0.00171161  0.0425447   0.05157158  0.79390624
  0.09837796  0.82971946]
[[-0.62799504 -0.53130609 -0.18564339 ... -0.0535839   0.06154798
  -0.5918453 ]
 [ 0.18285803  0.04750368 -0.30713487 ...  0.54184964 -0.9242566
  -0.17673422]
 [-0.38109627  0.41438621  0.5299477  ... -0.17732354  0.91055897
  -0.12429237]
 ...
 [ 0.28967253  0.06455682 -0.43053747 ...  0.03042192  0.05638342
   0.14208288]
 [ 0.07361974 -0.65179662  0.2606134  ... -0.28243585 -0.47008998
  -0.12091124]
 [ 0.09052253 -0.34172605  0.09268973 ...  0.21350396 -0.27711612
  -0.03696759]]
[-0.04462781  0.83410273  0.23068843 -0.3774171  -0.17479886  0.33643494
  1.14389054 -0.29130717  0.33245712 -0.07255086  0.04151901  2.45034414
  0.92919602 -0.32079342  0.1901087   0.21149375  0.28266572  0.21032471
  0.45130047 -0.19955329 -0.07966189  0.10929558  1.22569745 -0.23843894
  0.15849387  0.96049989 -0.08778765  0.66624909  1.85588991 -0.43058716
  0.24918393  0.16351502]
[[-0.14209504  0.29833431  0.22009096 ...  0.17954678 -0.65983033
  -0.007217  ]
 [-0.43865763 -0.28639631 -0.25486452 ... -0.21095252  0.42623081
   0.44428814]
 [-0.03810318 -0.33434187  0.10800671 ... -0.16664725  0.54173266
  -0.19499494]
 ...
 [ 0.1789125   0.14718291 -0.1420995  ... -0.02643913 -0.10461985
  -0.2840694 ]
 [-0.07500699  0.32373588  0.27544433 ...  0.35256714 -0.25327317
   0.00185235]
 [-0.02613031  0.33008388  0.11711826 ...  0.11046017 -0.28332319
   0.55192192]]
[-0.14691527 -0.34206914  0.10224736 -0.26255225 -0.79190781  0.26020956
 -0.89801889  0.29619737  0.34346669  0.21523949 -0.00660793  0.99494343
  0.54940922  0.81190579 -0.73644953  0.74107145  0.02247536  0.04891719
  0.3446444  -0.03274419 -0.01900455 -0.10222507  0.01388527 -0.27659995
 -0.17273583  0.88876181  0.7519278   0.39268594  0.00736255 -0.01414245
 -0.12075666  0.13464101  0.54775497  0.38442343  0.87353653 -1.1615107
 -0.83492149 -0.35359953 -0.35612375  0.33373456 -0.38322749  0.05539972
  0.46961222 -0.81457203  0.17022897 -1.61535639 -0.31264116]
