[[ 0.07401709 -0.06144479 -0.05373168 ...  0.07332686 -0.04307477
  -0.07905894]
 [ 0.03278772 -0.03521344  0.03492041 ...  0.02854065 -0.03170948
   0.01183899]
 [ 0.02066451  0.06537856  0.015814   ...  0.08013165  0.02565635
   0.05686665]
 ...
 [ 0.08019067 -0.0377695  -0.06755312 ... -0.0221298  -0.05684827
  -0.00213233]
 [-0.03118071 -0.04496265  0.07469063 ...  0.02436844  0.03923313
  -0.02047832]
 [-0.04890546  0.02459859  0.08012654 ...  0.05473456  0.05433116
   0.01245194]]
[ 0.0132406   0.10203427 -0.01952984  0.09894617  0.06073072 -0.07195614
  0.04378346  0.07419273  0.00973011  0.00692827  0.14566772  0.18218781
  0.09012306 -0.00215981  0.01192879  0.03898877 -0.03301821 -0.05144155
  0.116886    0.0753198   0.13430282  0.02909195  0.01570689  0.09707866
  0.13937761 -0.00509137  0.01751975 -0.00619704  0.03332625  0.26909562
  0.07432855  0.0554643  -0.04765981  0.00948305  0.116259    0.05504798
  0.12813617  0.04683417  0.02972521  0.05026148 -0.09834247  0.03393028
 -0.01415629  0.06622417  0.11272321  0.11004628 -0.11525536  0.0409835
  0.12695271  0.05648548  0.01239353 -0.04655845 -0.02599374  0.00034581
  0.06184096  0.05868332  0.04013886  0.02369455 -0.0523939   0.16995878
  0.13934765  0.08935206  0.00506474  0.02681449  0.01131613  0.05842537
  0.01555733  0.19206386  0.08178703  0.04414719  0.07945079  0.05678396
 -0.00337623  0.05512953  0.00434782 -0.01822945 -0.17901604 -0.02193774
  0.07956582 -0.00686503  0.18619282  0.00690595 -0.03086618  0.055204
  0.05418409  0.07790883  0.0416591   0.04321351 -0.02568842  0.16320061
 -0.00346838  0.03219039  0.18441522  0.15595991 -0.00200974  0.11664024
  0.06758243  0.09449889  0.02180453  0.06666572 -0.03598392  0.04186559
  0.02834027  0.01746424 -0.02975417  0.03030626 -0.07530527  0.03471303
  0.10034411  0.01901043  0.06192032  0.04888816  0.01657461 -0.01118255
 -0.11985237  0.01700641 -0.00299105  0.16929244 -0.02650336 -0.03600168
  0.04104835  0.03137678  0.00575334  0.02152508  0.06005378  0.13522808
  0.01333944  0.06380278]
[[ 0.0037047   0.05618443  0.05119885 ...  0.02096667  0.1138794
  -0.03786239]
 [ 0.19371373 -0.0342034  -0.0108701  ...  0.04997206 -0.02114721
  -0.06739658]
 [ 0.12640579 -0.02457068  0.08924579 ... -0.06739195 -0.07633743
   0.07808622]
 ...
 [ 0.02760368 -0.18022377  0.1090084  ... -0.1483333   0.0082449
  -0.10123953]
 [ 0.01428424  0.01248766  0.10185099 ... -0.1574335   0.05120557
   0.21025611]
 [ 0.1080254  -0.14218631 -0.0766647  ... -0.06705585 -0.08683449
   0.00104333]]
[ 9.64333603e-02  3.55369506e-02 -1.07096535e-02  1.98829806e-03
 -7.88258138e-03  1.18625471e-02  5.47677540e-02 -6.96577247e-03
  6.70665303e-02  1.21095055e-01  8.13931265e-02  1.33910959e-01
  1.03153794e-01 -1.18373186e-02 -2.89333107e-03  4.33397325e-02
  2.20860812e-02  1.45323442e-02  4.66949668e-03 -1.69029133e-02
 -3.55931783e-03  6.90937313e-02  7.43124799e-02  1.05873906e-02
  5.38135466e-02  4.61561839e-02 -1.20314579e-03  1.08948536e-02
 -4.24841458e-02 -3.83151399e-02  1.06370775e-02 -1.92293903e-02
  8.09845008e-02 -4.67434265e-03  7.36637935e-02 -5.74376779e-03
  3.32155501e-02  6.85410571e-02  5.48082328e-02  2.65270817e-02
  3.57826169e-03  2.11380720e-02  2.66422769e-03  4.59003944e-02
  2.37042991e-02  6.94877885e-02 -9.95940393e-03 -1.03365335e-02
  7.42451114e-02  5.36909943e-02 -6.22264293e-02 -6.87669014e-05
 -2.63310045e-03  2.06896200e-03  2.22843767e-03  2.82879443e-02
  6.15718552e-03  3.60042309e-03  4.47081744e-02  2.37153757e-02
 -2.41707992e-02  2.57015739e-02  4.65075591e-02 -4.76856569e-02
  7.08026941e-02  7.34529042e-02  4.37557401e-02  4.82772520e-02
  3.02834610e-02  4.82806834e-02 -5.38602878e-03  3.88576590e-02
  1.11337116e-02  2.45008509e-03  3.65616680e-02  5.21984234e-02
  7.88634804e-02  4.09943577e-02  6.60752436e-02 -1.50797223e-02
 -8.40559386e-02  6.67775493e-02 -1.43027156e-02  7.54932519e-02
 -2.37535629e-02  4.17774525e-02  1.35807876e-01  1.36228154e-03
  6.94406004e-02  3.57371855e-02  5.07547681e-02  9.16922046e-04
  1.71178886e-02  1.83821233e-03  2.32550942e-02  3.75301897e-03
  3.31276676e-02 -1.73337712e-02 -1.32408888e-02 -9.68411722e-02
 -8.21029395e-02  8.80801105e-02 -9.71379802e-02 -1.08862487e-01
  2.19819005e-02  7.69449202e-02 -2.79728926e-03  4.86089041e-02
  5.10701367e-02  1.29115730e-02  1.05834285e-01  1.06162007e-02
  8.16348625e-02 -1.22022788e-02 -1.36390857e-02 -3.71625479e-02
  3.99174793e-02 -6.55376766e-02  8.49917100e-02  1.15242102e-01
  1.32101301e-01  3.70275000e-02  7.35096315e-02  1.10760108e-03
 -6.42239271e-02  6.07078438e-02  8.63138057e-02  1.07101943e-02]
[[-0.05420982 -0.14309799 -0.03307616 ... -0.17039898  0.04287031
   0.04235823]
 [-0.04448203  0.1974499   0.1471147  ...  0.05203183  0.19353867
   0.12815074]
 [ 0.13547422 -0.04313334  0.13228278 ... -0.149272   -0.11091672
   0.1621323 ]
 ...
 [ 0.1621544   0.00546558 -0.02975496 ...  0.06431079  0.14621546
   0.03586188]
 [ 0.12680187  0.07251668 -0.11275555 ...  0.05769458  0.02176727
  -0.02364149]
 [ 0.15235895  0.09560188  0.01518692 ...  0.01898598 -0.09049302
   0.12676618]]
[-3.05261188e-02  5.11056677e-03  4.35816408e-02  1.72979378e-04
  5.87321463e-02 -1.66447749e-02 -9.66415199e-05 -3.34228805e-02
  7.18593386e-02  7.93176098e-02 -7.34530798e-03  1.04715564e-02
  4.73787753e-02  6.20164788e-02  2.41483778e-02  9.52310785e-02
  3.64581403e-02  1.52581770e-02 -3.53562729e-03 -2.08438288e-02
 -5.77948863e-03  3.21774247e-02  7.63215303e-02  3.83712397e-03
  2.60079243e-02 -5.89419504e-02 -3.01717832e-03  2.41015703e-02
  5.34977539e-03 -1.89611802e-02 -2.29988868e-02  2.58721386e-02
 -1.38811839e-02  6.76264207e-03  5.75838152e-02  6.69698441e-02
  4.29250110e-02 -2.72923009e-03  2.13791175e-03  9.89612185e-02
  6.84081720e-02  4.56853695e-02  3.56936755e-02 -2.99442378e-03
 -2.29514082e-02  1.62069924e-02 -6.43249975e-02  1.17150867e-02
 -3.10926241e-03 -6.16459845e-03  3.03317356e-03  2.42899257e-02
  3.12670213e-02  1.05009302e-01 -8.12159476e-02  9.09878314e-03
  2.22668003e-02  1.09040781e-01 -8.01557298e-03 -2.57683981e-02
  1.85816976e-03  4.68185231e-02 -3.65545205e-02  5.33883031e-02
 -2.19678380e-02 -6.79349286e-03  1.15155630e-03  8.62225194e-02
  6.13593370e-02  8.68051587e-02 -2.45111330e-02  2.98815741e-03
  1.78784529e-03 -1.00500039e-02 -2.15653136e-02  7.29756327e-03
  5.42405816e-02 -1.43859024e-02 -2.17406432e-02  4.25080817e-02
  3.81016629e-02  1.40760652e-03  1.25782822e-01 -2.51787973e-02
 -8.69016315e-03  3.78968007e-02 -1.27204416e-02  5.56995962e-02
 -4.50310228e-03  7.23513774e-03 -3.60480999e-02  2.16689288e-02
  4.05823896e-03  4.30342042e-02  1.07833459e-02  4.26104810e-02
  1.72194754e-02  3.53377247e-02  4.18118049e-03 -1.27972761e-02
  3.29413788e-02 -1.59683953e-04 -6.24287894e-04  7.80844593e-02
 -1.11115844e-02  4.47547429e-02 -4.56841679e-02  2.33303229e-02
 -2.09691826e-02  1.95963036e-03 -1.13087198e-02 -3.94955281e-02
  7.39687523e-02 -1.31808413e-02 -4.26871897e-02  1.38184886e-02
 -3.04118238e-03  6.35304738e-02  3.61377674e-02 -1.46696587e-02
 -1.23285168e-03 -9.64152819e-03  4.51532128e-02 -4.45156042e-02
  9.07110486e-02  6.15781708e-02  1.08153172e-01 -1.16239873e-02]
[[-0.14034114  0.12606709 -0.0415113  ...  0.0835341  -0.03936238
   0.00782891]
 [ 0.12076817 -0.01891381 -0.01397666 ...  0.09173267  0.09724562
  -0.0328873 ]
 [-0.11209723  0.0032007   0.08293446 ... -0.0420061   0.22962301
  -0.157734  ]
 ...
 [-0.1288612  -0.12637182 -0.15349788 ...  0.08753477 -0.15444612
   0.06861096]
 [ 0.17572822 -0.14289043  0.02543213 ...  0.0942119   0.2061129
  -0.03267137]
 [ 0.1489202   0.03380606 -0.11925724 ...  0.06032481  0.11058378
   0.07660946]]
[-0.00177654  0.04930833  0.00640997  0.08319497 -0.02424359 -0.00894006
 -0.07656909 -0.02449591  0.03449611  0.00728065 -0.03309857  0.09842744
  0.02854836  0.04188753  0.09346432  0.05085971  0.02177144 -0.00083428
  0.0749081   0.03624498  0.05454269 -0.01634846 -0.05889696  0.00766709
 -0.00811601 -0.04589899  0.02672096 -0.005771    0.04893231 -0.02108824
  0.00960314 -0.03153165 -0.02006085  0.0183835   0.0308239  -0.03358353
 -0.03653883  0.01518926 -0.00290863  0.02482695  0.03073415 -0.01508644
  0.03754177  0.05541347  0.00473937  0.00772837 -0.02166062  0.0797576
  0.0007508  -0.00484378  0.0490045  -0.06929297 -0.02769362 -0.01487042
  0.03346943 -0.03259373 -0.06758467  0.01260929  0.01343411  0.02271494
  0.04446958  0.04463744 -0.10176382 -0.0084957   0.02012394  0.02953723
  0.02782966 -0.02674329  0.02963349  0.04881092  0.01799327  0.09422375
 -0.05634166 -0.00953398  0.00687683 -0.01062755  0.04971457 -0.00222433
 -0.00460277  0.04247839 -0.00369488 -0.06289429  0.01056757 -0.041342
 -0.01547298  0.00358735  0.02851804 -0.00419172  0.02399725  0.00668004
 -0.01424112  0.00035989 -0.00649188  0.09141882  0.02840793  0.02160246
 -0.01054756 -0.00077633  0.03229976  0.06235017  0.00895549  0.00023583
  0.02076944 -0.00132281 -0.02876881  0.03499229 -0.00856726  0.02026746
  0.03064086  0.07120829 -0.00837995  0.02243442  0.04554333 -0.00035445
  0.02936771  0.01298839 -0.00919313  0.00077312  0.05902387  0.01469388
  0.02576373  0.02075436  0.04583299  0.00878004 -0.00152607 -0.00390203
  0.1470682  -0.03915153]
[[-0.06481951 -0.17536295 -0.03244185 ...  0.14580241 -0.20171177
   0.11064239]
 [-0.16019039 -0.0076629   0.00448445 ... -0.16272032  0.17850596
  -0.12219407]
 [-0.11873847  0.18330207 -0.09534358 ...  0.18546401  0.15418886
   0.25196404]
 ...
 [-0.25753526  0.08455662 -0.11341287 ... -0.39877598 -0.20100256
  -0.06183632]
 [ 0.0523407   0.16651718  0.19537727 ...  0.23375432 -0.09222894
   0.04096116]
 [ 0.00682972  0.2097612   0.00630718 ... -0.04895241  0.3617277
   0.26600475]]
[ 0.02464204  0.07021115  0.04439067 -0.06597106 -0.04729898  0.0217997
 -0.0511904  -0.00411292 -0.04879872 -0.03984672 -0.0273078  -0.0280856
  0.0415813  -0.02757667 -0.04641216  0.06318436  0.04232804  0.03164402
  0.06463684  0.11439027 -0.02112433  0.16274815  0.01037839 -0.055897
 -0.04478423 -0.00755348  0.03488337 -0.03346693 -0.00946683  0.07674965
 -0.00592569  0.02650437  0.02953897 -0.0343897   0.09612314 -0.08052591
 -0.13974758 -0.02285398  0.01240668  0.01899184 -0.06430658 -0.0367226
  0.09960577  0.01308003 -0.0667322  -0.09812229  0.00840162]
