[[-0.04306753  0.01487585 -0.04263728 ...  0.06347908 -0.02457758
   0.05906288]
 [-0.08048779  0.06118201 -0.0670286  ... -0.07002266 -0.05669571
  -0.02471971]
 [-0.04592306  0.01147046 -0.04829449 ... -0.02610339 -0.06693721
  -0.07828256]
 ...
 [ 0.06277416 -0.03619723 -0.02625945 ... -0.04604747  0.00155985
  -0.03950437]
 [-0.07925148 -0.07846145  0.00028192 ... -0.02049708  0.05287557
   0.04502346]
 [ 0.04729297 -0.00743234  0.0286944  ...  0.00569047 -0.07036106
   0.00088716]]
[ 0.00304931  0.48816327  0.10773438  0.64027695 -0.33059871 -0.03884354
  0.21604117  0.03998717 -0.0520271   0.22375735  0.37335112  0.60169712
  0.26653923 -0.08542054  0.16024698  0.07483677 -0.03130192 -0.2453496
 -0.01945451 -0.4186594   0.01226658  0.47328698  0.36638873 -0.2177311
 -0.303037   -0.1777645   0.09851026 -0.33037591 -0.52962263  0.08547861
  0.22759315  0.34287265 -0.29641246 -0.34897006 -0.02759328 -0.19539452
 -0.13863738  0.05849229 -0.1718801  -0.21284757 -0.22786085  0.47022429
  0.30611277  0.03851317  0.72424196  0.29376167 -0.68663786  0.01949046
 -0.27158093  0.18785892  0.29283483  0.17663266  0.32475202  0.23020683
 -0.12403633  0.25220761 -0.41109934 -0.30239312  0.10801282  0.44014036
  0.12605406  0.19698133 -0.13801167  0.14908931  0.08497839  0.33240253
  0.07348497 -0.61270232 -0.44418501 -0.8200739   0.0390341  -0.07540066
 -0.29910218  0.34295749 -0.28928549  0.93858624  0.59297233  0.42996707
  0.00264499  0.01030479  0.17338079 -0.14616128  0.21531046  0.24548427
  0.04396581  0.19132168  0.05293435 -0.11282316  0.36248493  0.42612733
 -0.03334004  0.34301796  0.23936272 -0.32001988 -0.55348833 -0.13454649
  0.15244819  0.26668402 -0.13073713 -0.19034329  0.36683304  0.08609599
 -0.15271174 -0.40001754 -0.24248293 -0.32346681 -0.02920223  0.66214574
  0.12354866 -0.05349465 -0.04870142  0.36181723 -0.15028206  0.41866307
  0.18870048 -0.11428659 -0.03116916  0.14692017 -0.08079303 -0.2442996
  0.29689544 -0.72657669 -0.0679867   0.52137738  0.12534281 -0.22851185
  0.47859278  0.07264017]
[[-0.16967175 -0.14535643 -0.65382203 ...  0.56494077  0.1644084
   0.20292071]
 [ 0.16671036 -0.24289559 -0.08323953 ... -0.4734611  -0.12420495
  -0.38774892]
 [ 0.05760145 -0.29096909 -0.04141279 ...  0.07841474 -0.19972179
  -0.18284712]
 ...
 [ 0.04894478 -0.24588154 -0.17005128 ... -0.25654747  0.12795207
  -0.06233232]
 [ 0.14438302 -0.04300938  0.2386614  ...  0.15239841 -0.00482736
   0.22657534]
 [ 0.12124794 -0.12043394 -0.04681636 ...  0.06932081 -0.16623442
   0.02150575]]
[ 0.4149985  -0.11267497  0.10519726  0.42504572  0.09993539  0.13410458
  0.01032069  0.08636823  0.42594019  0.36872973  0.15228483 -0.04840712
 -0.01301588  0.41143614 -0.05596877 -0.00725674 -0.05521443  0.01551208
  0.16367173  0.00265025  0.01029723 -0.00317748  0.26532469  0.1136439
 -0.23362398  0.17794671  0.22937662 -0.05964731 -0.03865075  0.06076568
 -0.04094417  0.07923235  0.45693075 -0.03557718  0.09077902 -0.03513742
  0.41352195  0.04532918  0.27512389 -0.08303579  0.1270064   0.35578532
 -0.01217348  0.08445787 -0.23197732  0.32897383 -0.21576585  0.13019199
 -0.15054018 -0.12266336 -0.0664853  -0.0761812  -0.13655966 -0.25224083
  0.16667764  0.03412944  0.14387019 -0.04376117  0.27078786 -0.00404508
  0.17096719  0.34599972  0.04877753  0.00925088  0.03751799  0.30278437
  0.06270266  0.2392891   0.06309144 -0.1771201  -0.20812779  0.17629112
 -0.02581634 -0.20488248  0.17980255 -0.05486435  0.07775378  0.0826507
 -0.14439694  0.04428891  0.19783716  0.09900411  0.10693496  0.2103728
  0.06058144  0.08570915  0.34916917  0.10540405 -0.12668215 -0.02284341
  0.02706727  0.06333991  0.10788725  0.10857079  0.31083147  0.1362261
  0.06820657 -0.15586494 -0.07279338 -0.06279191  0.14437474  0.0780251
 -0.03635646  0.40475565 -0.20722916  0.2519501   0.13731367  0.00516951
  0.15141993  0.33904502 -0.11871137 -0.01164965  0.0400374   0.08111634
 -0.03092807  0.03216132 -0.02399523 -0.11820962  0.07731751 -0.07134277
 -0.1761641   0.02966757 -0.07051995 -0.07795689 -0.00739546  0.05603823
 -0.04259765 -0.12250927]
[[ 0.3811161   0.33911044  0.0662531  ...  0.07588084 -0.0069487
  -0.12227465]
 [-0.46214207  0.51031055  0.22327291 ...  0.21636224  0.06003497
  -0.46845482]
 [-0.09270978  0.37662409  0.04068981 ...  0.04115274  0.15592718
  -0.10069979]
 ...
 [ 0.12094894 -0.52552404  0.58600885 ... -0.17054816 -0.38434894
   0.57472257]
 [-0.59131735 -0.63722736 -0.66705    ...  0.03576602  0.18714706
  -0.08546622]
 [-0.40197105  0.68915951 -0.02494213 ...  0.9834403   0.40493137
  -0.64351969]]
[-2.37588025e-02  1.72160988e-01 -1.23452068e-01 -1.63291678e-01
 -8.31866063e-02 -2.04160537e-01 -1.77932588e-02 -1.22964281e-01
  4.42326111e-02 -6.40852733e-02  2.30267136e-01  2.27131979e-01
 -2.13423902e-01 -5.13626646e-04 -6.75151793e-03  3.45303619e-01
 -9.41352633e-02  2.74461002e-01 -1.21166573e-01  1.26278335e-02
 -4.59115641e-02  1.06375903e-01 -7.45241768e-02 -2.57160372e-02
  1.86116705e-01  1.43196782e-01  4.60083510e-01  2.20671333e-01
  1.59056910e-01  2.41304343e-01 -9.88368402e-02 -1.11865458e-01
  9.99325983e-02 -8.13131868e-02  3.56443322e-01 -7.48522134e-02
 -5.23156015e-01  1.32226788e-02 -2.77040022e-02  3.98659537e-02
 -2.81346701e-01  4.63171222e-02  6.23075896e-02 -1.63284790e-01
 -1.66860499e-01 -3.92324274e-01 -1.34700773e-01]
