[[-0.05547911 -0.04451901 -0.04508244 ...  0.02492334  0.00475387
   0.04469311]
 [ 0.05263113 -0.04862723  0.06104533 ...  0.00415909 -0.01923823
  -0.01557404]
 [-0.02987294  0.0452401   0.07488769 ...  0.08044553  0.06677238
  -0.03321856]
 ...
 [-0.0031825   0.01814135 -0.03527035 ... -0.07174526  0.00630278
   0.00487805]
 [-0.02614595  0.06255154  0.01416616 ... -0.00696875  0.00350109
   0.07574218]
 [ 0.0513045  -0.07406021 -0.02614566 ...  0.00364215 -0.0671189
  -0.01647044]]
[ 2.62291699e-01  2.21501447e-01  1.48740344e-01 -4.50038872e-02
  2.16087806e-01  1.65534936e-02  1.40272561e-02 -1.07626655e-01
 -1.61632396e-01  2.16380467e-01  1.99517220e-01  3.92709611e-02
 -1.67027935e-01  3.49469294e-02 -2.19142037e-01  5.52260887e-02
 -4.68759816e-02  3.15735334e-02  1.48910525e-03  2.17931409e-01
  1.13770076e-01  5.87804248e-02  2.22589366e-01 -6.76075345e-02
  3.25024228e-04  1.41434438e-01  6.15376830e-02  9.15503401e-02
  1.32400007e-01 -1.32504215e-01  1.99220677e-02  3.11108873e-02
  4.24573026e-02 -1.93257649e-01 -2.49908719e-01 -5.89282760e-02
 -4.68811440e-02 -1.27326838e-01  8.16165114e-02  2.99460521e-01
  2.09168271e-01  3.27967149e-01 -6.96713908e-02 -8.88020186e-02
  4.58864381e-01  1.29628578e-01 -1.27903747e-01  1.04302876e-01
  2.50338686e-01  9.84092865e-02 -9.89492532e-02  1.93305581e-01
  1.78050360e-01 -1.76205403e-01  2.20951919e-01 -5.91781570e-02
  3.21650607e-01  1.17135480e-01 -4.65326384e-02  1.29342468e-01
 -1.91732668e-01  7.18126770e-02 -3.21739022e-02 -1.09485231e-01]
[[ 0.22886121 -0.01100433  0.20627216 ...  0.28245085 -0.20608031
   0.13446019]
 [-0.40255535  0.20633614 -0.64786945 ... -0.18955218  0.26663738
  -0.23745801]
 [ 0.1953324  -0.0165281   0.20537553 ... -0.15688799 -0.3078156
  -0.02949282]
 ...
 [-0.19055974 -0.2736879   0.27656976 ...  0.02511694  0.25696213
   0.15801998]
 [ 0.08211729  0.18217195 -0.36933449 ... -0.37620531  0.00366243
   0.08990444]
 [ 0.0925096   0.20339737 -0.15764633 ... -0.02878683  0.1269924
  -0.06034699]]
[ 0.08009483  0.12798061  0.127038   -0.05449804 -0.00514101  0.01016777
 -0.05184812 -0.15401399  0.02287722  0.32371787  0.01057371 -0.10892425
  0.03526604 -0.18385844  0.20001543 -0.21510742  0.2088548  -0.06084583
  0.13072767  0.06104673  0.25775793  0.24623279  0.00723194  0.06807727
 -0.06885678  0.03170868 -0.002891   -0.08571461  0.06356942 -0.10449377
  0.15155084  0.03831291 -0.05329495 -0.08681459 -0.16227964  0.22216772
  0.01838559  0.11113128 -0.12459442  0.02549188  0.11859004 -0.00043049
 -0.09424401  0.04058393  0.00699115  0.08526656 -0.00758972  0.18189954
 -0.00963352 -0.01300558  0.06894542  0.04299627  0.02107167  0.02238492
  0.1587751  -0.06314618 -0.01797878  0.36491793  0.0432265  -0.04939078
  0.02660829  0.10954023  0.05929119 -0.00094445]
[[-0.31483603 -0.48281192 -0.27437516 ...  0.06815981 -0.47483977
   0.00284502]
 [ 0.18490352 -0.21642315 -0.01715829 ...  0.3998854  -0.32988
  -0.11033303]
 [ 0.02427919  0.30590677  0.08793831 ...  0.04581919  0.35041005
  -0.21961907]
 ...
 [ 0.33174765  0.06259826 -0.08239755 ... -0.24939921 -0.11032521
  -0.17987666]
 [ 0.2233882   0.05214694 -0.01230967 ... -0.29982799  0.47959102
  -0.07130522]
 [ 0.30303021 -0.21114732 -0.00159708 ... -0.52577933 -0.28270519
   0.03473998]]
[ 0.03534362  0.04433963  0.00187953 -0.06832656 -0.02203619  0.11677378
 -0.0868284  -0.00899589 -0.13944775 -0.09084653  0.02523154 -0.06596046
  0.07985265  0.06058761 -0.17552943  0.13492225  0.10010777  0.102074
 -0.10532578  0.14603874 -0.05349799  0.20418298 -0.01472436  0.03149336
 -0.13780675 -0.0177097   0.09740143 -0.08334098  0.07195358  0.16703581
  0.01045394  0.05762824  0.05363315 -0.20094799  0.24525903 -0.16677629
 -0.09878767 -0.16087873  0.0540008  -0.02897872 -0.11173883  0.029283
  0.28551223  0.08740936 -0.26296071 -0.10515875 -0.03579358]
