[[-0.06783107 -0.08574641  0.00029479 ...  0.05615078 -0.04244267
  -0.08258053]
 [ 0.01987064  0.00376042  0.04589269 ... -0.07731559 -0.06061522
  -0.03510579]
 [ 0.07058266 -0.06645045 -0.03056057 ... -0.03076417 -0.03816326
  -0.07958794]
 ...
 [-0.0675451  -0.00554861 -0.03280357 ...  0.03227659  0.01224765
  -0.02936066]
 [ 0.04218318  0.07702513  0.01248435 ...  0.0134722  -0.04801025
   0.03487583]
 [ 0.00234597 -0.0290279   0.0722803  ... -0.07886527 -0.02123437
   0.00753525]]
[-0.04461845  0.11238446 -0.01339916 -0.01128534  0.11003052  0.01098248
 -0.09330999  0.02865354  0.29078247  0.19771258 -0.08773634  0.06171964
  0.02000328  0.10083331  0.06487992  0.05759447 -0.0692133  -0.24347761
 -0.1113009  -0.06626503  0.13874341 -0.15548015  0.00935608  0.0235284
  0.39455774  0.00818755 -0.00848288  0.11309718  0.14273768 -0.10621653
  0.39553004  0.26415284]
[[-0.22073966 -0.2099115  -0.01008835 ...  0.17164996  0.35836502
   0.56675259]
 [ 0.07649388  0.06458954 -0.28907615 ... -0.22044033 -0.15168021
  -0.29075407]
 [-0.05058375 -0.36093274 -0.30530593 ...  0.40638123 -0.26609616
   0.00171245]
 ...
 [ 0.01368213  0.06213231  0.09957874 ...  0.06405604 -0.16810344
  -0.56979682]
 [ 0.35222924 -0.28486037 -0.08969338 ...  0.33244261 -0.48168946
  -0.20417629]
 [ 0.10121887 -0.22853891  0.11507373 ... -0.18095436 -0.2371072
  -0.18409149]]
[ 0.07794143  0.01120864 -0.01570193  0.00378889  0.11719593 -0.18453011
 -0.03334822 -0.00669143 -0.05798868 -0.0775185  -0.04848507  0.00702038
  0.09177589  0.01085865  0.0752581   0.22100071  0.17387967 -0.04974479
 -0.0190904   0.04823631  0.28678586  0.0788174   0.00165857  0.05124395
 -0.24371416  0.05163272 -0.00684383  0.01660941  0.309057   -0.09281527
  0.05881563 -0.04295591]
[[-0.1381076   0.16536954  0.14356369 ...  0.11647632 -0.44978828
  -0.21233544]
 [-0.11187886  0.00051433 -0.02524607 ... -0.32698979  0.22425367
  -0.40191528]
 [-0.0765321   0.11721649 -0.02006373 ... -0.36185723  0.02699397
   0.27636573]
 ...
 [-0.21761255  0.175659   -0.05450695 ... -0.00486292  0.12370218
  -0.12101697]
 [ 0.50991249 -0.01746473  0.03083847 ...  0.14332168  0.25535558
  -0.27459242]
 [ 0.05983444  0.11488727 -0.23418478 ...  0.11627123 -0.38037342
  -0.22835167]]
[ 0.00456402  0.05106198 -0.01305497 -0.12161821  0.04017237  0.13297047
 -0.04872923  0.02932202 -0.26166565 -0.01214171 -0.05392795 -0.09134438
  0.15779677  0.06855871 -0.18563504  0.1302339  -0.1056009   0.03468358
  0.04934625  0.27464137  0.03119407  0.2072498  -0.0133414   0.02633639
 -0.13519776  0.06764323 -0.01623714 -0.13621784 -0.09228307  0.11442193
 -0.01321692  0.00425665 -0.02464459 -0.12713034  0.11982738 -0.104562
 -0.11531104 -0.0122249   0.03125445 -0.14337655  0.07085944  0.0396658
  0.14357337 -0.00171827 -0.05806085 -0.09432626  0.15193302]
