[[-0.05769075 -0.07280224  0.00441511 ... -0.07567698 -0.07131244
  -0.0757217 ]
 [ 0.04555491 -0.00997074  0.05243442 ... -0.0598886   0.07602706
   0.03703146]
 [ 0.00356095 -0.07857874 -0.03470625 ... -0.01546397 -0.06369884
   0.06299123]
 ...
 [ 0.015961   -0.06917343  0.00560029 ... -0.07075731  0.0544872
  -0.04861251]
 [ 0.0645629  -0.05837934 -0.01562408 ...  0.05547293  0.01079224
   0.0303576 ]
 [ 0.02816804  0.03083488 -0.0366725  ...  0.08360095  0.04136869
  -0.06524305]]
[-0.00164204  0.11016747  0.11445954 -0.08564602 -0.05636638  0.12416253
 -0.17944998  0.23702067  0.00139747 -0.15997968  0.31158738 -0.25841532
  0.09792802  0.39554432  0.15829447 -0.06501941  0.24760299  0.3097053
  0.07313824  0.31721462  0.06454695  0.26416846  0.03194105  0.12880842
  0.22219745  0.27994582 -0.20745471 -0.01308519  0.30678878  0.33462205
 -0.07785936  0.00916627]
[[ 0.29436043  0.35065573  0.01945926 ...  0.25783455 -0.41430412
   0.0541005 ]
 [ 0.16445356  0.04505761  0.10620177 ... -0.28455346 -0.38952917
   0.22069188]
 [-0.5461429   0.03279129 -0.704605   ... -0.21346736  0.20403925
   0.37418035]
 ...
 [ 0.52173899  0.22431075 -0.2048469  ...  0.03687324  0.06715536
   0.09927145]
 [ 0.2146842  -0.41955112  0.49983409 ...  0.25714903  0.09275161
   0.03636021]
 [-0.49955265 -0.00268157  0.27353403 ... -0.55195296 -0.14078859
  -0.30181093]]
[-0.0838494  -0.26405027 -0.10756413 -0.02019674  0.06662326  0.03901978
 -0.01695661 -0.01089835 -0.02218782  0.01545241  0.38349745  0.01006503
  0.04919992  0.09579714 -0.35569002 -0.00805597  0.01790577  0.18098386
  0.1880994  -0.00232762  0.17523415  0.12048991  0.19750327  0.17577004
 -0.01460661 -0.15392202  0.17654795  0.20818199  0.20625262  0.32265448
 -0.02640806  0.19575506]
[[-0.21140932 -0.19981499 -0.14977608 ...  0.16381114  0.41777026
   0.00225564]
 [-0.2285638  -0.15236411 -0.1835595  ...  0.41478915  0.07545391
  -0.00959166]
 [-0.23188181  0.12079087  0.0704861  ...  0.20097719  0.12893792
  -0.25171816]
 ...
 [ 0.10729425 -0.24649838 -0.11134068 ...  0.76456441 -0.75722582
  -0.08439905]
 [ 0.08466638  0.07741354 -0.10401205 ...  0.09821824  0.18165002
  -0.10656759]
 [ 0.30857867 -0.4974261  -0.34459213 ...  0.12029512  0.45887779
  -0.19604048]]
[ 0.06949598  0.03195189 -0.01619167  0.25953359 -0.32794857  0.1250675
  0.02387334  0.38056648  0.17549438 -0.02075162 -0.37926486 -0.03875592
  0.14625284 -0.09159531 -0.05379716  0.10378448 -0.08576308  0.18390299
 -0.08405861  0.13404917 -0.03799822  0.00917987 -0.005473   -0.01150305
 -0.00424009 -0.14651743 -0.00878867  0.15156549 -0.03321737  0.05905991
  0.00283719 -0.00892172]
[[ 0.0718748  -0.2228232   0.17558313 ... -0.10088266 -0.24903253
   0.40053866]
 [ 0.46071752  0.07012918 -0.26726202 ... -0.3176898   0.16882966
  -0.358555  ]
 [-0.12447814  0.21204132  0.00907981 ...  0.49275169 -0.11054147
   0.22115127]
 ...
 [ 0.1490517   0.22124706 -0.26939277 ...  0.36485966 -0.25553096
  -0.18050074]
 [ 0.1376745   0.17372985 -0.04508348 ... -0.35990331  0.14820031
  -0.01103081]
 [ 0.66464959  0.04940252  0.27029303 ... -0.08069739  0.23743895
  -0.35293383]]
[ 0.05723901  0.02778713 -0.08051744 -0.03737186 -0.01966741 -0.06831484
 -0.15751709  0.02392958 -0.32732992 -0.10505297 -0.01288344 -0.08340215
  0.20106743 -0.07980328 -0.3963877   0.15610468  0.06007253 -0.01647259
  0.01652334  0.24939212  0.07242227  0.29465232  0.01265428  0.06552936
 -0.22416238  0.05053857  0.1871782  -0.03196743 -0.17310797  0.25764211
 -0.08747375  0.19634155  0.17096522 -0.28574747  0.2726245   0.04677448
 -0.26900583  0.04045838  0.02336217 -0.04135001 -0.06901227 -0.24940575
  0.29113705 -0.00303415 -0.08951822 -0.17011265  0.30422231]
