[[-0.06334967 -0.06510572 -0.06423736 ... -0.03487902  0.00533389
   0.07766637]
 [ 0.00688718 -0.00376218 -0.01630011 ...  0.01289021 -0.05667418
   0.05099772]
 [-0.04213862 -0.06530719 -0.04133703 ... -0.03487295 -0.02498121
   0.01918522]
 ...
 [ 0.03275937  0.03194719  0.05664208 ... -0.08017337 -0.03950877
  -0.05790267]
 [-0.02121791 -0.0447934   0.00108035 ... -0.02730331  0.06415443
  -0.02810394]
 [ 0.03182546  0.08080235  0.0587207  ... -0.01804139  0.02270091
  -0.03560042]]
[-0.1947824   0.14096368  0.27859094 -0.2491652  -0.29411335 -0.35170386
  0.07236853 -0.10590268  0.2576554   0.21200254 -0.69588664 -0.0414418
  0.4054529   0.25628435  0.54740402  0.19117022 -0.04565613  0.47651608
 -0.18403851 -0.01851062  0.2189056  -0.22396522  0.29850806  0.26044271
  0.10109539 -0.12783904  0.389438   -0.20404151  0.11666201 -0.0737449
  0.05012804  0.0064273 ]
[[-0.05844268 -0.12453292 -0.08518386 ... -0.31847664  0.2808651
   0.37495139]
 [ 0.20976783 -0.21688456 -0.38614782 ... -0.73143004  0.0392018
  -0.23826934]
 [ 0.00193944  0.29306793 -0.22210712 ... -0.25325825 -0.79189402
   0.53152743]
 ...
 [-0.43682218  0.32347132  0.63740524 ... -0.54141482 -0.0352946
  -0.40428962]
 [-0.00233614 -0.56641944  0.29379191 ...  0.27131844 -0.33776394
   0.28246002]
 [ 0.51115346  0.28219632  0.05004268 ...  0.62336553  0.35614559
  -0.37045086]]
[ 0.21538369 -0.25387951  0.05641357 -0.08720586  0.04290087  0.0617068
 -0.1662581  -0.05907492  0.18419348 -0.08855572  0.18112417  0.16381751
  0.29169588  0.41309563  0.19616952  0.04621024  0.19833635  0.03573043
 -0.12316455  0.10732955 -0.44291653 -0.15545124  0.21504953 -0.3280535
  0.39730899  0.17065692  0.22466839  0.20975339  0.03741203 -0.13290799
  0.34611063 -0.27615662]
[[-0.34945061 -0.11992227  0.13728723 ...  0.06359832 -0.22613378
   0.27241186]
 [-0.15922347 -0.32668791  0.70606821 ... -0.33935613  0.20079196
  -0.41469241]
 [ 0.16519143  0.80652875  0.28110909 ... -0.08135741 -0.03261125
   0.02581727]
 ...
 [ 0.64582029  0.11254882  0.40393274 ...  0.16576035  0.12966409
   0.46203913]
 [-0.14396981 -0.16750973 -0.19263193 ...  0.0714307  -0.03359436
  -0.25130607]
 [ 1.08586309  0.25954321 -0.24536828 ...  0.00363366  0.05396071
  -0.11618418]]
[-0.01365321  0.02971305  0.04302173 -0.29460405 -0.13743723  0.02340088
 -0.41754225 -0.04672167 -0.15923824 -0.12785518 -0.02023571 -0.05088063
  0.25212327 -0.09199732 -0.26052829  0.3804235   0.03648143 -0.11837992
 -0.01639213  0.31782074  0.11600403  0.35284624  0.07624096  0.10428501
 -0.29045747  0.16676217  0.232791    0.07858661  0.14933437  0.27460014
  0.12163193  0.13818226 -0.05030335 -0.07907039  0.17512696 -0.19349755
 -0.30557365 -0.16289695  0.05162724  0.02245569 -0.19780891 -0.10700311
  0.22306878  0.11807396 -0.25924285 -0.22609881  0.14281691]
