[[-0.08567993  0.03645122  0.00960456 ...  0.01086695 -0.02465653
  -0.02567735]
 [-0.01496164  0.06087115  0.00402622 ... -0.03498334 -0.08381459
  -0.03706066]
 [-0.06576781 -0.07562023  0.01503306 ...  0.03613145  0.00193537
   0.00611356]
 ...
 [ 0.07849043  0.01445281  0.07624519 ...  0.03536413 -0.06440943
  -0.00337252]
 [-0.07924203  0.07987812  0.0321485  ... -0.03509984  0.01478363
  -0.03334833]
 [ 0.00306601  0.04673882 -0.00803374 ...  0.05659368 -0.08240041
  -0.06945368]]
[ 1.84923951  0.26391061  1.62989997  0.40921744  0.07567972  0.40332978
  0.44975065 -0.20847852 -0.0302861   0.55529085 -0.01518772  0.77289469
  0.82359541  0.42016237  1.46119307 -0.28550288 -1.27954894  0.38498056
 -0.88933182 -0.17271531  0.59088414  0.28320643 -1.0542071   0.62460637
 -0.39494863  0.49469925  0.20864421 -0.71503804  1.01477984 -0.06263856
 -0.32323123  0.3890397 ]
[[-0.01260634  0.60875847  0.64883953 ...  0.25367695 -0.00243506
   0.52396836]
 [-0.61688235 -0.15529716  0.27781423 ...  0.85420922  0.25787467
  -1.16073782]
 [ 0.35837355 -0.04762031  0.46137644 ...  0.20606041 -0.43812064
  -0.02943221]
 ...
 [-0.06945016  0.19197077  0.29182097 ... -0.6225107   0.45229036
  -0.20549432]
 [-0.32614398 -0.62827273  0.07847839 ...  0.20764761 -0.03167205
  -0.1615897 ]
 [ 0.7355434   0.10586619 -0.92472772 ...  0.05087781 -0.11363046
   0.20207517]]
[-0.00253988  0.82981352  0.25816598 -0.43269104 -0.10397412  0.57169691
 -0.0417167   0.38409769  0.49800532  0.82426214  1.00527868 -0.21595531
  0.43656752  1.13274238  0.64194294  0.20220407 -0.28415533  0.6111073
 -0.38435615 -0.04646103  0.45670884  0.09747419 -0.12033534 -0.17171596
  1.5219333  -0.42284199  0.55928176  0.71360807  0.11667783  0.82873296
  0.52461328  0.12673367]
[[-1.06397247 -0.09805682 -0.07547967 ... -0.37489459  0.53917642
  -0.14309319]
 [-0.35181254  0.08475004  0.18573953 ... -0.00863483  0.01448244
   0.1558574 ]
 [ 0.42557876 -0.05534065 -0.35094615 ...  0.25889318 -0.02709741
   0.3591128 ]
 ...
 [-0.06537252  0.00728444 -0.09588802 ...  0.15224437  0.48887966
   0.28746678]
 [-0.1257637  -0.05658504 -0.28626242 ...  0.14057463  0.16431753
  -0.17704676]
 [-0.27503863  0.37970357 -0.28506812 ...  0.25108851 -0.12180036
  -0.10342172]]
[ 0.11702795  2.36386573  0.67106568 -0.57483756 -0.03937613  0.11473295
  0.23655213  0.10652174  0.22577298  0.18993931 -0.11081361  0.15233999
 -0.66646425 -0.26788384 -0.67007264  0.11205738  0.86741899  1.36484074
  0.0025426   0.97019384 -0.14175345  0.08660316 -0.45550375  0.27381688
  0.85557352 -0.05025245 -0.13916151  0.65939389  1.30997366 -0.05443597
  0.81616592  0.3821617 ]
[[-3.21532672e-01 -3.04227805e-01  1.49553550e-02 ... -2.73371066e-01
   2.10638087e-01 -2.59591259e-01]
 [ 4.59814768e-01 -7.52040502e-01  4.93382079e-01 ... -5.43399426e-01
  -4.60426217e-01  2.33545380e-01]
 [ 4.44675768e-01 -4.55834294e-01 -1.45294365e-01 ...  3.22431121e-01
  -8.88937021e-02  4.02395014e-01]
 ...
 [ 5.31272622e-01 -9.09571236e-02 -5.37867050e-04 ...  3.73803154e-01
  -4.04783157e-01  3.42044654e-01]
 [ 5.10966009e-01  5.38912033e-02 -4.34795525e-02 ... -1.75532358e-01
   2.07512469e-01  3.13215967e-01]
 [-1.09486480e-02 -5.88533354e-01  4.07428164e-01 ...  1.60801064e-01
  -4.22935005e-01 -1.14951365e-01]]
[ 0.23367586  0.10609714 -0.43848035 -0.20483158 -0.06591196  0.80822236
 -0.04845367 -0.31604099  0.15465691  0.32672708  0.82739525  0.46433808
  0.3848456  -0.03433659 -0.35634662  0.73001693  0.40207944  0.15718102
 -0.17506176 -0.0427594   0.66253865  0.63913067 -0.38093883  1.1529165
 -0.25667335  0.69874019  0.41522719  0.2316823  -0.55412211  0.21684536
 -0.30252919 -0.04488095  0.16906926 -0.66158192  0.69893254 -0.98736665
 -0.90294058 -0.11706609 -0.66145003 -0.21353564 -0.45731317 -0.16154799
  0.48128809 -0.86115711  0.23805281 -1.5416367  -0.41269596]
