[[ 0.07581238 -0.05850813  0.07675314 ... -0.03529813  0.02313507
   0.02235335]
 [ 0.06098015  0.01741978  0.01112159 ...  0.02306788  0.07732762
   0.00429488]
 [-0.0304975   0.03235281 -0.08364768 ... -0.02526568 -0.07086332
   0.03258076]
 ...
 [-0.02198353  0.02482024  0.0608023  ... -0.03425984  0.00918328
  -0.02226635]
 [-0.02570055  0.00603893  0.03906997 ...  0.0714528   0.07868502
   0.00380556]
 [-0.00324936  0.06950217 -0.03662692 ... -0.00708705  0.05334305
   0.02197258]]
[-0.94406613  0.50192291  0.20989337 -0.33014743 -0.21251904  0.19135217
  0.41421104 -0.32002888 -0.17654145 -0.13067375 -0.0841008  -0.35792345
  0.2369304  -0.07823439  0.12403251 -0.03759562  0.79753006 -0.93128098
 -0.3862746   0.31791704 -0.39555865  0.37020125 -0.08130491  0.21013545
  0.5663856   0.0778389  -0.11281318 -0.00783578  0.5054733   1.53396316
 -0.0514783   0.80077037 -0.96703671 -0.90558127 -0.3486707   0.13663451
  0.63021033 -0.28531447 -0.69112447 -0.47554711  0.07899268 -0.81585386
  0.27085304  0.53297826 -0.24260499  0.25806305  0.77095056 -0.44873312
  0.01444926 -0.27551796  0.37326522 -0.18088529  0.84509281  0.02000636
  0.330568    0.48004704 -0.27626696  0.35022416  0.3072226  -0.50508742
 -0.34032602  0.19856607  1.18308315 -0.4627245 ]
[[ 0.36479554  0.62367275  0.26887805 ... -0.06526076 -0.18294687
   0.04167571]
 [-0.07461434 -0.19523992  0.39226307 ... -0.08166755 -0.17154569
   0.80481889]
 [-0.12433144 -0.46505772  0.46447645 ...  0.4385938   0.08007052
  -0.26480866]
 ...
 [-0.25982211  0.53163701 -0.28678084 ... -0.85499942  0.25609818
  -0.16693631]
 [ 0.33150674  0.00210828  0.12343754 ... -0.23867884 -0.10351288
  -1.06178248]
 [ 0.40761163  0.06465402  0.69927552 ...  0.57565528 -0.26823394
  -0.37459539]]
[-0.24773368  0.51343878 -0.22582169 -0.01691389  0.35796288  1.20158625
 -0.13039405  0.1337713   0.11045484 -0.01300607 -0.07099413 -0.2648962
 -0.18689857 -0.82878888 -0.4432798   0.65175833  0.03710537  0.42394732
  0.28779367  0.55678323 -0.51739359  0.19901781  0.51593659  0.05125047
  0.38193079  0.00667264  0.2007529  -0.16292987 -0.18390778  0.41455571
  0.08719089  0.27612099 -0.19334604 -0.02178471  0.40719203 -0.32694904
 -0.06140667  0.6140894   0.38940182  0.24971897 -0.12847074  0.6376246
 -0.01470087  0.29235161 -0.05779661 -0.29103003  0.51969898 -0.23158182
  0.35377308 -0.3005066  -0.28227806 -0.27500367 -0.62118327  0.29099914
  0.47491558 -0.58132876 -0.14597293  0.31159147  0.33841127  0.90125489
  0.25558178  0.96263271 -0.42903188  0.11172644]
[[-0.10375309  0.10928662  0.00727941 ... -0.01379012  0.18835457
  -0.16725537]
 [-0.0210436   0.37409731  0.13827686 ...  0.326136   -0.10005559
  -0.13261252]
 [-0.42537912 -0.24253794  0.19099019 ... -0.54974358 -0.24203987
   0.31961455]
 ...
 [-0.46029179 -0.11883107 -0.18879252 ... -0.18116947 -0.1800148
   0.03357854]
 [ 0.16081819 -0.21704383  0.03348348 ... -0.03395959 -0.3204425
  -0.21458446]
 [-0.5768528   0.09603517 -0.33706769 ... -0.03350129  0.21964387
  -0.05940671]]
[ 0.41829999  0.1448516  -0.19755728 -0.28731174  0.98518651 -0.04972869
  0.70931313 -0.50356247  0.43759048  0.23808448 -0.05062819 -0.14970658
  0.16102449 -0.35995891  0.92768736  0.05191148  0.00202276  0.17417909
 -0.0335977  -0.39196479  0.09102257  0.09225102 -0.2284282  -0.07936216
  0.17563695  0.27003237  0.21513096  0.00369606  0.19976005 -0.3538585
  0.49604286  0.08795413 -0.13109753  0.44220843  0.69235789  1.06864048
  0.22395776  0.19109303 -0.46363676 -0.71306592  0.07847071  0.33921536
  0.49503998 -0.15452948  0.08417441 -0.40764961  0.0639244   0.01098423
  0.22094229  0.17051584  0.81008364  0.01276381 -0.24784093 -0.10575881
  0.29769842  0.06067159  0.22810545  0.52046866 -0.22086498 -0.25134166
  0.06620704 -0.17042591  0.22409116  0.17963547]
[[ 0.14330271  0.22044473  0.30380204 ...  0.23203319 -0.13579482
  -0.03832515]
 [ 0.01207995  0.67412779  0.45851418 ... -0.22026103 -0.4459065
  -0.09151203]
 [-0.2156766   0.313581   -0.19173268 ... -0.10713033 -0.0302427
   0.23917335]
 ...
 [-0.01113019 -0.21720887  0.23165724 ...  0.14055733 -0.2235706
   0.23008354]
 [ 0.18657496  0.1156936  -0.2261641  ...  0.13180368 -0.02175367
  -0.2922044 ]
 [ 0.28516566 -0.018507    0.20316229 ... -0.12596944 -0.02666771
  -0.10063344]]
[-0.01837784  0.34022942 -0.22032633 -0.06465238  0.25654359  0.16525177
  0.07975866 -0.00124484  0.31063396  0.09705777  0.01100944  0.32129794
 -0.2102742  -0.15435885  0.9285018  -0.17448019  0.54229653  0.11825614
  0.01573996 -0.07098674  0.01692721 -0.38698976  0.00854681 -0.02603054
  0.27382171  0.467637   -0.10450149  0.73299503 -0.43668346 -0.07546189
 -0.02207683  0.29588615  0.08319613  0.35416545  0.04024236  0.24186223
 -0.01884789 -0.06271719 -0.27958555  0.43473934 -0.46676998  0.60885591
  0.46071568 -0.14799136  0.74713428  0.22878629 -0.03868148  0.28863684
  0.49870298  0.1783087   0.23113898  0.12552194 -0.00219248  0.26546691
  0.00407546 -0.14953421  0.03150301  0.30988851  0.71891848  0.30416467
 -0.38604573 -0.09886473  0.11109147  0.71658095]
[[ 0.46862681 -0.15457434  0.19064146 ...  0.27433234 -0.29295434
  -0.20583437]
 [-0.21694169 -0.28037492 -0.08418181 ... -0.15114534  0.00727154
  -0.15966243]
 [-0.10195519  0.30891267  0.09634981 ...  0.07398377 -0.09432161
  -0.03047357]
 ...
 [ 0.05865854  0.11703485 -0.01439343 ...  0.07788899  0.39121458
  -0.01318245]
 [ 0.02810714 -0.22475945  0.14637352 ... -0.45498839  0.26629214
  -0.33066522]
 [-0.41106174  0.33287816 -0.01737    ... -0.05597783  0.11273966
   0.27602091]]
[ 0.31227112  0.04654361  0.15672993 -0.12596888 -0.35929938 -0.3555134
 -0.16780482 -0.41817544  0.18109154  0.24229811  0.36255162  0.68296692
 -0.2197075   0.28253495 -0.05380357  0.56094287 -0.20539105  0.3165904
 -0.04202664  0.06531182 -0.19316417  0.34387714  0.04904266  0.04024083
  0.16373744  0.25278295  0.22345197  0.07360769  0.4664884   0.12515399
 -0.17457928 -0.15312993  0.14809103  0.30619152  0.60878382 -0.77254105
 -0.62931198  0.01229588 -0.10405006 -0.14052759 -0.39789439  0.22008554
  0.34662731 -0.82141933 -0.14341621 -0.98025897 -0.1323074 ]
