[[-0.04306753  0.01487585 -0.04263728 ...  0.06347908 -0.02457758
   0.05906288]
 [-0.08048779  0.06118201 -0.0670286  ... -0.07002266 -0.05669571
  -0.02471971]
 [-0.04592306  0.01147046 -0.04829449 ... -0.02610339 -0.06693721
  -0.07828256]
 ...
 [ 0.06277416 -0.03619723 -0.02625945 ... -0.04604747  0.00155985
  -0.03950437]
 [-0.07925148 -0.07846145  0.00028192 ... -0.02049708  0.05287557
   0.04502346]
 [ 0.04729297 -0.00743234  0.0286944  ...  0.00569047 -0.07036106
   0.00088716]]
[-1.52739156  0.71924141 -0.10089339 -1.11356288 -1.03039195 -3.05432233
 -2.13867617 -0.15267028 -6.03818575  0.05549951  0.99422665  0.9916692
 -0.0177021  -5.00780638 -3.42909294 -0.06119708  1.44710105 -0.12013258
 -0.13270169 -3.28081482  0.60873665 -6.83901593 -0.72597659 -4.38653509
 -0.15223348 -4.75424553 -0.05539271  3.05401407 -3.13897174 -1.28739745
 -2.15919151  0.48741859 -1.72568986 -2.08828667 -1.63395767 -0.11956047
 -0.04934167  0.16765636 -0.06068115 -3.17613188  0.63763696  1.63508629
 -0.2019694  -3.10070817 -1.27007999 -1.90877157 -4.33963204 -4.02826207
 -7.07641695 -1.1502026   0.35561637 -4.14615153 -1.60664449 -3.12155144
  3.35033509 -1.53786914 -6.51922759 -0.58227108  0.82331373 -2.79574484
 -2.10836161 -3.4659282  -4.08655035 -1.61180884 -0.58213962 -3.42625796
 -0.76673904 -1.71184093 -4.38051945  2.06325983  1.3976521   0.59132422
  1.17767463 -0.60078995 -1.46138215  0.66473823 -1.20544098 -3.76359856
  0.48414678 -1.6359787  -0.89254038 -0.68846116 -0.0430124  -3.06062687
 -2.28902819 -0.05051729 -2.28153957  1.23633693 -0.66242805  0.36185775
 -1.39266171  3.22849798 -2.31471071 -1.70398819  0.4802905   1.78121795
 -0.66617236 -2.66287038  1.18729512 -0.73393302 -0.05173956  2.02611811
 -0.11170196 -3.55382661 -3.67041292 -0.9686104   2.28819524  1.54596187
 -4.90029384  2.07484669 -0.85504963 -0.95674025 -5.51982443 -3.48606956
 -0.05864972 -2.35969675 -1.90083571 -2.36930654 -6.88153646 -3.45735923
 -0.87570377 -4.72709833 -3.98045268 -3.85462567  0.26970387 -0.08045036
 -3.30404371 -1.28230813]
[[-0.39956314  0.17317324 -0.25305814 ...  0.5994178  -0.1720014
  -0.86864117]
 [ 0.72787708 -0.83293848 -0.07675442 ... -0.83231175 -0.06125177
   0.02023908]
 [-0.40228644 -0.53080141 -0.07726727 ...  0.23158182 -0.5734128
  -1.84947011]
 ...
 [ 0.12363452 -0.12339661 -0.08885203 ... -0.68728252  0.08430989
  -0.0649928 ]
 [-0.60664583  0.89590761 -0.08012164 ... -0.54590901 -0.78668207
   0.23606529]
 [ 0.22805833 -0.38594133 -0.11149946 ... -0.87339597  0.34539173
  -0.0107596 ]]
[ 1.54314481 -4.36589999 -2.84020065 -0.79986329 -1.56372047 -1.16514104
 -0.97698664 -2.05342565 -4.76697998  4.68936045  1.32039655  1.80728677
  0.27431015  0.4467992  -2.36718288 -2.98699545  0.06839275 -3.52873845
 -2.44970431  0.34372456 -0.59500454  0.98443807 -2.05542856 -2.42437705
 -3.18313124 -1.21313247 -2.49664944 -0.38285537 -1.46383489 -3.96072402
 -2.97111152 -2.35830674  2.85068714 -0.86404172 -2.72271229 -2.2897956
  1.66903346 -1.55678307  2.63850461 -3.42704686  1.59967228 -0.71290716
 -3.33849739 -0.14561042  0.75128077  2.08765398 -4.2276863  -0.9255674
  3.57213743 -4.34164275 -3.08083134  2.45929187 -0.13799869 -3.62521103
  0.6615666   0.63582005 -2.47521641 -5.10530299  1.06648315  0.30584589
 -2.62504713 -1.05999325  0.93045817 -1.1164866  -1.31801336 -3.48217008
  1.84750289 -2.26301373  0.48343493 -2.45834171 -2.1503445  -4.36812533
 -0.99975525 -2.08694075  0.33518068  2.1414225   0.0315819  -0.31340294
 -2.07533708 -1.04350053 -1.57109713  2.55386119  0.53926738 -1.31626581
 -0.96485103 -1.75447533 -0.26032269  1.53328083 -3.83572963 -0.7735774
 -2.57554678 -1.57234726  1.76020908 -2.20190365  2.13865691 -1.10306479
 -2.08870604 -2.52776598 -2.84084871 -2.51162751  0.17230517 -1.1417756
 -0.82074038 -2.1432555  -0.25959756 -0.77988583 -1.19574691 -0.08955078
  1.8712656   3.34260928 -0.50254265 -3.12694688 -0.37496926 -0.98998733
 -2.48123886  1.06221781 -2.17066192 -3.90609915 -5.70679073 -4.25324381
 -3.49062289 -5.27408253 -2.2907502  -4.61620999 -1.62331078 -1.22391395
  0.0951026  -0.72956444]
[[ 0.38047278  0.32291168  0.24270701 ...  0.2092023  -0.86181775
   0.33391036]
 [-0.5279292  -0.46684701 -0.25527525 ...  0.16948717  0.46611465
  -0.1991145 ]
 [-0.38430042  0.38530856 -0.76591738 ...  1.23806205  0.21781174
  -0.11126973]
 ...
 [-0.08092256  0.32880359  0.12859899 ...  0.26869897 -0.28399448
   0.03829663]
 [-0.64907783 -0.67303848 -0.35531769 ... -0.28324441  0.34573057
   0.37146411]
 [ 0.16146106  0.05265303 -0.08184373 ...  0.13976536 -0.03107652
  -0.1542786 ]]
[ 0.70493697  0.75357817  0.31869217 -0.49479313  0.32850787 -0.06019428
 -0.34257234 -0.26830419 -0.15921876  1.07106966  0.35546875  0.10094782
 -0.29672106 -0.65208823 -0.04424899  1.96695896  0.31148201 -0.02803307
  0.40762022 -0.16806772 -0.54078672  0.53617939 -2.07558238  0.17334396
  0.64239181  0.02321293 -0.42083142 -0.03257605  0.44118136  0.0703521
 -0.06212038 -0.80669097 -1.78910991 -1.19583396 -0.23895979 -0.20321786
 -0.06792573 -0.31943299 -1.46237404 -0.18111586  2.06346005  0.76366624
 -0.33297538 -0.01707507  0.66602658 -0.2799646   0.8417379 ]
