[[ 0.07291447  0.04601663  0.07926189 ... -0.042899    0.00471782
  -0.07293725]
 [-0.05824029  0.06581675 -0.05246747 ... -0.05366274  0.07979451
   0.00327163]
 [ 0.02918971  0.07809418 -0.02164191 ... -0.06811272 -0.01058659
   0.05115712]
 ...
 [ 0.05005445 -0.04948899  0.02440016 ...  0.04745465 -0.06317652
  -0.0170375 ]
 [-0.06316862 -0.04625522  0.05955215 ... -0.05006716 -0.01841017
  -0.0383638 ]
 [ 0.07203342 -0.04506266 -0.00514705 ...  0.06124373 -0.01041169
  -0.01939164]]
[ 0.02593114 -0.00059938  0.01273654  0.00798427  0.00457274  0.01158746
 -0.00511022  0.00391163  0.02276312  0.00100929  0.00120815  0.01309808
  0.0292394   0.01228907  0.00736261  0.00032526  0.00501586  0.00996923
  0.0064336   0.00376439  0.00373772  0.00241421  0.02986302 -0.0002489
  0.03531212  0.00483784  0.0102407   0.00080243  0.0001948   0.00862728
  0.0025376  -0.00326372 -0.00195673  0.00270149  0.02133256  0.01044967
  0.0292162  -0.00256609  0.0168662   0.01019257  0.01753889  0.00050915
  0.01037946  0.00648274  0.01916112 -0.00308304 -0.00211138  0.02647142
  0.00605314  0.02660316  0.01699325 -0.00778488  0.01618079  0.01195223
 -0.00128768  0.00663688  0.01499114 -0.00023698  0.00310563  0.00286359
 -0.00251606 -0.00053545  0.03592846  0.03280018  0.00767939  0.00776533
  0.01263571 -0.00254588  0.00631128  0.00668694  0.01064158  0.01932918
  0.00311176 -0.00228055 -0.00882296 -0.00222454  0.00171005  0.00324459
  0.00781473  0.0164128   0.03287322  0.00361491 -0.00011679  0.01265637
  0.01508728  0.01940034  0.01442484  0.02422296  0.02957045  0.01978726
  0.02187394  0.01934247  0.02217705  0.01120544  0.01830598 -0.00815394
 -0.0025667   0.00460729  0.00687928  0.02654318 -0.00010247  0.00582299
  0.00045796  0.03989616  0.02073404 -0.00094416 -0.00399637  0.02017089
  0.0171225   0.01425749  0.01407569 -0.0008237   0.01003242  0.01434514
 -0.00263892  0.00477226  0.01814807  0.01294625  0.02661564  0.00167516
 -0.00075832  0.00922637  0.00520636  0.00656385  0.01697795  0.01985199
  0.01047411  0.02064627]
[[ 0.07205997 -0.03842183 -0.01456407 ...  0.0786633  -0.11164316
  -0.06463795]
 [-0.10061196  0.10758725  0.14727372 ... -0.05799132  0.0669264
  -0.02322933]
 [-0.0513626  -0.08443899  0.1265791  ...  0.01438501  0.0305015
  -0.14674648]
 ...
 [ 0.02445657  0.01898852  0.12911035 ...  0.13222081 -0.09773601
   0.07612115]
 [ 0.02989419 -0.09530222 -0.10205678 ...  0.09074352  0.01946113
   0.03843424]
 [ 0.0179784  -0.03481878  0.13141849 ... -0.10458096  0.1214345
   0.03919711]]
[-0.00081966 -0.00054786  0.00294062  0.03298303  0.00411047  0.01096778
  0.00212968  0.00940661  0.01664641 -0.00097922  0.03026874  0.00362463
 -0.01390998 -0.01622085  0.02232155  0.02132297  0.00035043  0.00359538
 -0.00241998  0.01799068 -0.00675231  0.02531602 -0.00492807 -0.01521299
 -0.00265526 -0.00604787 -0.00021447  0.00543907  0.01878258  0.002835
  0.00240908  0.00345695  0.00592016 -0.00833771  0.00264974  0.00623753
  0.00335045  0.01009378 -0.01071841  0.02466731  0.01440504 -0.00458476
  0.00062543  0.02795329 -0.00279569  0.00309413  0.02006372  0.02453509
  0.00158432 -0.01134947  0.00406133  0.00204421  0.00515323  0.01858362
  0.02874159  0.00756804 -0.00748084  0.00646457  0.00741691  0.00947525
 -0.00320299  0.01210005  0.00273944 -0.00834006  0.02548622 -0.00019189
  0.00361834  0.00201679  0.01526978  0.00442266  0.0097951   0.01215165
  0.00299307  0.01573461  0.00164281  0.02090071 -0.00031052  0.02073764
  0.02017375  0.02322329  0.01266319  0.00762211  0.00161981  0.00583027
  0.00066072  0.01054732  0.02054022  0.01322219 -0.00051727 -0.00157267
  0.01702702  0.01282774 -0.00073282 -0.01356002 -0.00258709  0.02527884
  0.00099443  0.01323302  0.02768134  0.00257568  0.01643053  0.01022167
  0.01484353  0.00604691 -0.01309948 -0.00026291  0.01560672  0.04104327
  0.0117685   0.01776187  0.02813746 -0.01446525  0.00334863  0.04480357
 -0.00259842 -0.00474114 -0.00831577 -0.02450655  0.02826988  0.00061023
  0.01051995  0.04265013  0.00249675  0.01890244  0.01603347  0.01396535
  0.00630561 -0.00644565]
[[ 0.11109676 -0.08503695  0.14043922 ...  0.11731839  0.04091408
  -0.01934987]
 [ 0.11446926 -0.07534035  0.13329684 ...  0.16267178  0.14890964
   0.02683742]
 [ 0.08164395  0.15177981  0.11622596 ...  0.02090304 -0.02130058
  -0.03676677]
 ...
 [-0.14731672  0.02354998 -0.01908676 ... -0.0247456   0.09799726
  -0.12148601]
 [-0.13599989  0.10397303  0.00607528 ...  0.15582843 -0.09517509
   0.08030228]
 [ 0.01086434  0.01005905  0.13868871 ...  0.09470769 -0.04100925
   0.06199586]]
[ 2.27208029e-02  2.55153042e-02  4.73385704e-03  2.42957199e-02
  1.80345667e-02  6.59798032e-04  8.48055623e-03  2.16576074e-02
 -3.23901022e-04  9.48145022e-04 -1.12980313e-02  6.72386246e-03
  5.54636041e-03  4.33793249e-03  1.55665293e-02  2.78230643e-03
  7.25402375e-03  7.15990626e-03 -1.75758146e-02  2.75858542e-02
  3.59339429e-02  8.26641549e-03 -5.34840656e-03  1.67443913e-02
  8.14732876e-03 -1.20443451e-02  1.25012498e-02  2.26667237e-02
  1.79440499e-02  8.74663027e-03 -6.81343426e-03  1.92746553e-02
 -3.39326848e-04 -1.63717498e-02 -1.08195369e-04  1.50948650e-02
 -6.06795671e-04  8.36491362e-03 -2.94789028e-03  5.69770146e-03
  3.09967589e-03 -1.47312721e-04 -3.85514778e-04 -5.33095269e-03
  1.40984969e-02  2.92573503e-02 -2.37928295e-02  4.91478650e-03
  3.13645033e-02 -6.06779563e-03  1.74439617e-02  5.09217542e-03
 -8.07257960e-03  1.35277977e-03  1.37438048e-02  2.97714413e-02
  9.37531741e-03  2.46384495e-02  1.08384402e-02  4.36122002e-03
  9.39898987e-04  2.16875132e-02 -1.65440576e-03  3.00935511e-04
 -2.16438258e-04 -1.07784263e-02  1.34335258e-03  4.26540406e-03
 -3.03902693e-02  1.72881713e-02  4.86064834e-04 -2.46606853e-02
  5.17881018e-02  1.44179645e-02 -7.85117592e-04  5.34278411e-03
  9.90157304e-03 -6.15275539e-03  3.50809753e-03 -3.40371476e-04
  2.57238495e-02  3.72656559e-03 -1.22724913e-02 -8.54045310e-04
 -9.94636823e-04  3.15743592e-04  8.76540865e-04  6.17205117e-03
  1.58669755e-02  1.00659385e-02 -1.24196985e-03  3.32626092e-02
  1.87924451e-02  5.11845192e-04 -3.21876281e-04  2.96637474e-02
 -9.11660328e-03 -3.75604547e-02 -6.14884307e-03  7.78295733e-03
  8.01317331e-03 -2.12486820e-03 -1.82819397e-02  1.53737519e-02
  9.34685271e-03 -3.18782748e-03  5.34999575e-03 -3.32265927e-03
  5.71473225e-04  2.21648851e-02  3.83312620e-04 -2.23845427e-03
  1.80227329e-02 -2.46643482e-04  6.07473129e-03 -2.34588417e-03
  1.58064017e-02  3.18891747e-02  5.45435580e-05  3.32166633e-02
  3.35296407e-03  9.63578999e-03  1.06814806e-02  1.06930870e-02
 -2.36157719e-03 -1.04849310e-02 -6.64706912e-03  1.93796551e-02]
[[-0.08944619  0.09822119 -0.10821622 ...  0.09638671 -0.06731672
   0.16531361]
 [ 0.0066931   0.05157825 -0.14894089 ... -0.03209091  0.0289919
  -0.14586008]
 [ 0.10101348 -0.08268715 -0.15083818 ...  0.14135273  0.08046185
   0.01043614]
 ...
 [ 0.21673515 -0.06318522 -0.01635415 ... -0.13450935  0.0853157
  -0.12439226]
 [ 0.01866598 -0.0108176  -0.0030316  ... -0.13888067  0.11056881
  -0.12791173]
 [ 0.0201397  -0.04540921  0.05774861 ...  0.07241465  0.03433333
  -0.08489566]]
[-4.05468045e-02 -4.05588026e-03 -1.46276418e-03 -4.65151610e-03
  2.57964677e-02 -9.55756742e-03  6.34569080e-03  1.64344398e-02
 -2.96639969e-04 -1.32048441e-03  1.31948231e-02  1.01382260e-02
  1.11065464e-02  3.05480858e-02  1.22722469e-02  3.77104979e-03
  1.62643795e-02  2.14770277e-02  2.29137208e-02  1.26206067e-02
 -3.73592549e-03 -1.91859137e-02  1.87132722e-03  4.31285065e-03
 -9.84930670e-03  1.74575824e-02 -2.03902549e-04  2.11092188e-03
 -5.79255067e-04 -3.29577141e-03  5.41292163e-02  4.18896430e-02
 -2.44746750e-02 -3.60677403e-02  2.82746085e-02  2.98109114e-02
  6.71431876e-03 -1.85839858e-02 -6.38392869e-03  8.62758293e-03
 -2.79245425e-02  1.31570417e-02 -8.91585673e-03 -2.60259196e-03
  9.67371053e-04  2.09541433e-03  8.05633263e-03  1.77026182e-02
  1.17602209e-02 -1.19293730e-04  4.25375477e-03 -2.52860966e-04
  9.27253666e-03 -4.18199790e-03 -5.22510605e-04  2.01144127e-02
 -1.14846910e-02 -6.08938995e-03 -3.92536483e-03  2.08068101e-02
 -1.07855242e-03 -1.09049255e-03 -2.06701537e-02 -2.22769172e-02
  2.29749019e-02 -5.33694433e-05  1.42303433e-02 -2.99663246e-03
  1.76741525e-02  5.10048469e-03  5.20857873e-03 -1.09045735e-02
  3.18814236e-04  1.10250297e-02  4.93758380e-02  1.26901679e-03
 -2.14301856e-02  4.35067168e-03 -2.53386606e-02 -3.53168327e-03
  4.07004329e-02 -4.40360080e-03  5.09654721e-02  3.10319712e-02
  3.98414399e-02 -1.31744664e-03  1.29370723e-02  5.61882305e-03
  2.31119646e-02  3.36640473e-02  1.17131397e-02  4.48176472e-02
 -4.38052130e-03 -1.79178670e-03  7.93292073e-03 -2.50793404e-02
 -1.12321909e-02 -1.94149787e-03 -2.00718357e-03 -1.75809056e-02
  6.83825489e-03 -1.13889215e-02 -1.85309127e-02  2.51998922e-02
  2.63524288e-02 -2.30097631e-03 -4.11397674e-03 -5.30147700e-04
  8.06765404e-02  1.05692365e-03 -8.29622302e-03  1.40404658e-02
 -3.01084345e-03  2.29454445e-02 -2.61674782e-02  2.76751401e-03
  3.86288330e-04  6.04559487e-03 -1.51223125e-03  1.01453493e-04
 -1.24129781e-02  4.47764744e-03  7.99360935e-03 -4.52925653e-03
 -2.95518911e-03  4.86231745e-03  1.37568000e-02 -6.50499905e-03]
[[ 0.01741065  0.1416101   0.12233218 ... -0.18785361  0.09976292
   0.12447966]
 [-0.23467438  0.15236223 -0.00246678 ... -0.12827587  0.11509371
  -0.0051626 ]
 [ 0.08248078  0.10771549 -0.08169094 ...  0.19937864  0.1292034
   0.03519022]
 ...
 [ 0.08899734 -0.19100749  0.13758858 ...  0.09201707  0.2014271
   0.09731599]
 [-0.14143618  0.14328985 -0.11357615 ... -0.10528107 -0.16117534
   0.00590099]
 [-0.03835886  0.11317859  0.02071641 ... -0.14515783 -0.0256796
   0.10452814]]
[-0.04386663  0.03330721  0.01445678 -0.0095018   0.00319535  0.01713582
  0.02096368  0.02310911 -0.00891799  0.03955486 -0.0148496  -0.0197064
  0.0081368  -0.02181629 -0.05221971  0.04616548 -0.02325836  0.01233433
  0.03584911  0.016484   -0.00459327  0.05524239  0.01287797 -0.01463809
 -0.03550001  0.01858762 -0.01045483 -0.01604724 -0.00956217 -0.0076669
 -0.00697934 -0.04963165  0.05593234  0.01722888  0.01169523  0.03485969
 -0.02677226  0.02600803  0.02444272 -0.04921564  0.02413861 -0.07121253
 -0.01465551  0.00048847 -0.0191844  -0.03575948  0.01381562]
