[[-0.04803493  0.07073376 -0.07123243 ... -0.0677335   0.06237471
   0.04661602]
 [ 0.00217076  0.07901284 -0.08002993 ...  0.00645147 -0.07549402
   0.03556001]
 [-0.04066537  0.04253249 -0.07124831 ...  0.02319055 -0.03479498
  -0.0313285 ]
 ...
 [-0.0147667  -0.02783625  0.02089696 ...  0.0465584   0.05388232
   0.00338508]
 [-0.03081626  0.08044473  0.01780576 ...  0.01005734  0.03887907
   0.05987233]
 [-0.03359321  0.00420893  0.05386408 ... -0.08300682 -0.03495647
   0.05066084]]
[ 0.03199644  0.05641364 -0.044944    0.02191207  0.09545145 -0.01739439
  0.02562502  0.20268525 -0.22945955 -0.01893685  0.22954432 -0.0038672
 -0.00979635  0.02362535  0.08568077 -0.07309403 -0.10094891 -0.00187854
 -0.2082217  -0.08685569 -0.01078063 -0.02854377  0.15863169  0.21842813
  0.22610645  0.0871099   0.09265192  0.06899651  0.12202441  0.16749014
  0.00428425 -0.00247422]
[[ 0.0094182   0.14168788 -0.05975369 ... -0.27598263 -0.0701553
  -0.20509792]
 [-0.30504015  0.46806309  0.47840054 ...  0.31669568 -0.00531021
  -0.21828647]
 [-0.3703875  -0.32903582  0.25953515 ...  0.39294817  0.30634571
   0.04499942]
 ...
 [-0.03005318  0.16253882  0.30022249 ... -0.04163955 -0.29787516
   0.40143391]
 [ 0.17289081  0.03022538 -0.04986884 ... -0.25870186  0.26027335
   0.23022885]
 [ 0.27166703  0.04957082 -0.12831668 ... -0.10359689  0.31431232
   0.08104406]]
[-0.06084187 -0.09762016  0.06659431 -0.03484545  0.04363318  0.06260889
  0.00543843  0.01317899 -0.0558199   0.09100384 -0.00185052 -0.01187625
  0.06496535  0.13646692  0.06121479  0.11252623  0.17023259  0.07787164
  0.1224458   0.04735883  0.07571008  0.08185251  0.15138427 -0.23662593
  0.07928023 -0.18144745  0.04823867 -0.06734672  0.03611616  0.00883602
 -0.08412604  0.0087624 ]
[[-0.17807196  0.08426236  0.18393991 ...  0.27619594 -0.02203859
   0.06070142]
 [ 0.38108334  0.34268721 -0.17221169 ... -0.21878236 -0.09812324
  -0.11383378]
 [ 0.23902286 -0.02648091 -0.21909715 ...  0.09797534 -0.33311111
  -0.13284853]
 ...
 [-0.22045526  0.10496267  0.09110379 ...  0.27917067 -0.19044118
   0.29461692]
 [-0.3191461   0.00457443  0.20669436 ...  0.1380079   0.27277699
   0.16614639]
 [ 0.2266248   0.04503022 -0.0912544  ... -0.02620506  0.08744419
  -0.30695395]]
[ 0.00659157  0.05782471  0.06117126 -0.02287813  0.15826723 -0.08090548
 -0.0044161   0.02578783  0.10990228 -0.04002005  0.0065656  -0.10918838
 -0.02905107 -0.00129167  0.10401673  0.00851428 -0.00602649  0.04915688
  0.05499648 -0.03711728 -0.01724285 -0.02394993 -0.09234254  0.14928356
  0.37007659 -0.1154055   0.01972844 -0.08843748  0.08746932 -0.00144858
 -0.03630481 -0.02666263]
[[ 0.24742285 -0.20990642  0.13566648 ... -0.0029814  -0.09105505
   0.08723481]
 [ 0.32873967  0.25154424  0.01443131 ...  0.08616841 -0.21182473
  -0.02865014]
 [ 0.22248429  0.13415191 -0.24465756 ...  0.26210603  0.18959008
   0.04687098]
 ...
 [ 0.07067407 -0.41886273 -0.21329663 ...  0.09701912 -0.06752866
   0.11102456]
 [ 0.22909121 -0.22343341 -0.16682437 ... -0.02080589 -0.18460676
  -0.17882242]
 [ 0.36365135 -0.14025588  0.10467277 ...  0.06803651 -0.03952961
   0.23507755]]
[-0.09992625  0.18031448 -0.00779963 -0.01449218 -0.14512562 -0.01422235
 -0.01150248 -0.11247624 -0.14754932 -0.23312882  0.03102493 -0.06137018
 -0.03774001  0.14838837 -0.14992281  0.08038928  0.06379912  0.10363748
  0.15611349  0.2231042  -0.01813917  0.08693532 -0.0433958   0.09838511
 -0.20068839 -0.0230416  -0.09066016 -0.05452967 -0.06453711  0.16975639
 -0.09403767  0.04169941  0.10279829 -0.11504912  0.0863306  -0.13221153
  0.01496351  0.0924222   0.05156402 -0.16149153  0.0932522  -0.05397843
  0.1899838   0.04292021 -0.08373819 -0.03129284  0.1442647 ]
