[[-0.07421072  0.02829957 -0.03080691 ...  0.0611944  -0.07513957
  -0.03401501]
 [-0.04159115 -0.03870525 -0.0655743  ... -0.03735784  0.00952605
  -0.04116877]
 [-0.01153578  0.0413333  -0.00201165 ...  0.03836705 -0.06769394
  -0.01165112]
 ...
 [ 0.07916553  0.0078267  -0.02260989 ...  0.05719061 -0.08253501
   0.07678893]
 [ 0.03638667  0.08088954  0.07308422 ... -0.02942343  0.06258922
   0.00688472]
 [-0.0184357   0.02284465  0.03854594 ...  0.01626237 -0.04958145
   0.02411979]]
[ 0.06099804 -0.3951167   0.366519   -0.34590999 -0.21458626  0.38714575
  0.2728664  -0.07357369  0.80554647 -0.91006057 -0.24064864  0.26756599
  0.48212209  0.3139187  -0.02545739 -0.06198928 -0.08450537  0.08591884
  0.72244248  0.63273196  0.1964576  -0.93723674  0.04756732  0.41360188
 -0.26840569  0.45714828  0.63289632  0.25641013 -0.42192237  0.45925171
 -0.53840643  0.42120887  0.00140399  1.19947324 -0.20348878  0.64497776
  0.50701242 -0.89924433 -0.32490906  0.08598749  0.3773507   0.20961382
  0.24342679  0.08771328  0.70510153 -0.30723581 -1.19335507 -0.23021367
  0.02031505 -0.03767665 -0.01372407  0.06745378  0.68447968  0.10536451
  0.32019299  0.96887798 -0.91654854  0.56636319  0.39629128  0.14174227
  0.93574055  0.12848941  0.27117206 -0.14164441]
[[-0.5156314   0.34932247  0.05444217 ...  0.1177067  -0.21873987
  -0.28473493]
 [-0.27197859  0.23098111 -0.17154482 ... -0.40323267 -0.10328541
   0.16805886]
 [ 0.01956441 -0.02347117 -0.29949893 ... -0.08309342  0.10390311
  -0.29490078]
 ...
 [ 0.56402986  0.27697247 -0.62357184 ... -0.52596338 -0.34624261
   0.03309323]
 [ 0.08072955  0.16884076  0.03728067 ...  0.23423776  0.34406943
   0.39453491]
 [-0.19112892 -0.14762569  0.18028288 ... -0.53776442 -0.16486284
   0.34575239]]
[-0.62311101  0.18771105  0.56311661  0.17056829 -0.30254052  0.64113008
  0.10290741  0.57748946 -0.48369256  0.14230268  0.11491935 -0.10448399
 -0.41263447  0.11145746  0.27576925 -0.49330376  1.40792591  0.69215041
 -0.59129641 -0.45649303  1.18333251 -0.26755585  0.04408591  0.44378475
 -0.03100254 -0.32785992  0.31584017  0.20588125  0.56202781  0.59086172
 -0.03942663 -0.57971864 -0.36176668 -0.03908277  0.32320656  0.11128271
  0.05600413  0.03222892  0.00431343 -0.04267907  0.33260246  0.00842006
  0.00740447  1.07788525  0.5399745   0.33213009  0.83679522 -0.16350031
  0.16177058  0.16459417  0.19315762  0.12749869  0.14306742 -0.37174856
  0.34855828  0.37828506 -0.06857061 -0.19259062  0.12991984  0.14930377
  0.1252657  -0.27336978 -0.15084807 -0.1470384 ]
[[-0.21107161  0.17983253 -0.32392107 ... -0.05691334 -0.19009159
  -0.39520409]
 [ 0.30048996 -0.39049291 -0.33741759 ... -0.23752953 -0.26204619
   0.30788916]
 [ 0.25247582  0.0478625   0.01788581 ...  0.36854757 -0.09204882
   0.01148381]
 ...
 [ 0.11111056  0.03378689 -0.14128337 ...  0.27385018  0.09870713
   0.15526656]
 [-0.35141211 -0.31889169  0.24432786 ...  0.36213292 -0.11940724
   0.17680451]
 [-0.07585765 -0.52002824 -0.22093824 ... -0.06783444  0.13175995
  -0.03244498]]
[-0.02278644 -0.30365318 -0.11262646  0.24750884 -0.39984079  0.05037056
  0.21242807  0.24521692  0.17739598  0.49894689 -0.03546779 -0.39343179
 -0.12313101  0.13551783  0.07549215 -0.01705189  0.00788615  0.26497423
  0.24057091  0.42628372 -0.08159872  0.57659041 -0.09830317 -0.23952757
 -0.02435025  0.08326806 -0.12723031  0.93709377 -0.01399066 -0.22896213
 -0.21175983 -0.05219592  0.67719622  0.09705753  1.02325384  0.03456189
  0.90354162 -0.32808041  0.54637574 -0.1022594  -0.40340101  0.15950248
  0.26663356  0.70265584  0.74514154  0.01307249  0.12779476  0.20852328
  0.51943406  0.03118843  0.65632162  0.37736868 -0.36611287  0.03570369
 -0.23658621  0.72151073 -0.17086265  0.3848528  -0.30206774  0.12288195
  0.09375601 -0.42780983 -0.53591271 -0.23958182]
[[-0.30573647 -0.0310197  -0.10894178 ...  0.0836968  -0.12552028
   0.68595868]
 [-0.13136959 -0.58853989 -0.08286527 ...  0.09471879 -0.05948001
   0.00742718]
 [ 0.10531266 -0.09795846 -0.09518903 ... -0.11435113 -0.22441302
   0.24996007]
 ...
 [-0.03033987 -0.32048385 -0.12802144 ... -0.14915426 -0.08717441
   0.18434307]
 [-0.09649104 -0.27260826 -0.27204522 ... -0.13268202  0.0527012
  -0.07704791]
 [ 0.34335848 -0.25962666  0.07497111 ... -0.03941597 -0.10094203
   0.2782749 ]]
[-0.07461077  0.31246585  0.06999695 -0.05423702  0.39577902  0.21906397
 -0.36305263 -0.36842752  0.3025447   0.55004918  0.54532284  0.07819016
  0.16720663  0.07095544  0.01263114  0.51615978 -0.0597657   0.07182672
  1.00345596  0.25991428 -0.12723379  0.0782713  -0.05367807  0.36940146
 -0.05921808 -0.06084417  0.15195791  0.00588681  0.05916392  0.41450052
  0.08585162  0.36876268 -0.06944885  0.26684751 -0.02468467  0.31892948
  0.09875624 -0.26299627  1.05031428 -0.01198778 -0.31217933 -0.27004782
  0.51056574  0.34029147  0.28749986  0.11095451  0.02575828  0.22946031
  0.48769719  0.09273385 -0.25382274  0.00826021  0.14959248 -0.25372914
 -0.15858887 -0.13340098 -0.28310059 -0.03743449  0.39903198  0.23986009
  0.21242255  0.27554853  0.1523874   0.37438308]
[[ 0.0307607   0.16906883 -0.10685696 ... -0.21331676  0.1124865
   0.43810566]
 [-0.05884008  0.07821922 -0.27312008 ...  0.05279005  0.09972573
  -0.14554212]
 [-0.51942919 -0.08968963  0.49629643 ...  0.16534657  0.2111204
   0.08440667]
 ...
 [ 0.02128099 -0.07204772 -0.06362628 ...  0.16595598 -0.06193037
  -0.32937336]
 [ 0.3106571  -0.18148513 -0.18188154 ... -0.15378146 -0.16763261
   0.09898376]
 [-0.34345222 -0.0612603   0.08444436 ...  0.23562344 -0.28101464
  -0.08241392]]
[ 0.41099872  0.04236012  0.11669209 -0.15308684 -0.19839398 -0.14197854
  0.02108078 -0.52678807  0.58083059  0.09002784  0.10053452  0.3869045
  0.09935785  0.44224508  0.26011564  0.4512813  -0.18342458  0.62940624
  0.13436599 -0.07060816 -0.2396519   0.27639593 -0.09225705  0.27873613
  0.09148518  0.39411723  0.4734894  -0.10555918  0.01390997  0.02443824
  0.07085254 -0.01807346 -0.07363441 -0.11429198  0.54435954 -0.16407342
 -0.67038612 -0.26795345 -0.31145086  0.0108351  -0.14078365 -0.18467275
 -0.04216722 -0.59807996 -0.2606483  -0.87545174 -0.5114049 ]
