[[-0.07610621 -0.03880159  0.08420594 ... -0.02408403 -0.0758256
   0.00499083]
 [-0.03688835  0.01070652  0.04805614 ... -0.06664535  0.02415358
   0.04366684]
 [ 0.04621624 -0.03507406  0.05449829 ...  0.05807338 -0.04686848
  -0.05358826]
 ...
 [-0.05492948  0.03793122  0.00465468 ...  0.00852217  0.01828806
  -0.00114028]
 [ 0.03094994 -0.07518586 -0.00780008 ...  0.06503396  0.03016376
   0.00738313]
 [-0.03415736  0.03610433  0.02465647 ... -0.04325945  0.07370217
  -0.02486513]]
[-0.17701143 -0.01038719  0.16811144  0.01619144  0.14923442  0.0421905
  0.11029736  0.10742056 -0.00842429  0.18999069  0.07092002  0.04764942
 -0.08021454 -0.08517556  0.54849684  0.4444501   0.22164039 -0.11006961
  0.07300755  0.15067164  0.25053     0.03211312  0.13435967  0.0468818
  0.08075442  0.08432809 -0.10835304  0.21714257 -0.12765035 -0.37056574
  0.04712222  0.44631771]
[[ 0.31922949 -0.1886908   0.15730167 ... -0.35011275  0.78297096
  -0.09160543]
 [-0.01342545 -0.05122057 -0.30325832 ...  0.17204512 -0.20111979
  -0.47621889]
 [ 0.12163047 -0.09000554 -0.03762734 ...  0.12385749  0.01063039
  -0.29964056]
 ...
 [-0.20016238 -0.2554204   0.43126886 ... -0.13244419  0.29487957
  -0.5713641 ]
 [ 0.12892453 -0.18070451  0.72950225 ... -0.7630381   0.37431822
  -0.07696036]
 [ 0.0655408   0.09168893 -0.2929437  ... -0.07741372  0.06307686
   0.48066507]]
[ 0.11825031  0.2438993  -0.00753747  0.26650749  0.28331136 -0.08897871
  0.28362263  0.00487244  0.00559615  0.12549858 -0.08968814  0.2617904
  0.0223089  -0.05447107  0.09215825  0.00915882  0.02640489  0.13240555
  0.00321116  0.18363396  0.1535787  -0.04703364 -0.12581014 -0.25156546
  0.0416414   0.11059485 -0.06724604  0.08750423 -0.11019309  0.16607768
 -0.16046097 -0.01059675]
[[-5.43256773e-02 -1.21702356e-01 -2.80656633e-01 ...  3.11667255e-01
   6.92499590e-01  4.03237343e-01]
 [-2.43939059e-01  7.94276550e-03 -1.30417846e-01 ...  3.13156033e-01
  -3.14740526e-01 -3.82116993e-01]
 [-3.35743665e-01  2.61382652e-01  6.40525675e-03 ...  6.04753439e-02
  -8.04122869e-02  6.85685624e-02]
 ...
 [ 1.76140467e-01  4.57422207e-01 -2.64116045e-01 ...  1.14289340e-01
   2.15173455e-01  5.02877478e-01]
 [ 1.19023694e-02 -1.85271478e-01 -1.88280653e-02 ... -1.21806168e-01
   3.35809732e-01 -6.40627825e-01]
 [-6.50857075e-02 -4.72391196e-01 -2.49398038e-02 ...  1.62522557e-04
  -3.84259637e-01  4.13028833e-02]]
[-0.09294729  0.19692049  0.21726516 -0.00456344 -0.10709171  0.09807215
  0.00541756  0.05070053  0.00621522 -0.01999181  0.088044    0.07865987
 -0.03056446  0.11957809 -0.00702505 -0.25920784  0.03092659  0.18262538
  0.02288262  0.24645931 -0.11874377  0.03426695  0.2200156  -0.01255173
 -0.0375551  -0.07686518  0.03243695  0.06988397 -0.00506302  0.15440348
  0.20573287  0.05158803]
[[-0.09447053 -0.13320069  0.30818262 ... -0.21195748  0.39943932
  -0.21260652]
 [-0.52774104  0.52820984 -0.06229018 ...  0.33737525  0.03491296
   0.26925327]
 [-0.33762639  0.64317712  0.49334111 ... -0.24578772 -0.39687682
   0.38355312]
 ...
 [-0.65092708 -0.2586917   0.18868975 ... -0.04337714  0.24869137
   0.43649449]
 [ 0.55588622  0.18053423 -0.07256171 ... -0.52338002  0.38511427
   0.53316315]
 [ 0.51799248  0.1766631  -0.16767629 ... -0.24835232 -0.0330516
   0.06016414]]
[ 0.02660166  0.21227978  0.22462017 -0.00840946  0.04175488  0.00255145
 -0.21701311  0.07609398  0.16092548  0.00976173  0.42575785  0.03385732
 -0.00234205 -0.00751349 -0.04394346  0.14335978 -0.00416701  0.21248627
 -0.02612018 -0.09600084  0.27151664 -0.07211853 -0.05092388  0.04897595
 -0.00480722  0.00318958  0.01119458 -0.11632312 -0.02532698  0.1539451
  0.08460022 -0.00720763]
[[-0.20451702 -0.14870538 -0.47420822 ... -0.02336465 -0.11060019
  -0.05090109]
 [ 0.10216748  0.43099971  0.48738812 ...  0.29943875  0.08526141
  -0.03707926]
 [ 0.09153352  0.22406621 -0.12273189 ...  0.17999877 -0.46204909
  -0.12336965]
 ...
 [-0.23155493 -0.14890976  0.00777307 ...  0.26022941 -0.26776127
  -0.16627933]
 [-0.17025537  0.03837114  0.20037368 ...  0.05081567  0.28979155
   0.20397104]
 [ 0.22837589 -0.13691427  0.38212352 ... -0.10815549 -0.03138427
  -0.00281837]]
[-0.0710092   0.06913671  0.12540614  0.0691797   0.09385733 -0.04102745
 -0.28874724 -0.23126994 -0.2399336  -0.00555079  0.11383151 -0.11118522
  0.38523148  0.02633813 -0.35703934  0.20682789 -0.01603667 -0.03347039
  0.07048054  0.37982291 -0.02518971  0.42894625  0.10235172 -0.15948825
 -0.15383235  0.10732027 -0.0421425  -0.09508824  0.05664918 -0.05588969
 -0.03442582  0.14763323 -0.25819502 -0.05720172  0.19937302  0.01768456
 -0.19254079 -0.09027818  0.09151092 -0.08534953 -0.07282814  0.04649567
  0.44122069  0.08184204 -0.17785034 -0.38653184  0.02096205]
