[[-0.05840779  0.01347024  0.04876716 ...  0.05814265  0.05502194
   0.03740221]
 [-0.00522658  0.08208313  0.03335495 ...  0.08098438 -0.06014569
   0.07170605]
 [ 0.07667431  0.00295957 -0.04200535 ...  0.01099257  0.05800682
  -0.02977733]
 ...
 [-0.05414648 -0.03131699 -0.03552739 ... -0.04022256 -0.08281184
   0.00081284]
 [-0.06487704  0.07505597  0.00446604 ... -0.07400206 -0.00907396
  -0.05264609]
 [-0.04988051 -0.03440265  0.03200898 ... -0.03372222  0.00982452
   0.00943222]]
[-0.23275248 -0.53791891  0.34374397  0.03352384  0.51959083  0.51378607
 -0.44682679  0.13949001  0.40003286  0.13972278  0.54301623  0.97848286
 -0.21473923 -0.84248659  0.48442658  0.27184813  1.12398608  0.45068963
 -0.41117342 -0.22850948  0.33347444 -0.09389106  0.07293837 -0.02571401
 -0.01144701  0.1337127   0.2268867  -0.12883194  1.30889224  0.54335575
 -0.17513327  0.39550606 -0.52836919 -0.53398445  0.02279977  0.82800933
  0.40383606 -0.18619636  0.06571551 -0.06760512  0.18183296  0.94990259
  0.67940929  0.28649516 -0.09973178 -0.05293308 -0.7810142  -0.55726382
  1.21551557  0.42344819  0.1650121   0.50712337 -0.13176438  1.61202771
 -0.2432598  -0.09354993  0.189025    0.20023493 -0.25280277  0.48817458
 -0.06099645 -0.1770298  -0.45336534 -0.29483255]
[[-0.19754111 -0.00142001 -0.09708264 ... -0.07394557 -0.12257661
   0.27168411]
 [ 0.28098023  0.03583212  1.12681483 ... -0.32308707 -0.12140288
   0.45462423]
 [ 0.60410946  0.39150187  0.58609536 ...  0.23091571  0.2145639
  -0.15909658]
 ...
 [-0.26324698 -0.25423415  0.07599367 ... -0.47469086 -0.34198809
   0.13830826]
 [-0.11298396  0.36526828  0.13231631 ... -0.05306399  0.03080485
  -0.40574427]
 [-0.42380823  0.19952051 -0.2378234  ...  0.27837747  0.39165921
   0.14501825]]
[ 0.35273719 -0.39138277 -0.09720874  0.07585212  0.41505333  0.27257839
 -0.4255905   0.07731713 -0.11277629 -0.25987365  0.3025968  -0.38948111
  0.0045222   0.20997507  0.02091146  0.24658326 -0.01483619 -0.15467675
  0.01184162 -0.06959397 -0.18464066 -0.0199817   0.00731693 -0.27071444
  0.29037071 -0.08722559  0.47065004  0.48238726  0.24653646 -0.41525438
 -0.07623185  0.37087764  0.23729251  0.09197977 -0.04171479  0.36960642
  0.07351363 -0.00540828 -0.13422076 -0.35783534  0.02925921  0.29684163
  0.06077939  0.33099264 -0.21218572  0.79731794 -0.29047628  0.25675434
  0.74141016 -0.34727539 -0.21538821 -0.64970418  0.90306809 -0.41686557
  0.4329387   0.06379847  0.40587857  0.46789282  0.66968954  0.28784618
  0.19997717  0.17336045 -0.18712144  0.69686898]
[[ 0.41034621  0.05699963  0.15804485 ...  0.63219571 -0.04059144
   0.09585568]
 [-0.28668706  0.60202873  0.09053797 ... -0.1693323   0.21002352
   0.21730219]
 [ 0.66641834  0.01932581 -0.25897767 ...  0.2818923  -0.06953612
   0.2905092 ]
 ...
 [ 0.438462    0.23798499  0.16879695 ...  0.30167734  0.21878809
   0.2545668 ]
 [-0.08213971 -0.19734227 -0.40290226 ... -0.11381894  0.10646427
  -0.29607568]
 [-0.37775274  0.58188899  0.34535244 ... -0.40755233  0.15552764
   0.26422174]]
[ 0.05013143 -0.15317325 -0.25461571 -0.14782749 -0.11479614 -0.28992958
  0.03666325  0.03001397  0.37452892 -0.40897266  0.48459964  0.54712582
 -0.36210014  0.11678103 -0.36616324  0.4526671  -0.11565869  0.47188392
  0.01183886  0.19832984 -0.28690281 -0.0370793  -0.02471839  0.29203431
  0.1098157   0.42773922  0.62363465  0.44559211  0.3097827   0.46257363
 -0.39171774  0.09378689  0.18842949  0.03293656  0.60601259  0.01885144
 -0.85972623 -0.20436745 -0.11964697  0.43401415 -0.67098901 -0.50159425
  0.24507261 -0.40456522 -0.10154992 -0.89419425 -0.35455142]
