[[-0.07610621 -0.03880159  0.08420594 ... -0.02408403 -0.0758256
   0.00499083]
 [-0.03688835  0.01070652  0.04805614 ... -0.06664535  0.02415358
   0.04366684]
 [ 0.04621624 -0.03507406  0.05449829 ...  0.05807338 -0.04686848
  -0.05358826]
 ...
 [-0.05492948  0.03793122  0.00465468 ...  0.00852217  0.01828806
  -0.00114028]
 [ 0.03094994 -0.07518586 -0.00780008 ...  0.06503396  0.03016376
   0.00738313]
 [-0.03415736  0.03610433  0.02465647 ... -0.04325945  0.07370217
  -0.02486513]]
[-0.00456609 -0.00305124 -0.00072435  0.00313683  0.00153501  0.00705647
  0.01586294 -0.00819139  0.00839712  0.00438126  0.00455676  0.00314143
 -0.00156277  0.00504391 -0.00332464 -0.00210823 -0.00305377  0.01214772
  0.02024302  0.00275192  0.02296308  0.01036712 -0.00200941  0.01057677
  0.01305669  0.00893213 -0.00142633  0.02332007  0.00665586 -0.00357272
  0.00948547  0.02914616]
[[-0.22297775 -0.30036739 -0.17561503 ... -0.15225823  0.24913498
   0.06091652]
 [-0.01880368  0.21408851 -0.11293537 ...  0.1757867  -0.1562083
  -0.21854311]
 [ 0.11283081 -0.08623114 -0.02571572 ...  0.12288878  0.01293639
  -0.297522  ]
 ...
 [-0.25465519 -0.24081989  0.2512048  ... -0.25822972  0.02885633
  -0.13369347]
 [ 0.05485206 -0.10306973  0.28646    ... -0.28843254  0.1774261
   0.02814777]
 [-0.26917649 -0.04612947 -0.16211507 ... -0.26269239  0.0197134
   0.14224562]]
[ 0.04118505  0.03117775 -0.00673776  0.00172566  0.03937861  0.02453425
  0.01562438 -0.00287522  0.00345481 -0.00123352 -0.01206677  0.01421341
 -0.00728261  0.02412051  0.03300867 -0.00236611 -0.0035971   0.02257157
 -0.00082933  0.03317769  0.00588441 -0.00974217  0.00335947 -0.0085616
  0.01276959  0.01990716  0.01682296 -0.00012112  0.00337734 -0.00071011
 -0.01552466 -0.03033508]
[[-0.05492686 -0.06775058 -0.28181701 ...  0.23926839  0.28518723
   0.21077677]
 [-0.11844618 -0.18368329 -0.12849974 ...  0.05332681 -0.16018925
  -0.25143185]
 [-0.17424516  0.02300253  0.00230685 ... -0.12180269  0.03845372
   0.24849664]
 ...
 [ 0.08038946  0.23654009 -0.26343345 ...  0.30094399 -0.07323179
  -0.02338284]
 [ 0.20700102 -0.29646425 -0.01581263 ... -0.07374805 -0.00095964
  -0.27995517]
 [ 0.12000899 -0.28037078 -0.02529162 ... -0.00684696 -0.09016136
  -0.14383355]]
[ 0.03317418 -0.01337524 -0.00278323 -0.00514201  0.02064431 -0.00817799
  0.03807486  0.00483949  0.0152163  -0.0071174  -0.01041171  0.00064865
 -0.03844441 -0.01784424 -0.00308795 -0.02878304  0.03293604  0.03986869
  0.0211692   0.04093084  0.01214869 -0.02558942  0.00171413 -0.01112054
  0.04800946  0.0041629   0.00577286 -0.01160251 -0.00488326 -0.00978389
  0.02963144  0.05659447]
[[-0.14951947 -0.19591188  0.29086783 ... -0.24266122  0.26812928
  -0.19810376]
 [-0.19873503  0.26959403 -0.21774409 ...  0.0127049   0.13409985
   0.13841759]
 [-0.10334275  0.27145894  0.27818437 ... -0.23946194 -0.07838904
   0.22579785]
 ...
 [-0.13855704 -0.25111472  0.20038784 ... -0.06801876 -0.09959199
   0.17075675]
 [ 0.29990622  0.0826715  -0.22077065 ... -0.29431514  0.16465692
   0.19930632]
 [ 0.2913403   0.09888099 -0.23088787 ... -0.16532657  0.22982805
   0.15044484]]
[-0.00191376  0.03266064  0.08304167 -0.00350635  0.03068585  0.00469541
 -0.02771829  0.0542873   0.0134435   0.02319095  0.05834094 -0.00545159
 -0.00239151 -0.00596663  0.05212922 -0.02609129 -0.00219128  0.0148414
  0.02018431  0.00610725  0.0055293   0.0311083   0.01176343  0.02208226
 -0.00279862  0.00215289 -0.00665635  0.02498339 -0.03128938  0.06098494
  0.04402792 -0.02208757]
[[-0.20393771 -0.08886001 -0.2166196  ... -0.12978889  0.12621748
  -0.01082235]
 [ 0.09469256  0.21531971  0.25554036 ...  0.01863975  0.01892554
   0.02981123]
 [ 0.11008679 -0.05176503  0.00753835 ...  0.17117916 -0.10410152
  -0.23500278]
 ...
 [-0.20953558 -0.16733478 -0.09168843 ...  0.17943666 -0.15935701
   0.07051315]
 [-0.18030022 -0.20439261  0.02812007 ...  0.02353998 -0.01476166
   0.07254114]
 [ 0.04913288 -0.1588059  -0.20008059 ...  0.06327775 -0.18629002
   0.2061482 ]]
[-0.01090904  0.00046772  0.01261685  0.02129262  0.0242867  -0.00313634
  0.00340644 -0.03093604  0.03968412 -0.02263052 -0.00228218  0.00841806
  0.00526704 -0.03076666 -0.01450857  0.01153586 -0.02355031  0.00256185
 -0.00447775  0.01124604 -0.0017853   0.03738972 -0.01093999 -0.03006283
  0.00432601  0.02386972 -0.01640136 -0.0179543   0.02248504 -0.01860276
 -0.02279178  0.00962938 -0.03256772  0.00550113  0.00119191  0.02544157
 -0.00931971  0.01990143 -0.00061769  0.00935555 -0.0026362  -0.00371351
  0.01188633 -0.00192515  0.01802588 -0.02521312  0.00794187]
