[[ 0.07708432  0.04864825  0.08379474 ... -0.04535232  0.00498762
  -0.0771084 ]
 [-0.06157096  0.06958069 -0.055468   ... -0.05673162  0.08435782
   0.00345873]
 [ 0.03085902  0.08256025 -0.02287958 ... -0.07200797 -0.01119202
   0.05408271]
 ...
 [-0.07405116 -0.01668441  0.05592186 ... -0.08202587 -0.05828819
  -0.04514028]
 [ 0.025191   -0.08156948 -0.04654101 ...  0.06684531 -0.0346328
   0.02717567]
 [ 0.03322946  0.03640419  0.01272119 ...  0.03881063  0.06900615
  -0.04688661]]
[-0.03212843  0.23708506  0.28057318  0.13644349  0.25602685  0.11710801
  0.07410198 -0.08227816 -0.19239074  0.37479414 -0.12507757  0.05783557
 -0.02919557  0.083922    0.07357558  0.10153827 -0.0039339  -0.00296212
  0.13429785  0.21114108 -0.1900699   0.06561887 -0.28803186  0.05047215
 -0.00911934 -0.07402992 -0.27492901  0.06557457  0.1079897   0.01344148
  0.17726071 -0.15811586]
[[ 0.02643863 -0.05702379 -0.11694795 ... -0.0113071   0.21760431
   0.23648854]
 [-0.20407588 -0.33986007 -0.01237784 ... -0.37014333  0.09351274
   0.47286266]
 [-0.26662183  0.26699664  0.34104946 ...  0.31164583 -0.26526175
  -0.33640294]
 ...
 [ 0.14222298  0.40446401 -0.45219257 ...  0.42174648  0.38569304
   0.28260357]
 [-0.29968108 -0.08644122  0.32480341 ... -0.42676415 -0.07249203
   0.23660072]
 [ 0.2733788   0.17474245 -0.19936363 ... -0.2474685  -0.00925672
  -0.02726974]]
[ 0.04397186  0.01308331  0.26830404  0.01720415 -0.21193609  0.06401739
  0.20054948  0.06459082 -0.0036937  -0.01951472  0.01822559  0.07253537
  0.11857779  0.25404905  0.19495216 -0.01642507  0.12318572 -0.01790334
 -0.04452804  0.14509944  0.13332216 -0.05124814 -0.03106055  0.14980976
  0.00288028  0.11181267  0.0207841  -0.19120069 -0.01794229 -0.18770811
 -0.01385458  0.00727714]
[[-0.22656574  0.02112769 -0.28856708 ...  0.18518265 -0.29505687
  -0.01716794]
 [ 0.09998986 -0.21092251  0.12666879 ... -0.09303327 -0.09683154
   0.2406981 ]
 [-0.07088502  0.25969225  0.14904092 ...  0.20774835 -0.0766323
   0.13688555]
 ...
 [ 0.02322932 -0.25177529 -0.18127981 ...  0.19274809  0.07211291
  -0.17095141]
 [-0.11830482  0.28211226  0.09460264 ...  0.18444863 -0.36421544
  -0.18545383]
 [-0.03696896 -0.06483872 -0.03785183 ... -0.06555307  0.08335447
  -0.22714807]]
[-0.04896616  0.05356235 -0.03285973 -0.15344702  0.01853547  0.15035999
 -0.10065481  0.00061538 -0.22113562 -0.03271806  0.02822363 -0.08009414
  0.05254687  0.09605384  0.01217037  0.14302461  0.05962687  0.01021131
  0.03986688  0.21394013 -0.07838945  0.25706233 -0.03593665  0.04506998
 -0.11523082  0.06161573 -0.00325184 -0.05338843 -0.06323924  0.19375541
  0.03327217  0.07359874 -0.0105281  -0.18276142  0.17061954 -0.1028347
 -0.08135287 -0.07549697 -0.08128348 -0.16218612  0.0645826  -0.08414547
  0.04499785 -0.05316069 -0.15852483  0.06040502  0.12786954]
