[[ 0.07022169  0.07029157 -0.04756211 ...  0.06086722  0.05154132
   0.07019872]
 [ 0.05438253  0.0678236   0.06367433 ... -0.04522055 -0.02447145
   0.06703809]
 [ 0.04755097 -0.06042003  0.02963156 ...  0.01322376 -0.06135078
  -0.0089079 ]
 ...
 [ 0.04117772  0.02080425  0.01663215 ... -0.03268511 -0.00533544
   0.06721783]
 [ 0.04027182 -0.06212026  0.05599019 ... -0.04224597 -0.00180724
  -0.08003104]
 [-0.06806006 -0.03054402  0.01824302 ...  0.01735254  0.04389913
  -0.02229388]]
[-0.08844334 -0.22184671  0.02210787 -0.20653253 -0.00179409  0.1653781
  0.10113384 -0.01043422  0.48199343  0.55275661  0.03688479  0.38038278
 -0.44696346  0.40659175  0.09815084  0.12474514  0.40552579 -0.16625086
  0.06753887  0.67562231 -0.23813587 -0.25709072  0.07215492 -0.07372601
  0.14464784 -0.06664762  0.47359115  0.04157919 -0.4103069  -0.30936763
  0.16451998 -0.45092199  0.37382999  0.15572475  0.11672889  0.11740979
  0.70319807  0.09292256 -0.23690855  0.42106109 -0.30016382 -0.14974685
  0.67461334  0.64608972  0.06198013 -0.15489296 -0.05464993  0.37099571
 -0.72488151  0.32323023  0.26251946 -0.29709862 -0.50398123 -0.32676586
 -0.19658072 -0.44934324 -0.04073576 -0.66448076 -0.62793779  0.20975392
 -0.49568889 -0.26451611 -0.06691803  0.0100144  -0.09177324 -0.08882676
  0.52277986 -0.42185815  0.42344444  0.18913702 -0.2710489   0.73714711
 -0.29726197  0.04779978 -0.30543532  0.02643339 -0.10693573  0.48009508
  0.46671396 -0.30780866  0.31436861 -0.23728726 -0.0134093  -0.21148068
 -0.00947938  0.13776642 -0.79934213  0.28977913 -0.38977189 -0.12882025
 -0.06210284  0.26948976  0.27563034  0.388532    0.6636383   0.12547466
 -0.02583917 -0.58629608  0.39990539  0.72499748 -0.02477981  0.38610197
  0.5375914   0.03226501  0.14051221 -0.07757794  0.00307454 -0.52172311
 -0.09330604  0.31236324  0.17973819 -0.28879911 -0.2687644   0.57681791
  0.16243011 -0.1958946   0.0954272  -0.31099932  0.76013775 -0.27485927
  0.21818776 -0.732635    0.1310521   0.01430729 -0.28567908 -0.44922748
 -0.13300405  0.46606763]
[[ 0.24008279  0.13522763 -0.00502323 ... -0.18309259 -0.55026438
   0.40466992]
 [ 0.091883   -0.16294447  0.12904273 ... -0.23079052 -0.02042612
  -0.18538672]
 [ 0.41017873 -0.03422003 -0.02899124 ... -0.71159506  0.22111851
   0.09575411]
 ...
 [ 0.31947372 -0.30592717 -0.01308599 ... -0.22688115  0.28254799
  -0.13453   ]
 [ 0.18446673 -0.06773158  0.04560697 ...  0.66817613 -0.28987774
   0.02203978]
 [ 0.18540795 -0.01773371 -0.02005146 ...  0.12404169 -0.17126368
   0.03642322]]
[ 0.04045125 -0.10811693  0.0442273   0.14148921 -0.14431616 -0.05461331
  0.16374197 -0.219394    0.20018566  0.17655662  0.43781285  0.04522483
  0.27404522  0.03681779 -0.09141782 -0.14114929  0.56854769  0.39553573
  0.14207193  0.19791025 -0.01960032 -0.06508484  0.15423749  0.4357657
  0.27107048 -0.23550972 -0.1891293   0.10815067  0.12350057 -0.00332388
 -0.31097485 -0.05371544  0.36992793 -0.15941199  0.30048254  0.07173656
 -0.21853994  0.02083315 -0.0813515  -0.04176342  0.16963918  0.25328875
  0.01680433 -0.19873373  0.01268294 -0.07057236 -0.03767278  0.1921378
 -0.04508843 -0.09551962  0.0686345  -0.06450058  0.00322595 -0.30475866
 -0.23455059  0.17163888 -0.00284923  0.23946465 -0.01433828  0.02795542
  0.30238377  0.09177598  0.01374061 -0.02889999  0.10979451  0.26130581
  0.1200426   0.13372061  0.04467956  0.23722122  0.02762689  0.44224449
 -0.03194705  0.18605957 -0.15128872  0.16139212  0.04983978  0.04891074
  0.06349789  0.07119751  0.04754015  0.12253963  0.26587831  0.04007838
 -0.05834029 -0.33679182  0.07789666  0.11487411  0.25239359 -0.08965215
  0.05133057  0.21215189 -0.09432651  0.08478777 -0.07495807 -0.01688065
 -0.04055041 -0.04039514  0.18368903 -0.00486857  0.02572117  0.23804186
  0.24554342  0.26681234 -0.05456189 -0.18679035 -0.23938289  0.14824948
  0.04309107 -0.07958543  0.15035295 -0.12691702 -0.20725831 -0.00710502
  0.07269304  0.05346346 -0.05758061 -0.35776541  0.14436705 -0.36082621
 -0.08069601 -0.0509359   0.15411051  0.36889553  0.16061749 -0.06768158
  0.57583078  0.28640497]
[[-0.33759152  0.00370951  0.04283746 ...  0.0280285   0.18146775
   0.26966722]
 [ 0.21297282 -0.15019389  0.08642068 ...  0.23757588  0.13512539
   0.12960723]
 [-0.27491488 -0.29788934  0.03773103 ...  0.22874162  0.30803922
   0.25969023]
 ...
 [ 0.00110305  0.12361485 -0.07317547 ... -0.09857884  0.22642456
   0.02268293]
 [ 0.16601976 -0.0453195  -0.18920431 ...  0.0910423  -0.28649151
   0.09239624]
 [ 0.16078807 -0.19324951  0.24502265 ... -0.07868371  0.14958264
  -0.11691364]]
[ 0.27083245  0.08178062  0.00836201 -0.02120489  0.01920367 -0.12655813
 -0.03754639  0.08865264 -0.1303263   0.30790024  0.08953776  0.08519218
  0.32970406  0.22441952 -0.1121674  -0.0021504  -0.21828517 -0.14279838
 -0.03328954  0.05762896  0.11215492  0.02062623 -0.03784833  0.16554276
 -0.10053546  0.14775265 -0.19968531  0.30527398  0.06959999 -0.06452716
  0.1473359   0.2528989   0.05826639  0.16821848  0.2890332   0.02807553
  0.115533    0.1001946   0.03059909 -0.09062894 -0.12308411 -0.08217301
 -0.23436604 -0.25777893  0.17435766  0.08102873 -0.12296481  0.06047426
 -0.15333707  0.10030596  0.26562039  0.22816523 -0.01760931  0.00156009
 -0.01015161 -0.1010191  -0.30369825  0.04801842  0.18414525  0.04274055
  0.03162301  0.25874665 -0.03124205 -0.01780419 -0.09791906  0.22921463
  0.0015007   0.19655391  0.0862326   0.19780305  0.05481357  0.11428069
  0.0336965   0.02028045 -0.06220136 -0.13039851 -0.05413691  0.08938459
  0.19784101  0.15778397  0.15837134  0.15255178 -0.07122132  0.16475296
  0.22630437 -0.02785508  0.11234996  0.14736144  0.01870427  0.30850749
 -0.06845308  0.18582178  0.0877486  -0.13920706  0.23533159  0.23375181
 -0.02985088  0.03196762  0.05662898 -0.09605949 -0.00877197  0.05658386
  0.1067716   0.05666423  0.13567254 -0.03566904  0.33605484 -0.16806329
  0.15273943  0.00471631 -0.17054376  0.24482918  0.05030457  0.01791456
 -0.03480137 -0.13717587  0.0964126  -0.08697618  0.06809291  0.00515613
 -0.07370289 -0.0151834  -0.02052294 -0.04049719  0.14176488  0.21422046
 -0.08977148 -0.10614504]
[[-0.19812605  0.47632944  0.03674054 ...  0.4290952  -0.26414017
   0.23421358]
 [-0.2837406  -0.1875089   0.12317796 ... -0.16236051  0.15921007
  -0.24650204]
 [ 0.32919025 -0.1480357  -0.03766608 ...  0.3884654  -0.20012077
  -0.12600644]
 ...
 [ 0.54628141  0.41096523 -0.30269009 ... -0.22283884 -0.08502748
  -0.54891093]
 [-0.63187785 -0.46899116  0.38919982 ...  0.45664263 -0.12220104
   0.39121808]
 [ 0.0527853  -0.06944647 -0.07290666 ...  0.02215199  0.1049298
   0.47848767]]
[ 0.37248412  0.18439219  0.12475919 -0.1398161  -0.25710236 -0.26955306
 -0.10733716 -0.14799518  0.18658262  0.01173704  0.23039466  0.30840916
 -0.1419275   0.04406729 -0.04769033  0.43399306 -0.09589722  0.2026985
 -0.03638667 -0.07843187  0.09234422  0.23811935  0.03123559  0.01724689
 -0.05698182  0.27579521  0.39077941  0.01225966  0.17549737  0.10846774
 -0.07638376 -0.17094684  0.13090099  0.00336229  0.32061515 -0.31233198
 -0.38638084 -0.09982601 -0.13462279  0.08218083 -0.27852634 -0.22394184
  0.02368497 -0.16344801 -0.09479353 -0.59509721 -0.08658908]
