[[-0.08083192 -0.04126552  0.07909561 ...  0.02632594  0.07851551
  -0.03122301]
 [-0.01672388 -0.02152196  0.01756754 ... -0.05325474 -0.06712203
  -0.03933491]
 [ 0.08508468  0.00763513  0.00055801 ...  0.05236739  0.00100629
  -0.02822201]
 ...
 [ 0.06556561  0.02638065 -0.07223347 ...  0.00888811  0.03551364
  -0.00904619]
 [-0.01180468  0.03116861  0.05760566 ... -0.07914114  0.02427235
  -0.06411563]
 [-0.07841406 -0.00362632 -0.03719656 ...  0.01617761  0.08532749
  -0.0720131 ]]
[-0.07274085  0.16076378  0.07582595  0.70306155 -0.08591382  0.40941811
 -0.49908248 -0.13205835  0.32178093  0.13956888  0.3348435   0.04608223
 -0.14937537 -0.27479781  0.18344946  0.45676719 -0.30340525 -0.1495368
  0.04915413 -0.03498558  0.13175276 -0.09140119  0.45445394  0.24200386
 -0.00139936 -0.51196495 -0.03365804  0.24594639 -0.13143682  0.10828273
  0.02475901 -0.18499658]
[[-0.01628142  0.88808013  0.18523693 ... -0.20290035 -0.68494319
  -0.58833345]
 [-0.289024   -0.09331564  0.2571538  ...  0.11963899 -0.05734368
   0.29104576]
 [ 0.25035262 -0.46893674  0.09085492 ... -0.03788057 -0.01101729
   0.1410135 ]
 ...
 [-0.05214759 -0.18707588 -0.11292778 ...  0.1790221  -0.19553268
  -0.143236  ]
 [ 0.24793978  0.33685172  0.20092423 ...  0.09233354 -0.65913791
   0.29449619]
 [ 0.40712069 -0.60604148  0.52614034 ...  0.36109299 -0.20337739
  -0.30442939]]
[ 0.12969215 -0.14125023  0.0987124   0.08571273  0.23004976  0.11771873
  0.29943056 -0.30861408  0.19469979 -0.24807283 -0.04643623  0.13717851
  0.10666384  0.09834247  0.03394422  0.00143776  0.12023352  0.36591878
  0.1241606  -0.22428497 -0.09061341  0.13708558  0.17940189  0.0365163
 -0.3795715  -0.10860963 -0.09413508  0.33987052 -0.1788711   0.193427
 -0.31382653 -0.0268483 ]
[[-0.04034905  0.44363578  0.16259703 ... -0.10746951 -0.3440245
   0.10189838]
 [ 0.55471533 -0.18989959 -0.1404389  ... -0.06700261  0.29513046
  -0.32768992]
 [-0.03492035 -0.11117953  0.01862332 ...  0.03170142  0.48107167
  -0.35673057]
 ...
 [-0.03675545 -0.06106292  0.39823322 ... -0.08148945  0.51738267
  -0.01823109]
 [ 0.482924    0.19783608  0.29007309 ...  0.16320445 -0.19473264
   0.42543909]
 [ 0.05417694  0.10706566  0.51080979 ...  0.08894299 -0.42624137
  -0.04831316]]
[ 2.85753167e-04  6.87852255e-02  9.37730780e-02 -1.96385340e-01
 -1.13061545e-01 -2.49661200e-02 -1.45828608e-01 -1.11563355e-01
 -2.71630281e-01 -1.99009800e-02  1.05691988e-01 -2.71133153e-01
  3.81055295e-02  3.89020788e-02 -4.31469840e-01  1.40464669e-01
  1.99295403e-01  2.78318177e-02  7.54356692e-02  3.22031111e-01
  1.03026977e-01  5.57215258e-01 -3.01984210e-02  4.15121668e-02
 -1.48239669e-01  1.91352969e-01  2.63987200e-01 -9.77683296e-02
 -9.38385845e-02  3.05784601e-01  7.42153050e-02  1.03054041e-01
  1.66891744e-01 -2.07594777e-01  5.37762507e-01 -2.13987203e-01
 -3.79470148e-01 -1.50360922e-01  2.10836974e-02 -2.73003238e-01
 -1.43540700e-01 -9.51892680e-02  3.98912098e-01  2.91220376e-02
 -2.64293166e-01 -2.78984147e-01  5.78848706e-02]
