[[-0.04205514  0.03368615  0.05688621 ...  0.08405074 -0.03018632
  -0.02170289]
 [ 0.08395815  0.07118998  0.03864578 ...  0.07228801 -0.02357988
  -0.06665532]
 [-0.03153299  0.04746623 -0.02723001 ... -0.01661536  0.04535262
   0.02629273]
 ...
 [ 0.03879418  0.06725445 -0.00306126 ...  0.00641987  0.0534157
  -0.036545  ]
 [-0.02521346  0.04259836 -0.05687845 ... -0.03036851  0.05681024
  -0.06455367]
 [ 0.07006368  0.01127646  0.00080544 ... -0.04628456  0.0187277
  -0.01666654]]
[-0.36246913 -0.08350718 -0.24486389 -0.44369386  0.49601531  0.46831177
  0.83599645  0.54093755  0.81154429 -0.05574956 -1.38158692  0.15674145
  0.55656587  0.05830737  0.78490557  0.49623993 -0.08761174 -0.05192172
  0.09669847  0.31792899  0.82497103 -0.01405124  0.19480405 -0.11781428
  0.20797598  0.40369706 -0.61819575 -0.35871922 -0.0270045  -0.21619795
 -0.05839517 -0.56549773  0.07558888 -0.62765366  0.66816866  0.01041815
 -0.63658534  0.64895638 -0.57590078 -0.56752401  0.00758442  0.67247515
  0.72500765  0.03686881 -0.2908051  -0.21023867 -0.52355374  0.3811553
 -0.19968695 -0.54362738  0.28033607  0.08852448 -0.12936977  0.14162775
  0.19931769 -0.48920222  0.44726211 -0.5395048   0.08818591 -0.30102011
  0.75731738 -0.09062148 -0.10188277  0.16121478]
[[ 0.38769126 -0.42249893  0.3356378  ...  0.3416932  -0.5387535
   0.20477092]
 [ 0.48512716  0.17179433 -0.40400482 ... -0.37903821 -0.27023402
   0.36036747]
 [-0.2847412   0.08503796 -0.52658787 ...  0.03670999 -0.19972359
   0.30571025]
 ...
 [ 0.0098785   0.08538352 -0.10023353 ... -0.15652318  0.51083505
  -0.04098345]
 [ 0.0106844   0.24639069  0.21428313 ...  0.2299227   0.35298896
   0.00738334]
 [ 0.2976677   0.34102771 -0.24542121 ... -0.44797568 -0.2349253
  -0.43552761]]
[ 0.20223222 -0.61172216 -0.10839868  1.11015323  0.02153691  0.21986254
  0.43392891  0.5715057  -0.36896425 -0.17974791 -0.16673617  0.28587271
  0.11873218 -0.2290766  -0.39587419 -0.43684414 -0.61592539  1.06593743
  0.16579045  0.154007   -0.0772564   0.01924775  0.50997287 -0.28278175
  0.70377997  0.26281706  0.19225893 -0.11700348  0.70004036  0.66277306
  0.17795434  0.01382418  0.09555678 -0.46266416  0.05454356  0.29335704
 -0.40552036  0.41357136  0.01027015  0.13571609  0.55630511 -0.25730857
 -0.01547392  0.39121973 -0.08551289  0.14993426 -0.35133817 -0.25605268
  1.22699179 -0.1796701   0.42923459  0.43860857  0.41380377 -0.14184726
  0.43287281 -0.37397333  0.09140211  0.03573691  0.07892028 -0.21807689
 -0.03024828  0.15088253 -0.17234856 -0.6345503 ]
[[ 0.02199218 -0.00709081 -0.18678187 ...  0.1757644  -0.50769331
   0.70006972]
 [ 0.14743462 -0.10372003 -0.63647281 ...  0.45425105 -0.05745087
  -0.68405643]
 [ 0.19614653 -0.2266713  -0.0070955  ...  0.0661765   0.21347506
  -0.30598687]
 ...
 [ 0.09760258  0.0299997   0.34639215 ...  0.65322877  0.054761
  -0.10361052]
 [-0.04107505  0.21351108 -0.33882508 ... -0.35771834 -0.30041465
  -0.29474998]
 [ 0.10238014 -0.05758972  0.35780749 ...  0.33224909 -0.7074805
  -0.57465429]]
[ 0.45364553 -0.06547796  0.34713179 -0.0661074   0.03655797  0.34742437
  0.09454646  0.78339035  0.27235763  0.65129716  0.37879356 -0.12644124
  0.00295577 -0.22994453 -0.10105293 -0.01941408  0.23300734  0.49115252
  0.0672988   0.17933916 -0.36127375  0.01741467  0.01501066  0.26178323
 -0.18892225 -0.49000042  0.08143722 -0.0973731   0.093395   -0.20180967
  0.16496614  0.14446277  0.36091637  0.1518972   0.06777146  0.46654398
 -0.0734228   0.06488356  1.02306841 -0.40156482 -0.02263832  0.15932234
  0.04585379  0.04071909 -0.0395684   0.18426854  0.18365754  0.3195816
  0.77103576  0.31630991  0.27252611 -0.06192583  0.46829786  0.75455044
  0.16212384 -0.22355514  0.03078701 -0.28715002 -0.1382091   0.11459798
 -0.19794856  0.41899525 -0.04796288  0.46869919]
[[-0.36859802  0.45839168  0.84239335 ...  0.43248319 -0.0267411
  -0.39307312]
 [ 0.42381762 -0.04920419 -0.50455614 ... -0.1173637  -0.09462448
  -0.18010373]
 [ 0.71972017  0.20787774  0.20059026 ...  0.0805091  -0.08168708
   0.14171121]
 ...
 [ 0.46948543  0.11267428  0.57366194 ... -0.60847843  0.24180052
  -0.06678111]
 [-0.25669698  0.57777561 -0.27671547 ... -0.34375662  0.08012471
   0.50500441]
 [ 0.1652038   0.36101343 -0.52558835 ...  0.02980439 -0.24817694
   0.13168142]]
[ 0.12090796  0.08454712  0.29294378 -0.25726491 -0.30847027 -0.01779374
  0.03660414 -0.15394198  0.18158404  0.11336749  0.16139122  0.60409158
 -0.09930618  0.21132202  0.19144586  0.21133729  0.00216295  0.35106855
 -0.18811023  0.08580482 -0.34082775  0.25838955 -0.12267087  0.02587066
 -0.11846907  0.207763    0.17348832  0.17799003  0.23592479  0.13073112
 -0.24164499 -0.11821606 -0.13209705  0.05107152  0.53824391 -0.46494708
 -0.11409672 -0.27104803 -0.01071756  0.03000445 -0.48946305  0.32446768
  0.0409586  -0.71847034  0.14973808 -0.84833536  0.02267071]
