[[-0.05702619  0.02548276  0.05823808 ... -0.03512213 -0.05012886
  -0.07202348]
 [ 0.06020717  0.01811637 -0.05721492 ... -0.00966733  0.02861601
  -0.02374399]
 [-0.03866227 -0.04112934 -0.01950178 ... -0.08068375 -0.02839776
   0.0598606 ]
 ...
 [ 0.01591541  0.02974497  0.05026951 ...  0.03743867 -0.06398657
  -0.0196932 ]
 [ 0.05911002 -0.01682858 -0.01543768 ...  0.0353934  -0.02525492
  -0.03048507]
 [ 0.01944824 -0.06537415 -0.00641802 ... -0.07330485  0.05530794
   0.01116923]]
[-6.71903656e-02  5.99147604e-02 -5.83813014e-02  7.50853062e-02
  1.28230874e-02  3.14645614e-02  7.27235884e-02  2.96192208e-02
 -2.90760673e-02  8.34210429e-04  8.10593991e-02 -7.37995369e-02
 -5.54409445e-02 -5.84318433e-02 -7.54583382e-02 -6.42539071e-02
  7.14021944e-02 -1.10085331e-01  1.31798044e-02  2.37252920e-02
  1.23646308e-01  1.28737193e-01  1.46737674e-01 -4.37605874e-02
 -4.32261788e-02  1.42723248e-01  1.24337344e-01  1.59469746e-01
  1.18584942e-01  5.85785839e-02  1.23052998e-01  1.24968036e-01
 -7.43427275e-02  2.45117584e-01 -5.59173221e-02 -9.12216842e-02
 -8.39220338e-02  2.39553303e-02  7.74358565e-02  1.22311889e-01
  1.47832210e-01 -2.61362770e-04  1.29561122e-01  5.24861592e-02
 -5.68790479e-02  4.30590892e-02 -3.16974648e-02  7.91689753e-02
  1.75261414e-01  1.24507095e-01  8.77734182e-02  1.03589317e-02
  3.83568318e-02  1.20983672e-01  2.63691501e-02  2.73409732e-02
 -2.49143509e-02  1.04716598e-01  4.38631927e-02  2.55106472e-01
  4.35550033e-03 -5.09241316e-02  1.20313028e-01  9.37998130e-02
  8.13356470e-02 -1.41379519e-02 -2.94582516e-02  5.23515840e-02
  1.21014507e-01 -1.18749833e-01  1.08050792e-01 -4.45501629e-02
  1.70140601e-01 -1.30886623e-02  1.94738723e-01  1.68230433e-01
 -1.22626709e-01 -8.22151701e-02  8.82467639e-03  6.28549445e-02
  8.22562965e-02  1.35355190e-01 -1.16133624e-02 -1.75420233e-01
  1.50056888e-02  2.05359873e-02  1.24701792e-01  6.73469224e-02
  1.23598588e-01 -7.77674587e-03  1.07000772e-01  1.17737226e-01
  4.74894970e-02  7.11367337e-02  6.54793422e-02  2.01020430e-01
  1.81263914e-02  3.90214992e-02  4.08266103e-02  5.51829676e-02
  1.46236453e-01  1.39184993e-01 -3.57146529e-02  1.73246414e-01
 -2.77572126e-02 -6.87296889e-02  1.21541877e-01  9.82221560e-02
  4.98697134e-02  2.35833396e-02 -2.84883510e-02  3.36131927e-03
  2.46769372e-02  1.25065729e-01  1.97974095e-01  1.57811763e-01
  4.38566360e-02  2.76127404e-01  2.04531622e-02  8.97542087e-02
 -2.09788602e-01  4.52212490e-02  7.95667713e-03 -5.00948045e-02
  1.00824604e-01  1.06942248e-01 -8.80669974e-03 -2.03802067e-02]
[[-0.14972475 -0.03600487 -0.03147351 ... -0.09734185  0.07773333
  -0.03986181]
 [ 0.10043973  0.03551662 -0.28588765 ... -0.11357162 -0.00661362
   0.00375063]
 [-0.06220694  0.11703772  0.0289164  ... -0.04909662  0.0213075
  -0.05730035]
 ...
 [-0.09035431  0.07208734  0.23576905 ... -0.11645334  0.08558553
  -0.0654496 ]
 [-0.09942266  0.24431306  0.15563719 ... -0.21952683 -0.04835797
   0.00827188]
 [ 0.02302936  0.01467245 -0.02238154 ...  0.12916818 -0.07824271
  -0.05706841]]
[ 0.01594368 -0.04437821  0.00450259  0.10351311  0.02600021  0.002616
  0.02002632  0.04259282  0.00054519  0.00627219 -0.06013911 -0.10511045
 -0.0007058  -0.00742318  0.13757149  0.00733252  0.06379802  0.01265069
  0.04453211  0.00962643 -0.00978891  0.09464218 -0.08756067  0.07443616
  0.04588533  0.06663247  0.00992844  0.03175924  0.07297979 -0.02462947
  0.02766102 -0.0035396   0.01187469  0.05983225  0.01783619  0.10187052
  0.02348293  0.02518317  0.00288794  0.11522751  0.0017075   0.04542001
  0.05942285  0.03923467  0.08454093  0.11462439  0.08440898  0.10480512
  0.11240655  0.10183305 -0.02972439 -0.0180465   0.04245989 -0.02093036
 -0.01320451 -0.02891031 -0.0376776   0.00045422  0.03159048 -0.00737868
  0.00687019  0.00743469 -0.00464244  0.01500871  0.13340316  0.0165895
  0.06496662  0.03428393  0.07287738 -0.07378844  0.0473807   0.05692529
 -0.01395869  0.04197845  0.03183376  0.01387415  0.17452097  0.05936281
  0.04197892 -0.03999271  0.02092501  0.00031471  0.08477065  0.04272295
 -0.00310432  0.01267831 -0.01417745  0.04433485 -0.02796632  0.10602355
 -0.01032624  0.0906803   0.11883893  0.02226941 -0.02169362  0.14617706
  0.0764471  -0.0039523   0.0011298   0.11653073  0.09233837 -0.0058738
 -0.0499122   0.10535234  0.00066931 -0.08225747  0.05647974  0.03645567
  0.03922468  0.02287987  0.07496975  0.05629175  0.03899573  0.03723365
  0.02676147  0.12717883 -0.00542746 -0.0420739  -0.00215042  0.09558301
  0.05521816 -0.08541072  0.00203924  0.13284538 -0.04353011  0.07255286
 -0.03190665  0.11059239]
[[ 0.11529819 -0.25083397 -0.06221417 ... -0.18662661  0.09315085
  -0.19659316]
 [-0.02543069 -0.12595763 -0.06256585 ... -0.15295741 -0.04206969
   0.18055326]
 [-0.03303742 -0.05911406  0.03968367 ...  0.08035422  0.02460541
  -0.04557877]
 ...
 [-0.12282018  0.07642155 -0.07862538 ...  0.07754454 -0.02177848
  -0.00710401]
 [-0.12521911  0.1070478  -0.15214686 ... -0.16240267  0.24403406
   0.06194656]
 [-0.05421374 -0.06588003 -0.18215926 ... -0.09046     0.073696
   0.1302333 ]]
[ 5.53466174e-02 -2.84576246e-03  3.47677217e-02 -1.03944784e-02
  1.49064871e-03  3.94314185e-02  2.30908406e-02  1.15406787e-02
  1.23163309e-03 -3.21144289e-02  1.95588727e-02  4.42754578e-02
  1.17750124e-01 -7.30753193e-03  1.01763823e-02  9.71871267e-02
  1.53045060e-03  6.03451726e-03  7.89357149e-03 -9.26179189e-04
 -2.01815279e-02  2.42557363e-02  7.94177010e-02  1.37205698e-01
 -8.76979037e-03  2.13034539e-02 -4.90684182e-02  3.85429272e-02
 -3.67507598e-02  8.67976411e-02  4.04433664e-02 -1.22203333e-01
  3.09774808e-02  8.72113819e-03 -3.25089439e-02 -4.09979926e-02
 -9.82581270e-03  3.01023719e-02 -5.84804435e-02  9.72631203e-03
  9.57910546e-02  7.70117633e-02  9.37346341e-02 -1.78009264e-02
  5.29754041e-02  2.87017480e-02  1.56723032e-02  6.61521972e-03
  8.20257712e-02 -3.33885692e-03  4.66712362e-02  5.97977583e-02
  2.14512435e-02  4.32072452e-02  3.45589446e-02  4.02524045e-03
  8.68961870e-02  1.15860758e-01  1.78561531e-02 -2.17585882e-02
 -4.72955639e-02  5.30604270e-02 -5.84901285e-03  1.34462306e-01
  5.98817052e-03  6.08490557e-03  2.88771774e-03  1.12240707e-01
 -3.59106464e-04  2.56052682e-03  1.21644731e-02  3.94522706e-03
 -1.25438078e-02  7.30923791e-02 -9.49630057e-03  1.33138767e-01
  4.57318271e-02  6.39713360e-02  1.43663709e-03  1.57862014e-03
  2.76688324e-02 -5.37655529e-02 -1.05860936e-02 -5.55663676e-03
  6.24659582e-02 -1.07006651e-03  2.48986758e-02  6.99960674e-02
  1.29038158e-02  5.37909536e-02 -1.05324275e-02 -4.33115276e-04
  7.83748934e-02  2.26585846e-02  3.24717636e-02  3.33743607e-02
 -8.07923488e-03 -6.51885614e-03  3.27451943e-02 -1.15433545e-02
 -6.09053321e-03 -3.56713132e-02  8.05439879e-03 -5.59370612e-02
 -1.57255234e-03  8.69710472e-02  4.50496314e-03 -4.86029809e-03
 -2.47850155e-03  7.85114194e-02 -1.13767999e-02  8.35976637e-02
 -1.19638247e-02 -6.00784820e-03 -9.56487381e-03  1.52886214e-02
 -1.22865352e-02  1.01847515e-04  5.47468384e-02  8.62153007e-06
 -1.37033891e-03 -1.66428210e-02 -1.14043793e-03  2.63131390e-03
  1.17087528e-01 -8.94272535e-03  3.17636908e-02  1.16714822e-01]
[[-0.02995456 -0.09266587 -0.08451971 ... -0.06669816 -0.03432688
   0.27585094]
 [ 0.22648562 -0.07885298 -0.22433977 ... -0.04351339 -0.14116903
  -0.09860094]
 [-0.07594179 -0.07130756  0.09571902 ...  0.07748887 -0.19442983
  -0.15111425]
 ...
 [-0.01019942  0.06849267  0.21790836 ... -0.07487341 -0.304179
  -0.13679773]
 [ 0.06657589  0.10350675 -0.05163192 ... -0.15436212 -0.06370075
   0.02317304]
 [ 0.01502005  0.02866364 -0.08600173 ...  0.13708     0.11741937
  -0.13624223]]
[ 0.04824786  0.01828999  0.02289145  0.08785372 -0.00257939  0.08730653
 -0.0898047   0.04839315  0.03559975  0.07979269 -0.03018898 -0.0433107
  0.07619331  0.00357329  0.04788411  0.00541744  0.07517006  0.02017453
  0.08084657  0.03363445 -0.00613914 -0.05045066  0.0531716   0.02497712
 -0.01435764 -0.01475374  0.09381742  0.02143125  0.12600935 -0.09168216
 -0.01964256  0.00762583 -0.10557846  0.02804175 -0.01215721  0.00977301
  0.09089966  0.04948147  0.02398774  0.06294698 -0.09569457  0.05643354
  0.05814357 -0.00763837  0.01289448  0.04906872  0.09279072  0.01621626
  0.07189113 -0.01173148  0.0458221   0.08003726  0.00434837 -0.03804492
  0.03501032  0.05412182  0.07076623  0.00575227  0.02546703  0.01838463
  0.06898615 -0.03148793 -0.0472328  -0.03352719 -0.00244144  0.06797632
 -0.02502819  0.01769485 -0.0269917   0.07137186 -0.03695318  0.05618703
 -0.0033996  -0.0367123  -0.05344465  0.00504126  0.09533219  0.05212268
  0.01796435 -0.05031769  0.02740215  0.03313761 -0.00738141 -0.02705408
  0.07658632  0.00377122 -0.01577863  0.03354739  0.02569536  0.0023676
  0.00318886 -0.01506162 -0.00217666  0.065913   -0.01904075 -0.00503931
  0.         -0.0333524   0.03385018  0.02657414  0.02918865 -0.02478968
 -0.037214   -0.00951158 -0.01644322  0.00814158  0.04222167  0.01454346
 -0.02250864  0.0096479   0.01403553 -0.01146858 -0.00202159  0.07498682
 -0.02180617 -0.02560653  0.03106397 -0.08490765  0.01922757  0.03425957
  0.00576298  0.06036597  0.07478793  0.03132955 -0.04164997  0.03684962
 -0.01524403 -0.00522213]
[[ 0.13341189 -0.22744617  0.22890225 ...  0.07910085  0.14329853
  -0.0917302 ]
 [-0.14147921  0.07847115  0.03911061 ... -0.06433528 -0.05227792
   0.12926143]
 [-0.33247835  0.09150365 -0.1717663  ...  0.02787356  0.1956028
  -0.10898304]
 ...
 [-0.1409365   0.06793764  0.14835795 ...  0.27525271 -0.16077964
  -0.02541346]
 [-0.07253178 -0.18473836 -0.06905772 ... -0.09813912 -0.05778241
   0.13133013]
 [-0.31435247  0.13120097  0.22759638 ... -0.46437967  0.19061882
   0.00237779]]
[ 0.01777105 -0.01629406  0.0698574  -0.01898366 -0.01838843  0.01467823
 -0.03710578  0.02342423 -0.05419552 -0.02219773 -0.04530116  0.00595558
  0.07277742  0.00373313 -0.09316981  0.14343742  0.06291658  0.02539234
 -0.02792869  0.11374638  0.01402509  0.15367174  0.00485159  0.01165031
 -0.03565831  0.04307643  0.08716998 -0.09534798  0.02394104  0.17411065
 -0.03218916 -0.03147252 -0.07242525 -0.09731452  0.12796315 -0.02103119
 -0.21348427  0.04207516 -0.02274658  0.01591319 -0.07504872 -0.01166386
  0.07072747 -0.03124909 -0.13644774 -0.16274001  0.04951846]
