[[-0.03284453  0.03701917  0.00812797 ... -0.0828566  -0.078786
   0.02101604]
 [-0.06818631  0.06419417 -0.07681816 ... -0.07297603 -0.08224962
   0.07251111]
 [ 0.00920196 -0.01233327 -0.03892278 ...  0.029591   -0.01025146
   0.04683817]
 ...
 [-0.08344944 -0.02032919  0.01009299 ...  0.0444503   0.04635134
  -0.08205318]
 [-0.02965567 -0.03012429  0.0228124  ...  0.03303759 -0.04288557
   0.06139324]
 [-0.05811423  0.04503507 -0.04689959 ... -0.02390963  0.00229168
   0.06684745]]
[ 0.1687239   0.00926205  0.04297556  0.04061219  0.10543381  0.04199959
  0.07551964  0.08842856  0.08010599  0.1115178  -0.06902317 -0.03620898
  0.02429454  0.05736137  0.0221274   0.03560645 -0.04341347 -0.01033043
  0.02929529  0.01581358  0.00638987  0.11040585 -0.05647805 -0.05598064
  0.00274321  0.00596598  0.07944788  0.09160415 -0.02150653 -0.02359726
  0.12768895 -0.03413656  0.09272939  0.07071044  0.1165691   0.02170178
  0.09513649  0.08277319 -0.07462422  0.05207365 -0.04157383 -0.02026691
 -0.04740519  0.0870594   0.13947027  0.12005965  0.03472545  0.03860366
  0.08850691 -0.01226629 -0.0561666   0.0030903   0.07818775  0.05649572
 -0.06991863  0.06658032  0.12220485 -0.03326756  0.08037991 -0.00400515
  0.01213276 -0.0033044  -0.00017453  0.05694052]
[[-0.04327727 -0.09691979  0.21781886 ... -0.12087573  0.08688619
   0.13712943]
 [-0.0010133   0.03064996 -0.17587999 ... -0.06957795 -0.17257187
   0.20884012]
 [ 0.15094428 -0.08513308  0.17404781 ... -0.20935987  0.21173028
  -0.20384178]
 ...
 [-0.03791874 -0.07605975  0.1557376  ... -0.17856136  0.05663709
  -0.21308163]
 [ 0.16810637 -0.10402761  0.03820241 ...  0.03153626 -0.11695599
   0.17994546]
 [-0.10291559 -0.03150458 -0.0306795  ... -0.11006676 -0.10063586
  -0.09468555]]
[ 1.94261358e-02 -2.72674996e-02 -1.32528610e-03 -4.52283032e-03
  9.68468932e-02 -8.47867472e-05  6.27283408e-02  3.50132615e-02
  6.78538612e-02  1.15802207e-02  4.11810685e-03 -2.00943088e-02
  7.32778619e-03  8.41781185e-02  3.08045691e-02  3.82150791e-02
  1.08961385e-01  2.52837405e-02 -2.18512264e-03 -1.34366969e-02
 -1.19109865e-03 -5.03218638e-02 -4.14344691e-02  8.21504633e-02
  4.28951190e-03  6.87874219e-03 -1.06570767e-01  9.62019038e-02
  8.92402901e-02  5.88924791e-03  8.59100368e-03 -3.88866742e-02
  2.93455343e-03 -4.24246872e-03 -2.06034657e-02  5.60917844e-02
 -3.35298917e-03 -3.02747511e-02 -1.79238050e-02 -7.99073281e-02
  2.00750840e-03  1.02776582e-01  7.78912005e-02  1.31112600e-03
  9.53345131e-02  1.14091845e-01  1.26104440e-01  3.61475563e-04
  9.00766304e-02 -3.02723411e-03 -4.54613304e-02 -5.31404841e-02
  2.42086038e-02 -2.80975812e-02  4.37336667e-02  7.11697973e-03
  6.74036653e-02  3.48016469e-02  4.87651796e-02  8.99195079e-02
 -8.49653311e-03  1.76377452e-02  3.57404503e-02  1.39000842e-01]
[[ 0.15817304  0.14640965  0.18826799 ... -0.10842619  0.0529759
   0.06979424]
 [ 0.37024448 -0.14218176  0.15495512 ...  0.06484325 -0.20908169
  -0.03763426]
 [-0.23634406  0.11477473 -0.20155513 ...  0.02375672  0.1239087
   0.18296164]
 ...
 [ 0.08476219  0.10472739  0.04283747 ...  0.40100965  0.06962369
   0.04452985]
 [ 0.08790576  0.185113   -0.05376321 ...  0.03889568  0.07002202
  -0.01712895]
 [ 0.36032584 -0.1742598  -0.02225349 ...  0.23313329 -0.13226643
   0.07882582]]
[ 2.89003593e-02 -7.16354406e-02  8.99214772e-02 -2.48887203e-03
  1.55115430e-03  2.58097202e-02  1.13939092e-02  1.22378963e-02
  1.98446546e-02  5.97609290e-02 -1.98103575e-02  4.87380279e-02
  6.11351155e-04  1.36846633e-01 -5.16249639e-03  1.19822510e-01
 -1.30662406e-02 -7.32602445e-03 -1.16964744e-02  7.79222776e-02
  4.58866866e-02  5.80284573e-02  3.56473108e-02  1.26404407e-02
  4.87562195e-03  5.49657528e-02  4.11448433e-02 -1.20308101e-02
 -3.40587977e-02 -7.67284427e-05  3.50196484e-02  9.88449978e-02
 -9.17306885e-02 -8.48690360e-02 -6.12435051e-02 -1.73316410e-02
 -3.17787257e-03  3.09056029e-02  1.70767238e-01  7.56377709e-02
 -4.65436105e-02 -1.68245227e-02 -4.95033404e-02  1.71535604e-01
  9.48752224e-02  1.79943080e-03  6.98803205e-02  2.89584885e-02
  3.85444326e-02  3.07295158e-02  2.40491539e-04 -6.23772373e-03
 -2.74955471e-02  1.01568543e-01  4.10440866e-02 -4.04961590e-02
 -8.00234433e-03  6.53491470e-02  3.00030541e-02 -2.46209299e-02
  1.69427081e-02 -5.15827583e-02  4.54083699e-02  6.47640677e-02]
[[ 1.54585066e-02  1.13189940e-01  2.32308222e-01 ...  2.01502744e-01
   7.65219067e-02  2.27667305e-01]
 [-2.50177495e-01 -8.65815176e-02  1.91876809e-01 ... -1.12519409e-01
  -1.73275175e-01 -1.99110762e-01]
 [-3.34672103e-01  9.23667949e-03 -8.29558295e-02 ... -2.04556071e-02
  -3.44328668e-01 -1.33981101e-01]
 ...
 [-1.87003622e-01  1.35382506e-01 -2.62414645e-01 ...  8.24318531e-02
   2.66453946e-01 -1.25440129e-01]
 [-1.48553734e-01 -1.46663874e-01  2.22317535e-01 ... -1.53211867e-01
  -1.96493793e-01  7.03474321e-02]
 [-9.86746247e-02 -5.87246068e-02  3.93867738e-01 ...  2.06796639e-04
   1.20886852e-01 -1.64148747e-01]]
[-0.02865922  0.0663539   0.00236128 -0.02029612  0.03303821  0.01112033
 -0.07762541  0.01368269 -0.12345688 -0.00309743 -0.04498192  0.02925381
  0.05107056  0.00520885 -0.03906507  0.12803862  0.05343817 -0.00178207
 -0.04360555  0.13765678  0.0285301   0.15387144  0.07037858 -0.0509434
 -0.11399823  0.01692289  0.00339994 -0.04722829 -0.00616511  0.09495714
  0.01222534 -0.02334825  0.0147603  -0.07264668  0.07362953 -0.02546386
 -0.11233529 -0.00570859 -0.00813909 -0.07619831  0.01708334 -0.013121
  0.0490294   0.01230865 -0.03806202 -0.14214024  0.03974814]
