[[ 0.02676338  0.05587298  0.02008144 ... -0.05708411 -0.05649521
  -0.01353089]
 [ 0.03004737 -0.00748882 -0.03872025 ... -0.00331407 -0.03277066
  -0.0087607 ]
 [-0.03245586  0.02670833 -0.02808012 ...  0.01627193  0.07785414
  -0.06942523]
 ...
 [ 0.02203144 -0.03905348  0.02511775 ...  0.02487142 -0.05124461
   0.02322395]
 [-0.04421376 -0.05244817  0.0467063  ... -0.04515386  0.07964568
  -0.05232438]
 [-0.04494139 -0.05682513  0.00426024 ... -0.04947073 -0.02751547
  -0.04544241]]
[-0.03086214 -0.10062846 -0.04015293  0.03717296  0.11550686 -0.05235871
  0.15101723 -0.17026699  0.05584788 -0.0212386   0.04412789  0.07210569
  0.0301079   0.05840271  0.11530289  0.06329302  0.04661887  0.19999304
  0.02188811  0.26166082  0.07821959  0.06479105 -0.02207435  0.09911675
  0.04580486 -0.19621586  0.07494712  0.1571325   0.14745984  0.06632574
 -0.10649575  0.10628885 -0.15020263 -0.26827421  0.02076735  0.01057006
  0.2555413   0.0713736   0.17111538 -0.03019546  0.02035906  0.01439272
  0.03639836  0.01602115  0.05620151  0.00875762  0.09841349 -0.06379385
 -0.01632638  0.13257528  0.10379287 -0.02090312  0.08070931  0.12506804
  0.1508147  -0.00306095  0.10373978  0.04526719  0.13989828 -0.0792992
  0.03334041  0.07640599  0.03681493  0.03078792  0.09103515 -0.04955072
  0.02353999 -0.0748435   0.00400266  0.08557089 -0.11307598 -0.08125249
  0.0475708   0.03232335  0.03659319  0.12411826  0.14664835  0.09178472
  0.19594833  0.13372617  0.09341476  0.0259958  -0.0089368   0.18299231
  0.09311584 -0.02941252  0.03975038 -0.08283171  0.06822566  0.06388695
  0.15368425  0.02935541  0.15746157  0.2204349   0.11913002 -0.14908088
 -0.10493821 -0.04195759  0.00586544  0.23971079  0.22940589 -0.01637137
 -0.10649637  0.01028792  0.1344111   0.17895461  0.06784962 -0.17368993
 -0.09104288  0.11181755 -0.06276772  0.05923598  0.07855902 -0.2117451
 -0.04027708  0.13153838 -0.25136414  0.03618856  0.03902349  0.28679649
  0.01507597  0.01817949  0.09551488 -0.01213054  0.13462703  0.10431052
 -0.00058922  0.11943122]
[[ 7.57138707e-02 -5.92474038e-04  2.50694522e-01 ... -5.74428479e-02
  -8.59595817e-02  5.68655973e-02]
 [-4.57616456e-03  2.17025578e-01  9.90449404e-02 ... -7.17108737e-02
  -1.91618807e-01  4.11366839e-02]
 [-2.99438215e-02  8.58570761e-02  5.00835786e-02 ...  1.71079789e-01
   1.01513784e-02 -1.88739481e-01]
 ...
 [-5.75534563e-02 -1.38650592e-01 -1.65701509e-02 ...  5.34722102e-03
  -4.99244024e-02 -1.22791728e-01]
 [-1.47201575e-01  3.04717948e-02 -2.89125019e-04 ...  2.01469237e-02
   6.21372096e-02  6.39077564e-02]
 [ 1.18905328e-01  3.70766036e-01  1.34712329e-01 ... -2.13351050e-01
  -1.08124639e-01 -1.49864522e-01]]
[-0.04740902  0.07013755 -0.00747655  0.21130745  0.01168531 -0.07190934
 -0.01209536  0.01547938  0.03091083 -0.00558252  0.00437134 -0.00050809
  0.10486118  0.01051548 -0.00793451  0.12957002  0.07539506 -0.00601006
 -0.02733079  0.14522619  0.05259463  0.24066105  0.04329068 -0.01192767
  0.0498876   0.15668877 -0.03616685  0.0184796   0.0148283   0.04067627
 -0.04644409  0.13904336  0.04350493  0.06197032 -0.01582553  0.05232239
  0.05746005  0.0376489  -0.02004677  0.06968598  0.00659576  0.02598036
  0.0430208   0.13281072  0.06629092 -0.15515413 -0.04903606  0.14312762
 -0.08222297 -0.04389789  0.01084412  0.12739258  0.07898354  0.00143499
  0.01229055  0.01611047  0.11309582  0.02984682  0.05681181  0.10960507
 -0.00381236  0.03592375  0.10288238  0.19032266 -0.01515506  0.07326575
  0.06731974  0.01995806  0.01949055  0.12394063  0.03720018  0.05214754
 -0.10987051  0.02503599  0.02698189 -0.04680279 -0.12220205  0.08628948
  0.00971778 -0.04766673  0.03581972  0.05841581  0.0938134   0.00461522
  0.04667844  0.29695031 -0.09133722  0.0245454   0.11297588 -0.00588021
  0.03877791  0.06387444 -0.04740112 -0.05004818 -0.146297    0.04218448
 -0.03080394 -0.04912707  0.02104443  0.03639421 -0.07627812  0.0962225
  0.00251107 -0.06238584  0.02498876 -0.0189311   0.14359317  0.04292191
  0.0522719   0.01028162  0.04449093 -0.14292007  0.06667618  0.06036065
 -0.12665246  0.01232644 -0.09747342  0.09034324  0.03485595 -0.13765215
  0.09142641 -0.00918612 -0.10378759  0.00156274 -0.01996273  0.03116622
 -0.00614931  0.01130159]
[[ 0.00203387  0.27960917 -0.11524487 ...  0.03686694  0.17053873
   0.20417076]
 [ 0.13674643  0.15757687  0.19350089 ...  0.02911091 -0.07294033
  -0.0549031 ]
 [ 0.36920922 -0.02945482  0.00773754 ... -0.05441981  0.08364643
   0.09209476]
 ...
 [ 0.33063277 -0.09988583 -0.00703695 ...  0.36036211  0.00657035
   0.04162423]
 [ 0.26086777 -0.22072616  0.16528154 ...  0.01682906  0.08324876
  -0.01770885]
 [-0.24355325  0.01957846  0.13410871 ... -0.11136641 -0.04425689
  -0.32663819]]
[-0.01218766  0.02392735  0.05068814 -0.06718254 -0.03256597  0.02234368
 -0.12270484 -0.02914547 -0.12390683 -0.0069493   0.00525202 -0.09197409
  0.05532229 -0.03681734 -0.10257772  0.18193098 -0.00521928  0.12762718
 -0.0202531   0.16148867 -0.02363278  0.25765139 -0.03595864 -0.00418605
 -0.09552357  0.10893686  0.1132435  -0.07637049  0.09699976  0.11599015
  0.02310507  0.0060967   0.08851297 -0.11024349  0.11668886 -0.08305875
 -0.19769186 -0.01713925  0.03947014 -0.0181134  -0.15100753  0.02982446
  0.13806412  0.00165827 -0.17251334 -0.11380427 -0.01409497]
