[[ 0.07581238 -0.05850813  0.07675314 ... -0.03529813  0.02313507
   0.02235335]
 [ 0.06098015  0.01741978  0.01112159 ...  0.02306788  0.07732762
   0.00429488]
 [-0.0304975   0.03235281 -0.08364768 ... -0.02526568 -0.07086332
   0.03258076]
 ...
 [-0.02198353  0.02482024  0.0608023  ... -0.03425984  0.00918328
  -0.02226635]
 [-0.02570055  0.00603893  0.03906997 ...  0.0714528   0.07868502
   0.00380556]
 [-0.00324936  0.06950217 -0.03662692 ... -0.00708705  0.05334305
   0.02197258]]
[ 0.02333073  0.03936685  0.03440299 -0.01175625  0.06841702  0.03821658
 -0.02168142  0.02118596  0.06263619  0.0262358   0.00841568 -0.08012102
  0.00646485 -0.0886424  -0.04468443  0.02641629  0.11535431  0.01820146
 -0.0137313   0.0347884   0.04537393  0.06762169 -0.01295742  0.14059636
 -0.00651664  0.07018787  0.02058182 -0.00888057 -0.00078889 -0.01278474
  0.08646542  0.11582967 -0.00560878  0.0135712   0.03759537  0.05440897
  0.0163276   0.01957565  0.00751928 -0.05893619  0.0183677  -0.04164514
  0.13983919 -0.00041319 -0.09014776  0.00202378  0.02913721  0.06013981
  0.00466119  0.05725853  0.0299459   0.06896804  0.06269738  0.06190181
  0.03042755  0.0764693  -0.01416328 -0.00239533  0.02287353  0.02173409
  0.10865124 -0.00860023 -0.08074448 -0.02278164]
[[ 0.22877505  0.07699369  0.18501047 ...  0.1342016   0.15629421
  -0.08466305]
 [ 0.05531444 -0.16202528  0.00882217 ...  0.18241751 -0.17358521
   0.24053979]
 [ 0.21054808 -0.11732742 -0.07951127 ...  0.1866171   0.13233981
  -0.00144524]
 ...
 [-0.04634505  0.25498431 -0.02466456 ... -0.27257326  0.08302206
  -0.10831188]
 [ 0.20999525  0.01478714 -0.07781043 ... -0.05082012 -0.18724756
  -0.20597753]
 [ 0.17592566 -0.05706492  0.14488775 ...  0.13120864 -0.05051742
   0.01749906]]
[ 1.20433701e-01 -3.95689280e-02  2.41846522e-03 -2.27575758e-04
 -4.00417812e-02 -1.42665293e-02  2.57654405e-03 -1.13239686e-01
  2.20092234e-02  7.57868211e-02  6.27751564e-04 -4.08899514e-03
  1.84057830e-04  1.09200913e-01  5.42054183e-02  6.57727568e-02
  1.77497132e-02 -1.17893656e-02 -5.82445380e-02  1.29968267e-01
 -8.95475086e-02  1.60543213e-02  4.75345756e-02 -5.60749641e-03
 -2.00175815e-02  3.99557901e-02  2.56632308e-02  5.61006871e-02
 -5.46102123e-04 -6.62659583e-02  5.80976326e-02 -2.21184576e-03
 -6.56573893e-02 -3.26296617e-03  7.28326148e-03  1.53948970e-03
 -4.44875273e-03 -6.30306574e-02  3.12543965e-03  1.00566408e-01
 -5.87612865e-03  6.99196423e-03 -5.25646130e-04  2.60498889e-02
 -8.22858714e-05  5.76427272e-02 -1.00255954e-02 -7.83565736e-02
  3.12961959e-02  2.43341828e-02 -5.60256208e-03  7.25635781e-02
  2.40702125e-02  6.47455053e-02  1.91667409e-02  1.45931063e-01
 -2.31980584e-02  6.08663089e-03  2.51878132e-03  4.84466687e-02
  1.18966788e-02  1.59889484e-02  1.74371217e-02 -2.28399971e-05]
[[ 0.23730783  0.24442809  0.21669229 ...  0.06050975 -0.12067417
  -0.16617486]
 [-0.04361654  0.10307702 -0.11227756 ...  0.14651144 -0.12830044
   0.116946  ]
 [-0.3601763   0.22461332  0.13657584 ... -0.10957356 -0.28362789
   0.10378324]
 ...
 [-0.00920455 -0.07909767 -0.19495477 ... -0.07559913 -0.18915581
   0.12726611]
 [ 0.2644764   0.00539284  0.2099284  ...  0.02096137 -0.01526708
  -0.15092549]
 [ 0.11440569  0.0766249   0.1563992  ... -0.22171703 -0.05423231
  -0.20413262]]
[ 2.08939648e-02 -6.72068044e-03 -4.86796724e-02  8.16018415e-03
  3.41499434e-02 -9.72002544e-04 -1.66833210e-03  1.21584982e-01
  3.59240140e-02  1.19925779e-02  6.29962464e-02 -3.89564414e-02
  1.28902286e-02  8.86267654e-02  6.55858035e-02  6.32939494e-03
  1.95635451e-02  2.68409344e-02  1.54504822e-02  1.52300319e-02
 -4.29786697e-02 -6.26498012e-02 -3.34583383e-02  6.85819104e-02
  1.07961520e-02 -1.74762895e-02  1.08908874e-01 -4.87251679e-02
  3.05180043e-02 -3.97090960e-02  3.58130686e-02  8.39205167e-03
  1.02211427e-05 -2.20477417e-02  2.89445524e-02  9.73672441e-02
  2.82662142e-02 -8.84504114e-03  3.08236672e-02 -1.61535794e-02
 -4.31382569e-02  4.72821433e-02  1.30341916e-02  2.31565486e-03
  7.71592051e-03 -3.84174520e-02 -7.39940861e-03  4.11317591e-04
 -2.30904924e-02  5.77499475e-02  1.36770366e-02  4.10429837e-02
 -2.82066922e-02 -6.64745726e-02 -2.40834489e-02 -3.78085965e-02
 -3.96414442e-03 -5.42049545e-03  9.11983392e-02  1.49415214e-02
 -9.53107551e-02  4.24535913e-02  9.20777051e-02  5.17163684e-02]
[[ 0.01436299  0.07207864  0.22722775 ...  0.21777341 -0.11361062
   0.11487526]
 [ 0.31950175  0.12797098  0.21065111 ... -0.20345664 -0.34137233
   0.00240672]
 [-0.13641978  0.192451    0.12140736 ...  0.15658709 -0.11928559
   0.02284279]
 ...
 [ 0.1131228   0.16479076 -0.11043434 ...  0.09337568 -0.19095357
   0.17028539]
 [ 0.12547557  0.12581673 -0.15996608 ...  0.08696883  0.07106376
   0.0043467 ]
 [ 0.13526911  0.10194861  0.20640841 ...  0.2264013   0.01670814
  -0.11382033]]
[ 6.18850434e-02 -3.11870679e-02  1.42830474e-02 -8.22200827e-03
  6.09601599e-02 -1.27972773e-01  6.80532128e-05  8.78986063e-03
  7.11661516e-02  7.62966874e-03  5.25753888e-02  2.70967822e-02
  7.05257894e-03  8.63789266e-03 -2.94370495e-02 -2.67829084e-03
  4.26305014e-02  2.33461551e-02  1.64398773e-04 -1.04557632e-02
 -1.20506921e-03  1.70733815e-02  9.06304428e-02 -1.59205553e-03
  1.41915165e-04  1.43331799e-01 -3.04948308e-03  6.53965740e-02
 -2.24310900e-02  9.49769008e-03 -2.78309078e-03  6.97889891e-02
  1.85831905e-02  3.60269352e-03  1.24938943e-01 -2.61077774e-02
 -5.98223439e-02  9.03318861e-02  1.81803298e-02 -6.69681040e-02
  1.85568853e-02  7.36651048e-02  1.19879655e-02 -4.58927515e-02
 -3.07189294e-02 -9.69460179e-03  7.41530457e-03  1.38843451e-01
 -1.55448201e-02 -1.28196338e-03 -1.83093767e-02 -2.49363475e-02
 -3.07923903e-03 -6.31329681e-02 -1.33233810e-03  1.25231391e-02
 -1.76839818e-02 -8.74941933e-03 -4.30643100e-02 -2.39747685e-02
  1.71871918e-02 -3.17000643e-02  1.17923196e-02  6.62742331e-02]
[[ 0.31159387 -0.03229023  0.01966033 ...  0.06010393  0.03281751
   0.12232886]
 [-0.2630159  -0.20417362  0.14807242 ... -0.22095555 -0.07461188
  -0.16652118]
 [ 0.1656185   0.21663374  0.21092384 ...  0.08991775  0.1456749
  -0.1481349 ]
 ...
 [-0.14641027  0.20599685  0.04616597 ...  0.22428914 -0.17676161
   0.00402873]
 [ 0.13385252 -0.24655109  0.11080806 ... -0.12948267  0.15063803
  -0.27504342]
 [ 0.0791682  -0.11715769  0.06048865 ... -0.16011439 -0.10901529
   0.2291625 ]]
[-0.00280016  0.05440778 -0.08411305 -0.0272169   0.04742373  0.00215285
 -0.11888244 -0.06007828 -0.15187644 -0.02129982  0.04122526 -0.00565934
 -0.01631185  0.06783265 -0.03336452  0.05366786  0.01459017  0.06309789
  0.0303091   0.13415932 -0.05999998  0.09747739  0.06587893  0.0180961
 -0.05918224  0.0417491  -0.03514735 -0.02625489 -0.05081217  0.11265257
  0.0487274   0.06202221  0.06800693 -0.0879344   0.05242106 -0.05178363
 -0.07967728  0.05036454  0.02852696 -0.13930413  0.0061682  -0.00694705
  0.04064787 -0.01145646 -0.11115605 -0.08606877  0.12572133]
