[[ 0.04882102  0.07665925  0.05821695 ...  0.07805773  0.00431151
   0.04433419]
 [-0.0333296   0.00578108 -0.05377591 ...  0.04956524  0.03843343
   0.02909406]
 [ 0.02194834 -0.00966287 -0.0235978  ... -0.04196762 -0.0722853
   0.03010038]
 ...
 [-0.07255131 -0.04213216 -0.04118625 ... -0.04121665  0.08100754
   0.00437279]
 [-0.00383798  0.042819   -0.03368251 ...  0.03087469  0.00193509
   0.05894004]
 [ 0.0039917  -0.07565435 -0.05754201 ... -0.05095549  0.05879218
   0.07228767]]
[ 0.0645544   0.04065846 -0.03672506  0.09369658  0.10832528 -0.00411891
  0.0510042   0.00555545  0.13495961  0.0180758   0.00629109  0.07219606
 -0.00361777  0.00820341  0.04502149 -0.04406424  0.00069731  0.07681348
 -0.00112352  0.1114516   0.0420622  -0.00784004  0.0592398   0.04763623
 -0.01416024  0.09309928  0.02650143  0.13010005  0.04052914  0.05469843
  0.05291226 -0.00063994  0.02845819  0.03936883  0.08338066  0.0700804
  0.16437397 -0.03539836 -0.02885963  0.03403575  0.03029088 -0.03461318
  0.02584881  0.31596983  0.06750497  0.08632939  0.12788693  0.04452873
  0.01334655  0.11860372  0.06956007  0.10328803  0.09526577  0.06989258
 -0.09158133 -0.04056553 -0.08867266  0.08445856 -0.00717636  0.05175091
  0.05318384  0.05029769  0.00343019 -0.03974705  0.03633437  0.01397415
  0.23983938  0.05628443  0.06780365 -0.05143401  0.05273376  0.04484288
  0.09877084  0.09069484 -0.11002965  0.01221682  0.13026413 -0.01217634
  0.01856101 -0.00118921  0.09028748  0.08980513 -0.05334731 -0.01933639
  0.04993744  0.09826307 -0.02130865 -0.02353071  0.0346733   0.05544195
  0.10592444  0.08580287  0.02646793  0.05451662  0.01166106  0.03056436
  0.08875021 -0.02523679  0.10261085  0.0216001   0.05621403 -0.01577075
 -0.04301667  0.01556931  0.12679892  0.0411918  -0.11907711  0.09714463
  0.02647167  0.07782847  0.09355772  0.04028095  0.00051595  0.03165314
 -0.00238925 -0.03640988  0.11139685  0.05261817  0.00659438  0.02062914
 -0.0042308   0.03710995 -0.07369687 -0.02532651 -0.03559908  0.07609938
 -0.002531    0.0496964 ]
[[ 0.1498541   0.01820445 -0.01731692 ...  0.12997754 -0.23480527
   0.17683147]
 [-0.0672253   0.23130117  0.11544807 ... -0.23013096  0.04604803
  -0.08619921]
 [ 0.10510908  0.11257742  0.09612483 ...  0.08153614  0.13779928
  -0.00361661]
 ...
 [-0.13450342  0.07679366  0.04943179 ...  0.11561078  0.00086383
   0.14226986]
 [ 0.08674632 -0.0873585   0.10425199 ...  0.15971917 -0.03975679
   0.04292153]
 [-0.07929127 -0.19347227  0.19477646 ... -0.09295962 -0.14763877
   0.10897928]]
[ 0.01272496  0.0132381   0.02716705  0.04071056 -0.00203138  0.03400321
  0.00200395 -0.01463919 -0.02617319  0.00903671  0.00123982  0.05669548
  0.08886863  0.02221964  0.02984892  0.04632249  0.05000139 -0.01158508
  0.08437709 -0.08108459  0.00502843  0.06011685  0.03179729  0.05474053
  0.09567459  0.08851029 -0.00538857  0.03344829  0.06874993  0.00626861
  0.10987615 -0.01789918 -0.02941268  0.00528644  0.02496197  0.09523533
  0.04713461  0.17600795 -0.00275368  0.00084456 -0.06559951  0.00254934
  0.02580584  0.04871134  0.01515612  0.03100658 -0.04445952  0.01991194
  0.03093165 -0.01019321  0.04684104  0.00273682  0.00484047 -0.04240639
  0.0780349  -0.01221746  0.0279501   0.0239375   0.01099611 -0.0018663
 -0.03203082  0.03559688 -0.00135878 -0.00616545 -0.03326877  0.0335193
  0.0319306   0.02213719  0.04716591 -0.01515849  0.03899196  0.06624917
  0.01566771  0.09191553 -0.08140142 -0.00114223  0.12724244  0.02747927
  0.01200645  0.05165112 -0.02431    -0.00552167 -0.03039597 -0.0506486
  0.06606313 -0.00615572  0.06600553  0.01461821  0.01365435  0.1225853
 -0.07298734  0.03346553 -0.00122763 -0.0515837  -0.05285774  0.03685587
  0.01156743 -0.00758245  0.00208379 -0.09049208 -0.0024874   0.05622161
  0.02460566  0.05598106  0.0876157  -0.01927181 -0.00545628  0.08941924
 -0.01117862 -0.00194355  0.03050321  0.01488709  0.00883554 -0.00150455
  0.00052831 -0.06194423  0.00891795 -0.02040858  0.03812769 -0.02887334
 -0.01576824 -0.02693784  0.0803797  -0.00897141  0.01845783  0.03856299
  0.01604664  0.07077084]
[[ 0.02703837 -0.00855415  0.13039965 ... -0.13105197 -0.01300623
   0.17085365]
 [ 0.02531575  0.04958193  0.12770299 ...  0.06387401  0.03268225
  -0.0169107 ]
 [-0.0046063   0.03421034  0.12147449 ...  0.09691372  0.14426528
   0.10730126]
 ...
 [-0.08341748  0.1091873  -0.00271994 ... -0.07504682 -0.10906277
   0.06874342]
 [-0.08298587  0.1034862   0.11594406 ...  0.14610747  0.06770886
  -0.06666603]
 [-0.15305394  0.09811821  0.04683398 ... -0.06350142 -0.04714127
   0.05154168]]
[-6.99267195e-03 -4.85659397e-02 -5.62988643e-02 -1.80952923e-02
  3.70488024e-03  4.43708048e-02  1.96495393e-02 -1.57093638e-03
  1.17476137e-02  2.61611445e-03  5.13016428e-02 -4.89456275e-03
 -5.80416814e-04  3.73027238e-03  8.34774037e-02 -5.44659979e-02
 -1.88355760e-02  3.23863640e-02  1.08347260e-02 -3.01546213e-02
 -1.37707692e-02  5.75583343e-02  5.47772799e-02  1.08052464e-02
  5.32968439e-04  8.79323641e-03  2.34817552e-02  4.73812347e-02
  2.36828134e-02  2.33867984e-02 -1.36694041e-02 -4.66347104e-04
  5.83728367e-02  7.65623784e-02 -2.90286773e-02  3.81167884e-02
 -1.25222313e-03  1.44595281e-05  7.79705211e-02  6.48126621e-02
  5.69681721e-02 -5.02667497e-03 -2.67241159e-02  1.00812336e-01
 -9.07515114e-04  3.65729717e-02 -3.31962668e-03 -5.36928117e-03
  3.18676808e-02 -1.07771072e-01  4.72326547e-02  4.72529014e-03
  9.30318166e-02  3.33012356e-02  9.70678485e-02  1.67875054e-02
  1.55337467e-02 -3.03710762e-02  4.36872430e-03  3.80581009e-02
  1.04775930e-01 -4.36634371e-03  1.37073788e-02  5.21486233e-02
  7.78316018e-02  2.14094875e-03  4.24445926e-02 -1.15906901e-02
 -6.50491408e-02  1.61174536e-03 -1.02695521e-02  5.00143735e-02
  2.51706283e-03  3.76362200e-04  6.59696355e-05 -1.18956015e-02
 -6.21158000e-03  7.55185510e-03  2.18863645e-02 -5.01705175e-02
 -4.39901161e-04  1.39625244e-01 -3.31895336e-04  4.86108539e-02
 -1.44752506e-02  4.54719606e-02 -1.34771746e-04  7.13200248e-02
 -4.30466215e-03 -3.74442207e-03  1.70799733e-02  6.10699247e-02
  5.95513336e-03 -6.25941153e-03 -2.67633011e-02 -1.40660869e-02
 -2.13848320e-02 -1.70733898e-02 -4.77365554e-03  4.29803861e-02
  3.39424841e-04 -1.99821663e-02 -1.29534772e-03 -1.27755972e-02
  1.05334433e-01  6.30272010e-02  2.68557763e-03 -3.25464240e-03
 -5.30914439e-02  3.31308534e-02  9.28291438e-02  1.65932245e-02
  9.98783878e-02  8.04472952e-02  3.62751692e-02 -4.20246222e-03
  1.48121561e-02  4.33633860e-02  7.82322901e-02  6.05779805e-03
  1.25162207e-01 -2.66884105e-03 -2.75503816e-02 -6.28388695e-02
  1.67032831e-02  1.26699596e-01  1.33938319e-02  1.78438374e-02]
[[ 0.13134026 -0.08272481 -0.11604535 ...  0.08881376 -0.02991795
  -0.06469298]
 [-0.17671163  0.18306773  0.03546835 ... -0.1573777   0.10792578
  -0.09862777]
 [ 0.10375257 -0.02352026  0.02926313 ... -0.13004236 -0.0377127
   0.04059741]
 ...
 [-0.0114421   0.00428751  0.11666692 ...  0.04765151  0.13623074
  -0.03490313]
 [ 0.03297358 -0.12251294  0.05863518 ... -0.16758075 -0.09188873
   0.15935469]
 [-0.12357503  0.08435302  0.13612183 ... -0.12709064  0.09613273
   0.05851044]]
[ 1.70721941e-02  1.06959370e-02  3.73536186e-02  1.52894901e-02
 -6.49986317e-04 -1.05362622e-02 -4.09756379e-02 -4.98400177e-02
  3.63508903e-02  1.17083962e-02  2.83725204e-02  5.77863276e-02
  1.02201987e-01 -8.75794061e-03 -2.46700456e-02  5.08068831e-02
 -2.77251730e-03 -2.07818064e-02  6.30099926e-02  5.81471267e-03
  4.21276860e-02 -3.87212003e-03 -9.95834287e-03  9.98708913e-02
  3.31702551e-02 -1.05636474e-02 -5.75412475e-03  7.79774396e-02
 -7.05438060e-03 -4.44834181e-02 -3.24814422e-04 -3.44142234e-02
  7.81013865e-03  6.78972986e-02  6.47746381e-04 -1.25260209e-02
  2.55527354e-03  7.68143600e-02  6.13712281e-02  3.74277000e-02
  1.75115568e-02 -2.95167974e-02  1.03157216e-02  3.31951452e-04
 -1.68289628e-03 -8.75003338e-03  1.15506470e-01 -4.37562950e-03
 -1.85545520e-02 -1.42168729e-02  1.20839913e-02 -3.86564110e-02
  2.08510278e-02 -6.01756159e-02 -6.16570781e-03  4.83405621e-02
  8.45958490e-02  1.45686499e-02 -7.62394624e-04  4.78846542e-02
  3.21294864e-02 -3.41289461e-03  3.96703161e-05  2.63584162e-02
 -9.43098761e-02  4.97941828e-03 -4.98603426e-02  2.57936847e-02
 -2.72800837e-02  2.16253685e-02 -4.52492870e-02  3.65501158e-03
 -6.14691791e-03  5.17726974e-03  4.31204333e-02  4.71346882e-02
  1.02392725e-02  7.33088699e-02 -8.93268444e-03  1.67128126e-03
  9.00558107e-03  1.10785601e-04 -1.37778289e-02 -1.85697700e-03
 -4.93581872e-03 -4.97042382e-02  5.52535525e-02  6.32888818e-02
  1.25004263e-01  3.81991524e-03  7.87760799e-02 -6.05368045e-03
  6.43254825e-02  5.36788459e-02  3.49341031e-02 -1.02762077e-02
 -1.12696494e-03  3.25296364e-02 -1.12401280e-02 -4.72557697e-02
 -6.23740176e-02 -3.22260358e-03  5.40701003e-02  1.55063973e-02
  7.04523361e-03  2.38921245e-02  2.81185384e-02 -1.01910469e-02
  2.55369804e-04  4.03169525e-03 -6.34713864e-02 -1.29463976e-04
 -2.27524629e-02 -2.32899944e-03 -1.25828074e-02 -3.22605329e-03
 -1.26439223e-02 -6.26721945e-02  8.41075072e-03  6.66432875e-02
 -7.24498712e-02  1.91924010e-04 -3.23656922e-02 -3.26946472e-04
  8.07025200e-02  1.25227930e-02 -2.34352446e-02  1.87752333e-02]
[[-0.1963865  -0.09892267 -0.29912367 ...  0.0788346  -0.1446213
   0.07451987]
 [ 0.0929293   0.02026947 -0.16407705 ... -0.14649504  0.00516924
  -0.07284227]
 [ 0.24588397  0.03324014 -0.03371766 ...  0.17514555 -0.23571719
  -0.16842974]
 ...
 [-0.07727263 -0.05284573 -0.15893046 ... -0.11976213  0.13703275
  -0.08394176]
 [ 0.19971062  0.04928338  0.1649453  ...  0.06420179 -0.15321978
   0.01804122]
 [ 0.05817169  0.19514373 -0.11835693 ...  0.05597227  0.09520211
  -0.16625072]]
[ 0.00551513 -0.01281358 -0.02061343 -0.04396487 -0.07483468  0.06804265
 -0.07947959 -0.00676966 -0.06840417 -0.0293822  -0.0146824  -0.06094112
  0.06929347  0.07468596 -0.1230785   0.09178574 -0.02076336  0.00698803
 -0.00481507  0.10113063 -0.01666349  0.10967061  0.04121361 -0.00551926
 -0.02041188  0.08444188  0.04389033 -0.04134468  0.04214405  0.15687562
  0.01467896  0.0058616   0.05513287 -0.04143436  0.07969549 -0.00991116
 -0.15583556 -0.04762302  0.00519787  0.03486039 -0.14202068 -0.03832765
  0.08274629  0.048132   -0.10048227 -0.06644695  0.02458041]
