[[-0.06298376  0.04033326  0.00565984 ... -0.03173631 -0.03409394
   0.06090115]
 [-0.02879848  0.00208955 -0.00201497 ...  0.02038408 -0.05115118
  -0.0565039 ]
 [ 0.01217021  0.02125092  0.07704488 ...  0.03753549  0.00910779
   0.01801117]
 ...
 [ 0.03276375 -0.01979785  0.05563458 ... -0.04904505  0.06957242
   0.02088568]
 [ 0.06236814 -0.05168687  0.05783358 ...  0.04331096  0.00771745
   0.05917633]
 [-0.04870856 -0.03874058  0.06874273 ... -0.01787744 -0.00844527
  -0.02106386]]
[ 0.06010301 -0.01180317  0.04309945  0.10767776 -0.14425819  0.01224578
  0.00192095  0.00547098  0.10202686  0.12953183  0.13197592 -0.01248688
 -0.05349718  0.01014853 -0.0479506   0.13200917  0.0352877   0.00983532
  0.09182416 -0.0602108  -0.07228914 -0.01956417  0.145675    0.11161671
  0.07301782  0.01361059  0.16436014 -0.00797329 -0.0662993  -0.03024026
  0.06498577  0.01424366 -0.00896635  0.1105586   0.0532349  -0.01787283
  0.03513703  0.16363073  0.02618649  0.07808388  0.08162728 -0.02234082
  0.11520044  0.10472289  0.02312957  0.03921815  0.0656159  -0.10391129
  0.05396145  0.05064753  0.03432813  0.05790369 -0.01068955  0.01406264
  0.1254858  -0.01585799  0.13754181  0.08657747  0.03203802  0.09914647
 -0.01715547 -0.00337575 -0.06673653  0.15659147 -0.05714921 -0.00104828
  0.03680613  0.01060966  0.0239726   0.04781091  0.07054842  0.00979337
  0.10477993  0.05128346  0.04997169  0.03641297 -0.11204286 -0.12152684
  0.04813596 -0.05944468  0.01292691  0.07964689  0.00374434  0.1428982
 -0.00073345  0.07439737  0.09875775  0.11083576  0.01639332  0.04336927
  0.02682654  0.07035698  0.08624029 -0.02868165  0.09740035 -0.11285047
  0.01255917  0.0785696  -0.01090273 -0.09464046  0.06591936  0.01617226
  0.01750795  0.01911784  0.06985649  0.0083762  -0.0250085   0.05613463
 -0.00761136  0.10712499  0.03860222  0.0351224   0.11899924  0.04893853
  0.05777846  0.0173608  -0.01753726 -0.0278046   0.04027863  0.12482527
  0.13202502  0.01638989  0.09947707  0.00558276 -0.02841204 -0.05728815
  0.05315228  0.11237605]
[[ 0.08276424  0.02950449 -0.09925336 ...  0.03088415 -0.07508341
  -0.10599919]
 [-0.15478761  0.1317794   0.06966759 ...  0.05018371 -0.0287849
   0.10592711]
 [-0.13381877 -0.09747682  0.03713988 ... -0.07032961 -0.15530402
  -0.11917444]
 ...
 [ 0.01330746 -0.1499781   0.05592849 ... -0.08944056 -0.11149427
  -0.05695194]
 [ 0.0824353  -0.06461569  0.00661439 ... -0.03833115  0.06864634
  -0.01789221]
 [-0.01013032  0.21352783 -0.17399771 ...  0.1517727   0.14602909
  -0.0392263 ]]
[-0.02227348  0.02500311 -0.01922231  0.02323716 -0.13708218 -0.02012002
  0.03892564 -0.01272904  0.02327575  0.00880244  0.02730377 -0.00394632
  0.02992606 -0.00112301  0.08313564 -0.02465642  0.00602048  0.03673595
 -0.00183762 -0.02872964  0.01377208  0.05087794 -0.03812225 -0.05963617
 -0.00397324  0.00758946  0.0398684   0.06244225  0.05954256  0.10136956
  0.00114713  0.04281857  0.02993302 -0.08180435  0.08560273 -0.06205043
  0.00916905  0.00835044 -0.00766941 -0.04353559  0.06096204  0.08543763
  0.02830872 -0.01863713 -0.01453362  0.0203047  -0.04446506 -0.00037847
  0.13098557  0.00652803  0.13440868  0.09552783  0.08412219 -0.11924976
  0.08272389  0.01295914  0.0674291   0.12998192  0.0128837   0.07949535
  0.01995638  0.0170162  -0.002954   -0.01597706  0.03630194  0.04123917
 -0.0186979   0.05841636 -0.00194686 -0.01507516 -0.0067176   0.05233173
  0.07438732  0.01370922  0.04097621  0.01967656  0.00452537  0.005934
 -0.00840568  0.06442739  0.03633946  0.05947531  0.04908465  0.0691067
  0.01366497  0.00852865 -0.04713237  0.03784924 -0.00096443 -0.017649
  0.04866466  0.01406819 -0.00284469 -0.00501541  0.05549049 -0.03550141
 -0.04171401  0.00783605 -0.00794375  0.00800524 -0.02120112  0.06788631
  0.02175511  0.01206195  0.00545359  0.02923597  0.06269434 -0.02493697
 -0.00160813 -0.00291108  0.09917638  0.05234283 -0.00183131  0.03433756
  0.03272833 -0.0178257   0.0633638  -0.00017682  0.00359427  0.10168094
  0.06620512  0.03800899 -0.06091246  0.01910019 -0.0159252   0.09173821
  0.04573452  0.09698815]
[[ 0.05722749 -0.0310627  -0.13095874 ...  0.07689513  0.11513492
   0.12039026]
 [ 0.06131517  0.08744954  0.02902279 ... -0.00991794  0.12027083
  -0.15099039]
 [-0.05990568  0.12324608  0.03829234 ... -0.08261281 -0.13211282
   0.03770958]
 ...
 [-0.2040236   0.07932618  0.01920377 ... -0.10269226 -0.04737222
  -0.04287869]
 [-0.12428867 -0.05907968  0.07860987 ...  0.23055981 -0.01395269
   0.00226207]
 [-0.10088749  0.14301774 -0.11800065 ...  0.25125688  0.15779292
   0.04704511]]
[ 2.90495354e-02 -2.61246846e-02  3.38554052e-02  2.11243444e-02
  8.23820337e-03  5.52877167e-03  3.65026449e-02 -2.69340741e-03
  1.38998406e-02 -3.04279261e-03  1.51828852e-02  3.09352988e-02
  3.16170277e-02 -3.49738455e-02  3.10931494e-02 -1.01322409e-02
  4.24984006e-02  9.29522982e-02  2.47533541e-02  3.07826998e-02
  6.05270971e-02  5.90023942e-02 -5.75457819e-02  4.96613139e-02
  3.22228093e-02 -2.14401410e-02  2.10540805e-02  5.60512010e-02
  3.73518646e-02 -3.15818728e-04 -7.90923649e-03  3.91118919e-02
  4.60666943e-02  5.04564462e-02  6.59840636e-02 -3.62346813e-03
  4.06452273e-02  1.55366145e-01  1.52930180e-02 -1.13243115e-02
 -2.27332978e-02 -7.16413001e-04 -3.90619375e-03  3.54350241e-02
  5.90588119e-03  2.58952865e-02  5.84711458e-02 -5.01496614e-02
 -2.05733075e-02 -4.20401973e-02  6.00112371e-02  2.42679147e-02
 -2.58210903e-02 -2.27836648e-02  3.49734101e-03  9.16496199e-02
  5.73072331e-03 -5.85056821e-03 -6.01742825e-03 -1.57384344e-02
 -2.35678339e-02  4.27089257e-02  1.23261854e-02  2.59798396e-02
  6.08163552e-02  5.45788033e-03  1.32695561e-01 -4.85969511e-02
  6.54548254e-03  2.92721424e-02  4.82144357e-02  3.97175784e-02
 -5.99722793e-03 -3.96017642e-03  2.64769418e-02  2.55310100e-02
  3.52109545e-03 -9.30472490e-05  8.76216315e-03  8.27094464e-02
  3.92340264e-02 -1.21663329e-02  2.87614102e-02  7.36156967e-03
  8.31017568e-03  1.30462944e-03 -5.31006036e-02  5.90714957e-02
  1.27318129e-03  3.97502274e-02 -5.97223597e-03  4.23978083e-02
 -1.41240524e-02  7.57382055e-03  1.86904449e-02 -7.18788515e-02
 -9.29588259e-02  4.53705764e-02  6.41282631e-03  1.30466552e-02
 -7.29942220e-03 -3.07619100e-02  8.00307636e-02  5.40890306e-02
  3.22615811e-02  3.37117571e-02 -1.37266207e-02  1.43461796e-02
 -3.71798577e-02  1.24661412e-02  3.28003491e-02 -6.21650347e-03
  5.84189260e-03  4.17028406e-02 -7.36832732e-03  1.96754326e-03
  4.46665652e-02 -4.96106019e-03  8.02358842e-03 -7.39319785e-02
  8.62169577e-02 -5.13032094e-03  1.22253808e-02  2.36880401e-02
  4.21600546e-02 -1.10229074e-02  3.80794435e-02  8.73426893e-02]
[[-0.05362302 -0.02991411  0.07499304 ...  0.06408311  0.16693779
  -0.2101884 ]
 [ 0.10515524 -0.01739862  0.04239851 ...  0.03631551 -0.13229899
   0.16790552]
 [-0.03248051 -0.15826601 -0.021445   ... -0.13489135 -0.08299041
  -0.17316466]
 ...
 [ 0.04262455 -0.21547666  0.05747993 ... -0.0569408   0.21434153
  -0.09231281]
 [ 0.20746402 -0.07276209 -0.15545499 ... -0.03483835  0.0588122
   0.11890047]
 [-0.0555542   0.05231465  0.00667998 ... -0.12724892  0.13696548
  -0.12165984]]
[ 0.0492133   0.02734074  0.00336535 -0.00718106 -0.06090829 -0.00602438
  0.11671166  0.00444504  0.04211932 -0.02955951 -0.07496988 -0.00446066
  0.04524172 -0.054157    0.02595662 -0.04517114  0.06706586 -0.02071932
  0.00357368  0.12524983  0.01250914  0.05227662 -0.0070488   0.07626027
  0.01523562  0.07021975 -0.02231611  0.05860934 -0.01214239  0.04924209
  0.02811498  0.0436315   0.0277838   0.00044861  0.06264053  0.08667101
  0.04339012 -0.01925812 -0.03155701  0.03425242  0.04894214 -0.02398477
  0.02165331 -0.01012533  0.00136298 -0.01211644 -0.04226154  0.06457132
  0.04076858  0.02958614  0.04631231 -0.00169559  0.05765256 -0.00788433
  0.01523366 -0.01537127 -0.00104494 -0.02862485 -0.01436087  0.00410406
  0.0396884   0.07073111  0.04826199 -0.01430815  0.01187384  0.01936274
 -0.01108088  0.06629889 -0.05988478  0.01336167  0.02496442  0.04129892
  0.07658688  0.03013949 -0.01053106  0.06332722  0.02833454 -0.05694614
  0.04938718  0.01746311  0.00449965  0.00882955  0.03097898  0.03972049
  0.05290453  0.02364221  0.03266615 -0.06701784  0.01910329 -0.04787086
  0.01580686 -0.01035648 -0.00565431 -0.00710426 -0.0340263   0.01342162
  0.00489226 -0.01279184 -0.03556254 -0.09695324  0.03498938  0.00590681
  0.03957797  0.01824894  0.06064605  0.00499252  0.01888288  0.02543995
 -0.05063877 -0.03493243  0.01162272 -0.01052235  0.05600777 -0.08004543
 -0.01443099  0.03151694  0.01826047  0.02411803 -0.0279304   0.05660147
 -0.00068216  0.06185439 -0.00013921  0.04105629 -0.02648576  0.04026453
  0.05102259  0.02992385]
[[ 0.12269775  0.10264381 -0.16040973 ...  0.03335379 -0.11668584
   0.08439637]
 [ 0.08584192 -0.38289136 -0.06385958 ... -0.21249622  0.1853784
  -0.15509022]
 [-0.28181601 -0.01411332  0.22456136 ...  0.23484807  0.27735098
  -0.05016192]
 ...
 [-0.00199464 -0.15855716 -0.03766045 ... -0.08668475 -0.19819903
   0.07113232]
 [ 0.06454865  0.29000235  0.03917961 ... -0.00344236 -0.31085087
  -0.24117136]
 [-0.08423091 -0.3294291   0.22563894 ...  0.27405331  0.22306082
   0.0928634 ]]
[-0.01786997 -0.03511462 -0.00255895 -0.07109089 -0.02276142  0.04240749
 -0.10181988 -0.01545071 -0.10042355  0.00739935  0.06099184 -0.08234728
  0.04789204  0.01531883 -0.05457136  0.12287718  0.0613243   0.0532992
  0.02722756  0.11317397 -0.00426071  0.11814822  0.03992009  0.0581509
 -0.06667121  0.02676322  0.03028364 -0.01306663  0.05823069  0.09422089
 -0.04464445  0.03112442  0.03222135 -0.0548354   0.10718441 -0.08631699
 -0.09988085 -0.02845789 -0.00441747 -0.05250931 -0.04938705 -0.0082464
  0.09535923 -0.0072694  -0.14581189 -0.06879098 -0.00494353]
