[[ 0.06712143  0.02291597 -0.08313665 ... -0.06416904  0.0631506
  -0.0555118 ]
 [-0.06709413  0.0004547  -0.06271537 ... -0.03610249 -0.04857593
   0.02682755]
 [-0.06500531 -0.05141811 -0.06314149 ...  0.08032188  0.02298359
   0.05023287]
 ...
 [-0.03601656  0.07282374 -0.03521142 ...  0.08409708 -0.08191671
  -0.02091474]
 [-0.07219951 -0.07080015 -0.03936122 ...  0.07557968  0.04217956
   0.014563  ]
 [-0.05896661  0.08415133 -0.07761392 ...  0.02059372 -0.00210129
   0.03623661]]
[ 0.27269045 -0.0519223   0.03045981  0.20093868  0.00066949  0.21116682
  0.07616902  0.20003761 -0.41946095  0.18478001 -0.09977273 -0.07476291
  0.07081229  0.21597096  0.01311022  0.06502755 -0.05777951  0.06491634
  0.17016245 -0.05073462 -0.06830318 -0.17577173  0.1212101   0.12081178
  0.31253596 -0.02516144  0.00167856  0.22775273  0.31480053  0.07721373
 -0.07182811  0.04014392]
[[-0.32231017  0.27101162 -0.63604622 ...  0.0166958   0.01597512
   0.2963386 ]
 [-0.30171715 -0.14129478  0.01370166 ...  0.10201897  0.2831936
   0.18317509]
 [-0.72958668  0.09277622 -0.20245655 ... -0.13114421  0.07671281
  -0.05975736]
 ...
 [ 0.09239599 -0.03026312 -0.11005131 ...  0.20534245  0.64806406
   0.64838932]
 [ 0.05419512  0.3136613  -0.4369936  ... -0.61069475 -0.40274041
   0.05349101]
 [ 0.08190892 -0.29231093 -0.19882517 ...  0.26234219  0.02910399
  -0.12197961]]
[-0.08464102  0.25076563  0.11063493  0.16511762  0.15075937  0.156501
  0.28788027  0.15049786  0.09400423 -0.07192176  0.22267076  0.01473305
  0.14974677  0.04349508 -0.01995755 -0.14208544  0.03640492  0.07036215
 -0.17979407  0.08097434  0.01277282  0.01792931  0.01832733  0.07796639
  0.11299815  0.01339105  0.20144161 -0.28524091 -0.17774672  0.12801862
 -0.04919895  0.05671271]
[[ 0.02052028  0.17485819  0.50730286 ...  0.20044939 -0.40682207
   0.14773156]
 [-0.02244934  0.18514418  0.09503433 ... -0.16665106  0.07885067
  -0.24490934]
 [-0.12124218  0.02922859 -0.11046444 ...  0.11290331 -0.19012052
   0.009187  ]
 ...
 [ 0.35491613  0.14603411  0.20345459 ... -0.43525737 -0.23359708
  -0.09751624]
 [ 0.3514762  -0.14559131 -0.40505734 ... -0.78100619  0.6722341
   0.05696936]
 [-0.42986345  0.06955406  0.19522191 ...  0.18188046  0.37759082
   0.26915937]]
[ 0.25466012 -0.0159258   0.01525422 -0.22804195  0.12513102  0.20488726
  0.07458225  0.09882397 -0.05201289  0.19234859  0.03063249 -0.02863337
  0.09324324 -0.05962422  0.00317195 -0.16010546  0.18864523  0.2438063
  0.16710662  0.06740886  0.06822783 -0.20237606  0.20556215  0.09617157
  0.08923775  0.00721688  0.14383751 -0.01704664  0.04904374 -0.17657513
 -0.03111319  0.07250115]
[[ 0.17495262 -0.25025323  0.33241363 ...  0.02756911  0.01640869
  -0.2259786 ]
 [-0.30337311 -0.2098533  -0.20497952 ... -0.33161863 -0.08625272
   0.29975171]
 [ 0.26952511  0.0991624   0.04635636 ...  0.36699094  0.55821116
  -0.29115154]
 ...
 [-0.14062445  0.05093497  0.06546224 ...  0.18419646 -0.13250553
  -0.20793768]
 [ 0.092981    0.26034486  0.15806336 ... -0.01338498 -0.16693454
  -0.0305763 ]
 [-0.13419716  0.22639773  0.25817517 ... -0.53736728  0.28626077
   0.23117749]]
[-1.17371123e-02 -7.88578815e-02  7.32080070e-02  2.04658660e-02
  1.85557551e-01  6.30728718e-02 -1.04710722e-01 -7.20789725e-02
  1.18760910e-01  2.74341995e-01 -5.39956145e-02 -2.46143194e-01
  3.66474004e-02 -1.37915473e-02 -9.24733796e-02  2.03394485e-01
 -4.25451275e-01  1.28153469e-01 -2.54166945e-02  5.63635701e-02
 -2.32723021e-02 -7.35100325e-05  2.63652292e-01  6.11861886e-03
  2.64235287e-01 -4.02581093e-02 -2.07494118e-01 -3.29012976e-02
 -6.25840909e-03 -3.57478734e-03 -2.51886766e-03  9.06201650e-02]
[[-0.22359022 -0.09000768 -0.18597585 ...  0.20906817  0.00559697
  -0.21379198]
 [-0.02053832 -0.10282615  0.16564686 ... -0.07225419 -0.20428437
  -0.26588161]
 [ 0.57116919  0.33704344  0.51012601 ... -0.21650873 -0.03178592
  -0.18430343]
 ...
 [ 0.36672526  0.42432397 -0.28228996 ... -0.22325434  0.27002873
  -0.08060725]
 [-0.20953499 -0.17678041  0.24707041 ... -0.23703365  0.00738354
   0.14925892]
 [ 0.142227   -0.40877588  0.08497028 ... -0.0036675   0.03300916
  -0.0671026 ]]
[ 0.07013888 -0.04208555 -0.07866922 -0.02340214  0.03076207  0.06587806
 -0.32062099  0.0996235  -0.36084707 -0.02107774  0.022448    0.16481202
  0.20350683  0.09166167 -0.28230134  0.41936628  0.08847842  0.10071176
  0.00342722  0.36086162  0.06904804  0.49655473  0.07026457  0.17056902
 -0.08557674  0.04324494  0.26425776 -0.121336    0.11406809  0.28681469
 -0.12065783 -0.07205718 -0.10700692 -0.23062409  0.16855997 -0.29386778
 -0.41168885 -0.01622259  0.07962765 -0.27923047 -0.06862558 -0.18969223
  0.18308204  0.03588904 -0.30308979 -0.25392633 -0.02105044]
