[[ 0.03100801  0.04906156  0.08258521 ...  0.08389682 -0.0491943
  -0.03858014]
 [-0.0065008   0.01364752 -0.01516815 ...  0.03465652 -0.07177672
   0.05543345]
 [ 0.05164221  0.04642675 -0.0336795  ...  0.00640177  0.00541005
   0.02807112]
 ...
 [-0.0589144  -0.0507383  -0.00166837 ... -0.05180763  0.03487353
  -0.04246657]
 [-0.03615526  0.02717079 -0.03748767 ...  0.0695759  -0.00733425
   0.07431101]
 [ 0.02585578  0.05684299 -0.08064911 ...  0.04272027  0.05521974
  -0.08058315]]
[ 0.02412239  0.51351008  0.34741745  0.54627909  0.37211903  0.73949845
  0.46768429 -0.41176688  0.64345793 -0.03600859  0.88920135 -0.38311131
  0.30461251  0.72730822  0.18329114  0.33758074  0.58832043 -0.54692629
  0.93733036  0.28194164  0.26600216  1.38048074  0.12311609  0.31996493
  0.52169063  0.71564642  0.8776041   1.55966938  0.43823484 -0.13272265
 -0.54114591  1.15417349]
[[ 0.22457212  0.07188755  0.14305054 ... -0.02409202  0.81189214
  -0.0325154 ]
 [ 0.30631589 -0.12269105 -0.02548119 ... -0.42303274  0.06094351
  -0.87546251]
 [ 0.99232203  0.18540462  0.16381428 ... -0.02034796  0.0633113
   0.37574817]
 ...
 [-0.22338159 -0.21238623 -0.19189712 ... -0.12616632  0.62585125
  -0.30095626]
 [ 0.02163313  0.05305195 -0.32257654 ...  0.31648873 -0.31188155
  -0.46729847]
 [ 0.03885229  0.21882176  0.67843752 ...  0.27158052  0.01648875
   0.31119893]]
[ 0.1406671   0.70937421 -1.14090211 -0.51042343  0.50543375  0.04511509
 -0.20377033  0.3469934   0.3099971   1.2171519   1.03547396  0.70818222
  0.27758341  0.38995521  0.48153285  0.9114837   1.81590485 -0.74779484
  0.27394248  0.70923766  0.87400408 -1.3972338   0.62319134 -0.02344481
  0.27016002  0.20146414  0.81236976  0.66533618  0.52957543 -0.01584561
 -0.08296068  0.26829439]
[[ 0.18500693 -0.21250343 -0.1428612  ...  0.3024426  -0.40439789
  -0.3057284 ]
 [ 0.50551107 -0.03591218  0.3514046  ...  0.25166842 -0.55747059
   0.16077487]
 [ 0.75021187 -0.15574016  0.54900825 ...  0.26995093 -0.04209647
   0.09337386]
 ...
 [-0.07543243 -0.49593088 -0.39314693 ... -0.36278224  0.2209148
   0.52861776]
 [ 0.06196832 -0.35142175  0.32643724 ... -0.12133386  0.16892273
   0.38275369]
 [-0.15817325  0.31294859  0.13351028 ... -0.03431685 -0.4000559
   0.03069045]]
[ 0.39567568  0.13231699  0.22225206  0.04470726  0.88036343  0.05161312
  1.41760796  0.3166276  -0.34161255  0.09550032 -0.2026829   0.44165113
 -0.16316481  0.73877416 -0.60391466  0.16872443  0.22014197 -0.094705
  0.04817944  0.39837843  0.64688414  0.82826748  0.70618628  0.75421702
  0.37997859  1.95374888  0.08748182 -0.175622    0.13184756  0.13770942
  0.31299165  1.15165417]
[[ 0.17529734  0.41633998  0.03293201 ... -0.17955009 -0.68074732
  -0.11681979]
 [ 0.09980572 -0.17801033 -0.13103814 ... -0.31090031  0.18134333
  -0.16266583]
 [-0.21211458  0.20819255 -0.15400965 ... -0.44922092 -0.06477757
   0.33971302]
 ...
 [ 0.0401743  -0.38049434  0.15872054 ...  0.1939712   0.15638903
  -0.3986253 ]
 [-0.19257907  0.2207998   0.1988694  ... -0.20680257 -0.04369205
  -0.04942795]
 [-0.15891588 -0.0317364   0.08186578 ...  0.05993137  0.01160843
  -0.04159979]]
[ 1.15768076  0.32401237  1.75991617  0.40580711  0.4615301  -0.28172848
  1.06652487  0.11589137 -0.25323149 -1.50870917  0.96331509  0.07224251
  0.91582138  0.31199551  0.23070255 -0.33474665  0.89550127  0.48714747
  0.17344596  0.63705825  1.16381739  0.08507634  0.17420514  0.12604347
  0.2242745  -0.22767338  1.18809974  0.13634831 -0.13994593 -0.17287909
 -0.28706933  0.555132  ]
[[ 0.15054304 -0.04721498 -0.31106951 ... -0.04658489 -0.34632627
   0.11712419]
 [-0.04194071 -0.2041204  -0.65451423 ...  0.04227231 -0.37999464
   0.24705664]
 [-0.13817318 -0.05024136 -0.42212089 ... -0.03991773  0.31189537
  -0.25064998]
 ...
 [ 0.10441294 -0.08016017 -0.02247714 ... -0.19066556  0.12195406
   0.01498065]
 [ 0.06262771  0.23352284 -0.04810194 ... -0.13357064  0.071404
   0.22755868]
 [-0.03160414 -0.03806295 -0.29715717 ...  0.24915517  0.21413671
   0.35079829]]
[ 0.19357397 -0.52592834  0.0930395  -0.95643713 -0.49059164  0.59375931
 -0.71063973 -0.36096596  0.23756304 -0.24821568  0.3047642   0.84872854
  0.69290385  0.32725588 -1.0230606   0.32752785 -0.19016618 -0.02861484
  0.60152768  0.71561384  0.29648542  0.67848035 -0.01733095  1.05505327
 -0.12083611  0.16051229  1.17403964  0.21798851  0.2894299   0.37300427
 -0.25199804 -0.17253053  0.17258415 -0.1644397   0.17575079 -0.79665746
 -0.81951813 -0.40087892 -0.42088328  0.05128905 -0.48581346  0.04939262
  0.70651829 -0.4053223  -0.34636289 -1.60152542  0.20193105]
