[[-0.00354598  0.01416151  0.00767962 ...  0.02042309 -0.00549732
   0.02480589]
 [ 0.07049854 -0.05776951 -0.03283703 ...  0.00780788 -0.06771356
  -0.00545341]
 [ 0.04247903 -0.03127497  0.07212502 ...  0.0334925   0.0082464
  -0.05471395]
 ...
 [-0.0725144   0.0117992  -0.02908948 ...  0.06572197  0.03663808
   0.0177018 ]
 [-0.03468192 -0.02150716  0.00146723 ...  0.07993649 -0.07587568
   0.02981364]
 [-0.05810902  0.04452756 -0.05904504 ... -0.05500867  0.07762198
   0.06806282]]
[-4.01257261e-02  1.00048748e-01  1.60306445e-03  4.18874217e-02
  1.23455365e-01  1.59342246e-01  6.51166860e-02  4.02530236e-02
  8.61219190e-02  1.29227830e-01  2.43993815e-03  6.28910283e-03
 -9.20511716e-03 -3.78529112e-02  5.70063561e-02 -1.76458217e-02
  1.08349181e-01  1.04809006e-01  9.00975377e-02  9.70034420e-02
 -2.63255116e-02  1.08170224e-01 -1.48131368e-01 -1.48871280e-01
  9.85472122e-03  3.00112070e-03 -2.74307184e-02 -2.94956434e-02
  1.26283600e-01  7.32797280e-02  1.87137349e-01  1.29765845e-01
  1.45666695e-01  7.49100866e-02 -2.10541854e-01  1.23152490e-01
  5.90133435e-02  8.57934813e-02 -2.19210776e-02  1.85601029e-01
  4.99097439e-02 -6.84794885e-02 -2.20102839e-02  5.95399574e-02
 -3.56156165e-02  1.18293482e-01  4.78833739e-02  3.16600513e-02
  2.34384915e-01  1.35012623e-01  2.43729805e-01  9.46123288e-02
  8.71233720e-02  1.41441041e-01 -9.68994887e-02 -6.47206298e-02
 -4.74225542e-02  9.02497059e-02 -6.03683763e-02  4.79424520e-02
 -6.06976574e-02 -3.36524608e-02  1.51288142e-01  4.37543273e-03
  1.09679383e-01 -4.72238060e-02  3.24826757e-02  2.95010071e-02
  3.37832214e-02 -7.47333060e-02  7.31003456e-02  8.19520085e-02
  1.83898060e-01  1.23352881e-01 -7.42727492e-02 -1.48658727e-02
  1.33715640e-01  5.78560210e-02  6.78393579e-02 -4.07373654e-03
  1.28505925e-01  2.30229653e-02  1.18286745e-02  1.46940703e-01
  9.51938249e-02  5.51073650e-02 -1.37522393e-03  1.55136166e-02
 -1.85937866e-02  6.34600439e-02  1.22430228e-01  5.84311257e-03
  2.29883247e-03  3.35309564e-02  3.71773023e-02 -2.32229129e-02
  1.41495131e-01 -7.37359309e-02  3.67706641e-02  5.68770630e-02
  1.89836656e-02  6.56321721e-02  1.38118900e-01  1.41026828e-01
  1.61261355e-01  1.60454545e-01 -1.83627616e-02 -7.02190654e-02
 -5.19538246e-03  1.67599270e-01  3.82725842e-02 -7.05934112e-02
  6.19470842e-02 -3.90102263e-05  1.31559924e-01  1.19690506e-01
  5.72294444e-02  3.54729857e-02  5.84950671e-02  1.44103885e-02
  6.83787789e-04  7.50238267e-02  1.09173946e-01 -3.33870761e-02
  9.08079632e-03  8.46970945e-02  6.92893126e-02 -4.87551982e-02]
[[ 0.10258784  0.12902506  0.09792008 ... -0.03401187  0.04152255
   0.05321873]
 [-0.15431149  0.2389845  -0.1954508  ...  0.20852811  0.12178262
  -0.00517445]
 [-0.0052102  -0.21295605  0.03199921 ... -0.03244702  0.01866392
  -0.09754843]
 ...
 [ 0.02526326  0.06320642 -0.01767473 ... -0.1352925  -0.11400379
   0.19994542]
 [-0.07430838  0.02793993  0.1019472  ...  0.08597592  0.00765837
   0.07356447]
 [-0.01765311  0.12530761 -0.03881519 ...  0.21556291  0.0367983
  -0.03217339]]
[ 1.17966549e-02  9.50490119e-02 -8.61958822e-03 -9.45323724e-04
  1.96554544e-02 -9.46880228e-03  1.16202784e-02 -1.89932999e-03
 -1.79514988e-02 -3.88164187e-02 -5.91702493e-02  1.92079746e-02
  9.31943071e-02  1.42469158e-01  3.12974148e-02  1.21780144e-01
  4.10616484e-02  6.91836734e-02  7.08767895e-02 -5.38077244e-02
  8.21052670e-03 -1.41598464e-04 -5.45919452e-03  5.37387652e-02
 -1.44542854e-02  9.23690644e-02 -5.07037311e-02  2.46723480e-02
  4.53713176e-02  7.56779044e-02  4.80309014e-02  5.86709308e-02
  3.34726768e-02 -1.03003361e-02  9.78974872e-02  6.73742153e-02
  4.85173148e-02  8.27206047e-02 -1.48790951e-02 -3.65018512e-02
  8.23080102e-02 -1.66099804e-03 -5.94264391e-02  1.80987962e-01
  1.93095682e-02  6.54186437e-02 -9.41220198e-03  5.19776422e-02
  6.42506155e-02  8.13696615e-03  1.21611338e-01  1.51282599e-03
  8.60686059e-02 -2.31664219e-02 -5.82269879e-02 -5.71045621e-03
  7.19127474e-02  5.65597798e-02  2.62946457e-02 -6.74368545e-02
 -4.76616599e-03  6.87316393e-03  6.03331305e-02  9.73443550e-02
  2.06291344e-02  4.60262148e-02  2.90150968e-03 -4.43166666e-02
  2.79982705e-02  4.07862537e-02  1.20987768e-01  4.70009841e-02
  5.42681475e-04  3.18238513e-02  1.79330385e-02  6.89760275e-02
  4.51603640e-02  6.50726705e-02 -7.65350272e-03 -1.08838612e-02
  4.40364892e-02  9.95442115e-02 -3.67394841e-02  7.39229478e-02
 -3.16723945e-03  1.35670232e-02  6.67035514e-02 -3.53616859e-02
  6.91796920e-02  1.16447096e-01  3.95450472e-02  2.23246959e-02
  2.16433638e-02  1.26653087e-01  3.50367873e-02  2.16659645e-02
  3.17305620e-02 -1.96949417e-02  4.86553168e-02  6.40809795e-03
  2.33959111e-02  1.71244068e-02  5.50666426e-02  4.79601312e-02
 -9.86832064e-03  2.00136997e-02  4.24498876e-02 -9.17627935e-03
  1.21722196e-01 -1.06584095e-02  6.01615406e-03 -6.44902719e-02
 -7.58267479e-02 -1.67068300e-02  5.25985006e-02  2.14259056e-02
  1.09271208e-01  2.90104824e-02  3.71351330e-03  1.33177357e-02
  5.86310199e-02  4.18277426e-02 -3.74536375e-02  1.51218219e-02
  6.30106977e-02  1.46362469e-02  9.87093086e-02  4.36250713e-02]
[[-0.05805964  0.04548152 -0.01540497 ... -0.04238107  0.23559962
   0.00556063]
 [-0.1091922   0.02872241 -0.04554195 ... -0.05404791  0.24424559
   0.07904927]
 [ 0.02309424 -0.10632993 -0.0884659  ...  0.1209889  -0.0992467
  -0.1520396 ]
 ...
 [ 0.08249117 -0.03356663  0.10454153 ... -0.05112878 -0.0114912
   0.10707746]
 [-0.15496224 -0.1314819   0.00220202 ... -0.21157877 -0.01274051
  -0.16131505]
 [ 0.04412258 -0.03537873 -0.00425436 ...  0.03296999  0.29376874
   0.22170013]]
[ 0.08749964 -0.00586388 -0.03396205  0.02690245  0.01356467 -0.00104778
 -0.04470718  0.05138161  0.07863606  0.08936804 -0.00152254  0.05260614
  0.08401956  0.01511084  0.03772153  0.03682299  0.05207468 -0.03387275
  0.13118261 -0.00045498  0.04203763  0.00595239 -0.0253479   0.01683795
  0.05448931  0.00464736  0.00549704  0.0330179  -0.10221761  0.0215373
  0.04244037 -0.0107889  -0.0131274  -0.00180134 -0.00627875  0.02304233
 -0.01361835  0.01572614  0.08508411  0.09345785  0.00155157 -0.00662144
 -0.00915341 -0.0106959   0.05889736  0.0835018   0.11620246  0.02287198
 -0.00253163 -0.00312042  0.00392575 -0.0513258   0.04110395  0.04640479
  0.0169506   0.0049483  -0.00454578  0.00021014 -0.0166439   0.09431672
  0.06808054 -0.02922103  0.00031082  0.06579095 -0.04886738 -0.05536751
  0.01931404  0.02207085  0.00273404  0.01012321 -0.00038818  0.00044796
  0.06111653  0.0249326   0.02776182 -0.05059398  0.01329241  0.06193299
 -0.03055661  0.01028189 -0.04255875 -0.00525584  0.059162    0.07105887
  0.07063227  0.04564171  0.07978094 -0.00754797 -0.07138758  0.03065516
  0.04408363 -0.00646892  0.03227714 -0.04161241 -0.00277848  0.01222294
 -0.02972899  0.03845724 -0.01452707  0.00833135 -0.04413423  0.10653293
 -0.03423548  0.06748847 -0.02643743 -0.03021251  0.03962025  0.15104611
  0.05228731  0.00642643  0.05610177 -0.04095106  0.04846794  0.05552342
  0.00859872 -0.02745272  0.03309851  0.08332076  0.00065846 -0.00397194
  0.06249197 -0.0005789   0.04177796  0.00042403  0.10007974  0.03777985
  0.09827278  0.01628431]
[[ 0.16273475 -0.08262047 -0.10230042 ... -0.05071892 -0.03451912
  -0.21760817]
 [ 0.10933509 -0.13333815 -0.10154391 ... -0.08401566  0.18868096
  -0.14462847]
 [ 0.23091076 -0.05139104 -0.15020158 ...  0.1418374  -0.16280873
   0.06888295]
 ...
 [-0.06797051  0.05611168 -0.04434456 ...  0.01922762 -0.05136177
   0.05433677]
 [ 0.01442379  0.05207976 -0.00431927 ... -0.05588095  0.09156899
  -0.07490166]
 [ 0.02007334 -0.05110767 -0.02710076 ...  0.04467333  0.12089303
   0.01991207]]
[ 1.01540737e-01 -7.36192168e-02 -1.87239622e-02  2.33343866e-02
 -1.07507599e-03 -4.56615442e-02  5.20742726e-02  9.85856963e-03
 -1.07774588e-01 -1.31786281e-02 -2.84723915e-02  3.40472180e-02
 -1.63659383e-02  4.04212015e-02  1.01875162e-02 -8.72188905e-03
  1.10419375e-01  6.56103287e-02 -4.50999057e-02 -7.34302851e-03
 -2.98747472e-02  5.76381099e-04 -2.46886451e-02  3.58047818e-02
  5.34704160e-02  1.16931135e-02 -1.25761206e-02 -4.58522212e-02
  5.93154225e-02 -4.24797149e-02  2.74915577e-02  2.88340190e-02
 -1.32250629e-02 -5.82059203e-02 -2.15928625e-02  6.26843556e-02
 -9.03618564e-03  2.31444340e-02  9.26654692e-03 -2.00017354e-02
 -9.06495126e-02  2.07139183e-02  2.12826524e-02  5.70123883e-02
 -7.30962570e-03  4.36697016e-02  8.69749970e-02  1.34451651e-02
  1.00412675e-03 -9.89903525e-03  6.27339820e-02 -8.34651993e-02
 -7.60145292e-02 -5.50696071e-02  9.63090538e-02  1.64424310e-02
 -8.10550557e-04  1.29967027e-02 -7.56252391e-02  7.79972323e-03
 -9.12277591e-03 -1.03907937e-02  9.35271345e-02  1.18185099e-01
 -2.82622465e-02 -5.89117167e-03  1.14885221e-01  5.46368969e-02
 -7.67369504e-02  3.95018404e-02 -4.24355464e-02  9.31222045e-03
  4.84716508e-02 -2.01419667e-02  1.72060495e-02 -3.30593225e-03
  9.76081909e-02  1.89629268e-02 -6.02844547e-02 -2.07547284e-02
  1.53332759e-01  6.05159185e-02  2.74623450e-02  2.90794253e-02
 -3.44699123e-03  9.05388775e-02  2.57058666e-02 -1.71280588e-02
  7.62802288e-02  1.06767457e-02  1.06539306e-02  5.67331645e-02
  1.80874434e-05  2.26903266e-02 -9.76904316e-03  1.03052029e-01
  1.36586449e-01  6.40709089e-02 -1.51074137e-02  5.64586988e-02
 -3.25989932e-02  4.27990863e-02 -6.42754526e-02  4.85960956e-02
 -3.14671485e-03  9.01497044e-03  5.00494016e-02 -5.29744428e-02
 -6.64623667e-02  2.97137524e-03 -5.61341897e-03  2.05122415e-02
  7.62614663e-02 -1.35971545e-02  7.62109480e-02  2.52449254e-02
 -4.50805555e-02 -4.42489248e-03  7.61582479e-02  2.58903746e-02
  6.99082223e-03  7.52446847e-02 -1.72636909e-03  2.14637894e-02
 -1.04491963e-03  2.15267878e-02  6.32955082e-02  6.88508313e-02]
[[ 0.06150401  0.02138323  0.1034201  ... -0.00374679 -0.09446404
  -0.22038603]
 [-0.104186   -0.08162237 -0.19589857 ... -0.00467434 -0.26986068
   0.1576931 ]
 [ 0.13749516 -0.02346298  0.0370015  ... -0.14358694 -0.06496481
  -0.06063993]
 ...
 [ 0.05615453  0.17829663  0.26747984 ...  0.17709946 -0.29708468
  -0.0764826 ]
 [-0.04465217  0.19839704 -0.42530181 ...  0.16329897  0.0717602
   0.16513053]
 [-0.09306388  0.07246207  0.11616202 ...  0.00229181  0.073103
   0.09598087]]
[ 5.18322961e-03  1.29082826e-02  1.81624105e-02 -2.32184947e-02
 -4.70891813e-02  6.15273153e-02  1.77505961e-02  6.96408703e-02
 -1.09185647e-01 -5.08198263e-02  4.88031903e-02  7.37313434e-03
  2.81671899e-02  4.31382789e-02 -1.56227563e-01  1.71718005e-01
  6.89722991e-02  6.72166432e-02  2.28576812e-02  9.56466498e-02
 -3.82501977e-02  1.63227742e-01  2.65178912e-02 -2.89830063e-02
 -1.18685569e-01  1.00604260e-02  1.20017395e-01 -1.90428453e-02
 -8.04932980e-07  1.23060333e-01 -3.52680893e-02 -1.81671356e-02
 -1.74251927e-02 -6.83638247e-02  6.59594406e-02 -7.72687633e-02
 -1.33587919e-01  6.60441166e-04  1.36101953e-02 -2.47064403e-02
 -1.54271793e-01 -3.02609029e-02  1.22387874e-01 -3.13846623e-02
 -8.82480439e-02 -9.45791042e-02 -1.95325072e-02]
