[[ 0.01227723  0.0524603  -0.01057699 ... -0.02848394 -0.02451111
   0.04457701]
 [ 0.03725992  0.07924996  0.07916868 ... -0.0106023  -0.03174275
  -0.07586741]
 [-0.05028035 -0.04902534 -0.08197445 ...  0.03917255  0.06281469
  -0.07507247]
 ...
 [-0.03274807 -0.0074109   0.068662   ...  0.07697218 -0.07006073
  -0.02783168]
 [ 0.06460269 -0.0057726  -0.07852212 ...  0.04356027  0.07265598
   0.03176167]
 [-0.05580984 -0.00375551  0.08273475 ...  0.00649603  0.04676062
   0.01605524]]
[-1.78750237e-02  1.25949448e-01 -8.93546349e-02  4.52161854e-01
  1.86884296e-01  3.83049177e-01  7.90302408e-01  7.61584906e-02
  3.52953094e-02  1.15935328e-01  5.79322511e-01  6.39061204e-02
 -1.40437538e-01  1.08910163e-01 -1.82821873e-01 -5.76850134e-02
  7.92905981e-01  3.39631558e-01  2.04552645e-01  1.04104085e+00
  6.24320001e-01 -5.29531001e-02  7.23130496e-01  2.71652474e-01
 -2.56574603e-01 -5.21103661e-01  3.72757845e-01 -3.83167381e-01
  3.61620911e-02 -1.20239454e-01  5.16480617e-02  8.75879003e-02
  8.63566811e-01 -7.58627568e-02  6.96675019e-01 -4.34358130e-01
 -5.27604988e-02  1.17404427e-01 -5.25777364e-01  4.50668749e-01
 -2.45158507e-01 -2.99195102e-02 -5.28598851e-01  4.62836191e-01
  1.72988077e-01  8.93669778e-02  1.57103811e-01  3.32571822e-01
  9.11905139e-04  4.01485410e-01 -8.16952092e-01 -4.40264266e-01
 -8.35368593e-01  1.63798568e-01  1.19647831e-01 -2.43482829e-01
  1.26080181e-02 -4.73050098e-01  4.11276896e-01 -6.05990176e-02
  4.48108843e-01  5.04171469e-01  2.11842094e-01  4.17096449e-01]
[[ 1.58684494e-01 -1.96654413e-01 -1.79704398e-01 ...  9.10918992e-01
  -4.40014406e-01  3.23865783e-01]
 [-8.43687861e-02  3.68593729e-02 -1.11172901e-02 ... -1.43961092e-01
  -1.68030140e-02 -4.86250084e-02]
 [-2.04132922e-02 -5.01749768e-04 -3.57595401e-02 ... -3.74983777e-02
   7.84735813e-02  3.40515880e-01]
 ...
 [ 1.21633926e-01  4.31011708e-01 -7.88541928e-01 ...  1.67654479e-01
  -7.17216031e-03  2.34452605e-01]
 [ 2.71647292e-01  1.45127682e-01 -8.54383928e-02 ... -6.54949031e-01
  -3.86053905e-01  3.24297949e-01]
 [-5.04155728e-01 -1.47413259e-01 -8.74749210e-02 ...  1.60095655e-01
   2.26082312e-01  1.65314951e-01]]
[ 4.73222609e-02 -1.01177261e-01  6.69408999e-03 -2.83450383e-01
  2.99439540e-04  2.36815551e-01  1.02851609e-01  4.11221418e-01
  2.60955065e-01 -1.01395737e-01  2.81343139e-01  5.59998760e-01
 -2.30672945e-01  3.99123847e-01 -4.32805923e-01  2.24220510e-01
 -9.87791804e-02  9.95572059e-02  1.21272304e+00 -2.35852414e-01
 -9.01582895e-02  4.43534949e-01 -6.19935081e-02 -1.17366511e-01
  5.76135444e-01 -3.29386032e-01 -2.43692718e-02  5.35427819e-02
 -2.61212574e-01  6.85573300e-01  3.05574120e-01  8.77183756e-02
  8.53568298e-01 -1.42273423e-01  5.74751896e-01  3.60202994e-01
  6.63253674e-01  2.78512220e-01  8.76552969e-02 -1.62663427e-01
  2.97559372e-01 -4.03176595e-03 -2.98526715e-01  1.11452226e-01
  2.18334006e-02 -3.47696556e-01  7.14122690e-02  5.10385613e-01
 -3.31602637e-01  5.30886003e-01  6.92005116e-01 -2.83899903e-01
  8.42033433e-02  3.24226207e-01  7.73250997e-01 -2.43697043e-01
  1.49823404e-01  4.03122691e-01  7.20578564e-01  1.08194349e-01
  3.04151111e-02 -3.43727987e-02  5.66647911e-01  9.24859226e-03]
[[-0.09544786 -0.62788395 -0.0649469  ... -0.14878351 -0.08580992
  -0.25498219]
 [ 0.02291983 -0.05142026 -0.26030873 ...  0.41890156 -0.30687839
  -0.2369128 ]
 [ 0.27513496 -0.51338694  0.21396041 ...  0.08977811 -0.08457593
   0.41451676]
 ...
 [ 0.2486484  -0.30661731  0.11152268 ... -0.82751651  0.0501414
   0.25366698]
 [ 0.10418383  0.19271733 -0.15272166 ... -0.00758852 -0.07903826
   0.2092404 ]
 [-0.37809563 -0.10983476  0.45967289 ... -0.07973512  0.30058134
  -0.22839238]]
[ 0.01341578 -0.04881353 -0.216503    0.23271958  0.12065877  0.45681307
  0.02023241  0.0380991  -0.29587967  0.88594102 -0.28215718 -0.33549999
  0.0106688  -0.10234781 -0.22327685  0.21676754  0.25595454  0.06388061
  0.11696754  0.18579491 -0.36950259  0.24082848  0.12406356  0.56338485
  0.09902611 -0.06288948 -0.01287381 -0.14204572  0.05330824 -0.22567713
  0.15960577 -0.06568858 -0.18298728  0.43426931 -0.37951132  0.19914062
  0.0525355   0.39254223  0.1305151   0.51071063 -0.07546132  0.29016594
  0.4834813   0.0758705   0.68292914 -0.047682    0.1224657  -0.06210785
 -0.00850834  0.87978856  0.31320977  0.06813593 -0.13063662  0.57302176
  0.27745934 -0.16881382  0.67158956  0.26131064 -0.23543461  0.09699716
 -0.09940328  0.33277885 -0.16253069  0.15722735]
[[-0.12363865  0.08249959 -0.32721206 ... -0.01159151  0.47242817
  -0.42085338]
 [-0.02742786  0.01939578 -0.33584964 ...  0.08347254 -0.43955225
   0.49281577]
 [ 0.25752496 -0.19749284 -0.065905   ...  0.09100546 -0.01479274
  -0.66933753]
 ...
 [-0.10862104 -0.18973511  0.32412132 ...  0.20260689  0.55857674
  -1.01136109]
 [ 0.19095516  0.62607085  0.32222285 ...  0.00336385  0.17164906
   0.37807025]
 [ 0.73003593  0.07942769 -0.53920311 ... -0.27577062  0.3465463
   0.13442399]]
[ 0.11992681 -0.07177408  0.35697736 -0.26255918  0.05144754 -0.32697851
  0.11915635 -0.32937623  0.59030983  0.12993302  0.41435766  0.43412164
  0.10619785  0.17300824 -0.13664951  0.26059436 -0.20980249  0.10804521
 -0.23431507  0.30910762 -0.22991394  0.54627262 -0.11265106  0.09449247
  0.00310311  0.17674219  0.48821383 -0.11200579  0.28448827  0.2550403
 -0.10892907  0.18597355  0.08801108 -0.0135474   0.5077472  -0.66245813
 -0.46937371 -0.32308934 -0.24526362  0.02516405 -0.20677693  0.15008974
 -0.19949654 -0.43826582 -0.31494444 -0.75543298 -0.21491805]
