[[-0.06391118 -0.03337031 -0.07957293 ... -0.00081174 -0.02663527
  -0.01814293]
 [-0.01939598 -0.01230542  0.0722295  ... -0.03373311  0.00302131
   0.0714883 ]
 [-0.00718856 -0.06736626  0.02997475 ... -0.07388411  0.01850374
  -0.07850365]
 ...
 [ 0.02169928  0.00192123  0.02725692 ... -0.03575273 -0.06423825
  -0.04855928]
 [ 0.07388543  0.05810764 -0.03899925 ...  0.06544223 -0.07420588
   0.00839039]
 [ 0.06414473  0.00547583  0.06735558 ...  0.04460859 -0.00088447
   0.01926423]]
[-0.54844924  0.26015361 -0.08367009  0.26570138 -0.02538334  0.39828368
 -0.50710881  0.45150412  0.06741445 -0.1801448   0.52019015  0.15991481
  0.5136406  -0.00968284  0.1052958  -0.43161755  0.41135802  0.17878381
  0.49497003  0.00562615  0.30289241  0.09927665  0.57839113  0.30698939
 -0.00674043  0.1196006   0.0087188   0.40147227  0.17169289 -0.31185532
 -0.45386857  1.17719018 -0.13214913  0.44315761 -0.8846303   0.10025225
 -0.34222782  0.05838139 -0.05335692 -0.231558    0.07437251 -0.48615319
 -0.14271994 -0.24865236  0.17523796  0.25714077  0.0354021   0.17200562
 -0.40936877 -0.02434295 -0.26569966 -0.24341656  0.24433379  0.0146304
 -0.01460499  0.04344288  0.35393496  0.08546584 -0.08321888 -0.2381705
 -0.19622334 -0.15212283 -0.11619269 -0.33624925  0.43758458  0.12764294
  0.36446526  0.24271544  0.21099548  0.14645598 -0.00434862  0.54278695
 -0.06747602 -0.04469623 -0.43072913 -0.24993384  0.34000779  0.31376644
  0.24324584  0.28638016  0.18581391 -0.47827609 -0.35019913  0.1567541
 -0.07403232  0.18271574 -0.1713105  -0.61581539  0.30961953 -0.1757207
  0.26861489  0.11817878 -0.20043227  0.26534312  0.41090677  0.33408252
  0.5176973   0.54271187 -0.56876667  0.09589051  0.17222762 -0.12363085
 -0.28855766  0.1704676   0.03410812  0.59210544  0.55412683 -0.32601069
  0.10389268  0.30422407  0.47512146  0.48472917  0.55720261  0.16976756
 -0.32180995  0.0018111   0.52316668  0.20014505  0.01331106 -0.14556451
 -0.26042589  0.58618463  0.24427216  0.16778141  0.01081475 -0.1465997
  0.70292214  0.52122409]
[[ 0.02352909 -0.32942491 -0.14133181 ... -0.26956238 -0.36651846
  -0.19448917]
 [-0.04765847  0.03137398  0.18502691 ...  0.00695227  0.1221288
  -0.14289923]
 [-0.01041418  0.11380462  0.10934385 ...  0.37223145 -0.07130905
  -0.31780288]
 ...
 [-0.0011669   0.17405908  0.4677521  ... -0.00396939 -0.07033497
  -0.34396617]
 [ 0.02291452  0.23761992  0.32155283 ... -0.14552643 -0.16709604
   0.12397834]
 [ 0.3678741   0.09724381  0.0743809  ...  0.18117666  0.06628072
   0.0749092 ]]
[-0.15802041  0.3972001  -0.10464031 -0.22989678  0.15673132  0.05309013
 -0.08691577  0.27004071  0.42701989 -0.12004038 -0.0247706  -0.18423796
  0.40418151  0.26365097 -0.03847948  0.00478307  0.18285866 -0.20166793
  0.25057949  0.11061981  0.19628289  0.109797   -0.13107309  0.13585736
 -0.10196068  0.15206886  0.03269966 -0.09219174  0.24220261  0.22556748
 -0.07196172  0.12290735  0.06585107 -0.21517452  0.28383328  0.14766966
 -0.09862467 -0.13543849  0.35828851 -0.17908693 -0.00411322 -0.1256931
 -0.07838714 -0.04322216 -0.02926568  0.13598013  0.15906566  0.09513849
 -0.26349827 -0.0473977   0.23328245  0.0362272  -0.13244084 -0.20382498
 -0.13763107 -0.17179126 -0.29681894  0.01186646  0.03081026 -0.08761609
  0.30831854 -0.01450691  0.24522799  0.05959448 -0.17670069  0.0349727
  0.09410426  0.2701182  -0.04329663 -0.03870497  0.11557262 -0.05419073
  0.13233315  0.10105229  0.12178771  0.41295767  0.20144762  0.10566156
  0.09852007 -0.11574723  0.05174597 -0.24524642  0.48494128 -0.03807926
 -0.01654002  0.06280488  0.29832633  0.14768748 -0.0485612   0.15082336
  0.35711676  0.03476388  0.1722383  -0.27540515 -0.17232968 -0.23494936
  0.19064535 -0.03915416  0.21864189 -0.19927443 -0.03878017  0.21891485
  0.14164617  0.15995526  0.24184877 -0.02331395 -0.02902855 -0.04254089
  0.35878968  0.25509329 -0.01244513  0.21914424  0.01448258  0.00323655
  0.15335618  0.1349763   0.42164504  0.16296273  0.0341531  -0.02275361
  0.20850978  0.19514418  0.0023604   0.01278045  0.01601145  0.09340821
  0.30330829  0.02561132]
[[-0.8217651   0.04665776  0.55422747 ...  0.3782542  -0.5362783
   0.08374234]
 [ 0.37954564 -0.19291449  0.124344   ...  0.29278883 -0.0424604
  -0.31602449]
 [-0.06629342  0.62346606 -0.01916169 ...  0.81058925  0.40377108
   0.78419169]
 ...
 [-0.7099308   0.40223783 -0.68033387 ...  0.14641279 -0.02723034
  -0.34560558]
 [-0.47288603  0.05777184  0.03715934 ... -0.26985245  1.2329664
   0.18584442]
 [ 0.17242293 -0.37446462  0.66470973 ... -0.65952198 -0.02489087
  -0.35562836]]
[ 0.14377245 -0.00215546  0.07819859 -0.17691241 -0.30309485 -0.10262022
 -0.08572408 -0.14282151  0.17505974 -0.29211944  0.14761821  0.22775611
 -0.33094284  0.01939618  0.07548215  0.45058494  0.01348305  0.31203893
 -0.0857388   0.02723662 -0.07699094 -0.01969398  0.07914311 -0.0148315
  0.08664425  0.09769098  0.3515899   0.00070291 -0.12866126  0.07151857
 -0.10297486  0.04031837  0.35312575 -0.02956941  0.38353193 -0.14810492
 -0.49055095  0.02923259 -0.04584727  0.14774321 -0.39864506  0.06771572
  0.03125747 -0.19036349  0.15287853 -0.42278718  0.02743019]
