[[-0.01233139  0.01876683 -0.0225484  ... -0.06613571  0.05689356
  -0.05003258]
 [-0.02748331 -0.03983133  0.02300575 ...  0.05621144 -0.03294938
  -0.03463621]
 [-0.0777285  -0.01180363 -0.06669198 ... -0.03149243 -0.00215502
   0.03203295]
 ...
 [-0.07488198  0.08210514  0.01178084 ... -0.05302828  0.0794515
   0.02357479]
 [-0.07299467 -0.07971782  0.02449194 ...  0.02834352 -0.02306158
  -0.04009595]
 [-0.00041502 -0.0091203  -0.05270125 ... -0.07878976 -0.08284942
   0.00372153]]
[-0.03805972 -0.02009771  0.05011172  0.00279429 -0.01279422 -0.03626271
  0.05346458  0.06119354  0.07105091  0.05579643  0.02256291 -0.01444469
 -0.02184534 -0.03389484  0.05526776  0.037898    0.00861734  0.00852335
  0.00459627  0.09928534  0.0179854  -0.10091946  0.05062705  0.01908618
  0.13278303 -0.00561519  0.01816257  0.02290098  0.02441794  0.04100514
 -0.01363059  0.06674226  0.03475313 -0.00205759  0.03879254  0.05672312
 -0.02728937  0.03342546  0.05874038  0.11126399  0.08944026 -0.08146865
  0.04981142  0.03670407  0.03234338 -0.01624001  0.01131712  0.0536338
 -0.03577768 -0.00088368  0.09792124  0.03064075 -0.06731953  0.01770111
  0.01479451  0.01528456  0.06841355  0.05888712 -0.00374138  0.04801875
 -0.00394996  0.0034773   0.09237043  0.06397734]
[[ 0.20800806 -0.15891146 -0.04485381 ... -0.02826057 -0.06566197
  -0.20099388]
 [-0.02699774  0.154275   -0.17647397 ... -0.09891354  0.11687449
  -0.13160705]
 [-0.17749632 -0.12764917  0.18817641 ...  0.15115225  0.13348115
   0.18111265]
 ...
 [-0.16202767 -0.03949539  0.2155149  ... -0.08327219 -0.00063194
   0.12094747]
 [-0.0114604   0.02630425  0.05809268 ... -0.18212998 -0.05844946
  -0.09712131]
 [-0.33294393  0.12293897 -0.0532203  ... -0.09107185  0.18246534
   0.01757156]]
[ 1.29294101e-02 -3.64085939e-04  4.87097469e-03 -9.47590199e-03
 -8.03836166e-02  1.87861611e-02  3.96922384e-02  2.57492017e-02
 -3.14109306e-02  3.22134205e-03  1.10121651e-01 -3.64472379e-03
  6.71263737e-04  8.25161055e-03  3.13178742e-03 -1.10906515e-01
  1.43945928e-01  3.58306649e-02  1.90133151e-03  2.03182966e-02
  7.44342657e-02  3.39882914e-02 -1.20519982e-03 -4.15821856e-02
  6.51361906e-02  8.93713583e-04  2.45440744e-02  4.85304128e-02
  6.43218086e-02 -1.13633920e-03 -5.44786263e-02  5.79385792e-02
 -2.28311131e-02 -1.03653384e-01 -2.10791655e-03 -2.45962067e-02
  9.31599957e-04  8.91512234e-04  3.07811756e-02  6.91217333e-02
  3.83011328e-02  4.88936089e-03 -3.78548065e-02 -1.50072978e-02
 -2.12828847e-04 -4.79130211e-02  2.85768867e-02  1.04488838e-02
 -7.72907953e-02  4.38565598e-02  2.04414869e-02 -3.11365362e-02
  8.09784927e-03  5.34640677e-02 -6.89326869e-03 -2.12289028e-02
  8.43175925e-05 -3.80109175e-02  5.89071970e-02 -1.96887421e-02
 -1.15993083e-03  5.98546979e-02 -2.14616631e-03  8.16300685e-02]
[[-0.14450604 -0.10900512 -0.31455877 ...  0.04721299 -0.20585375
  -0.03168799]
 [-0.05534434  0.01403213 -0.06387476 ...  0.06938011 -0.20701782
  -0.26794493]
 [ 0.05686197  0.17751404 -0.08709735 ...  0.06519224  0.1593726
   0.2090512 ]
 ...
 [ 0.13674101 -0.04971332  0.00637892 ...  0.17341193 -0.14463247
   0.20975013]
 [-0.05485158 -0.06045854  0.03405172 ... -0.05606218  0.18897837
   0.23699798]
 [ 0.11923008 -0.02041176  0.07719979 ... -0.08716084  0.16861488
  -0.16417531]]
[ 9.54168089e-03 -1.12070475e-02  3.77755408e-02 -2.93056323e-02
 -1.84174571e-01  5.89875773e-02  3.69441083e-02  5.76560162e-03
  6.71023347e-02  5.08656089e-02  9.62413668e-03  1.08451414e-01
  4.18536314e-02 -4.15122583e-02  2.86690957e-02 -1.07832055e-02
 -5.93057052e-02 -3.95655233e-02 -4.15375299e-05  7.26242283e-02
 -7.08944905e-02  7.56935202e-02  3.73644624e-02  5.28251076e-02
  3.51505124e-02 -3.15436035e-02 -2.24348188e-02 -4.62925810e-02
  7.13648907e-02 -3.27724392e-03 -2.02312651e-03 -6.73945187e-04
  1.94479491e-02  2.90729298e-02 -1.07644553e-02  1.84075384e-02
  2.79171313e-05  3.04307845e-03  6.30241847e-02  2.70659391e-02
  1.61107788e-02  9.10197135e-03  1.25348659e-02 -3.07411124e-02
 -5.19384723e-02 -3.48212977e-02 -5.39828521e-03 -2.50130558e-03
  6.83467242e-02  8.21094226e-03  9.88854943e-03  1.17197439e-01
 -1.48685412e-02  4.79810024e-02  3.81144622e-03 -3.10186843e-02
  1.76640343e-02 -2.92448022e-03  2.11116061e-03 -3.06000323e-02
 -1.33200373e-02 -4.81934393e-02  6.73961122e-02 -1.06711487e-03]
[[-0.21707547 -0.08498587  0.27348016 ...  0.10223008 -0.00388844
   0.02536199]
 [-0.2279617   0.04459146  0.29750594 ... -0.16872726  0.14547554
  -0.10654313]
 [ 0.19050963 -0.11725262  0.10249214 ...  0.10124727 -0.13583333
   0.076577  ]
 ...
 [ 0.17502258 -0.15987916 -0.16807997 ... -0.08544556  0.22820218
   0.1013397 ]
 [-0.05500659  0.1489981  -0.18427948 ... -0.00557905  0.32533796
   0.02271206]
 [ 0.03867186  0.02867665  0.05811845 ... -0.1375006  -0.18967974
   0.12927537]]
[-3.67030244e-02  2.87068517e-02 -9.16551431e-03  9.07175287e-03
  6.43333555e-02 -3.78848266e-02 -3.44799823e-02 -8.43237656e-02
  2.63468533e-02  1.86168969e-02  1.58884414e-02  5.12616557e-02
 -2.37906255e-02  7.77506784e-02  2.08475909e-03  3.73345722e-02
 -1.89945696e-01 -4.61071844e-03  3.63008171e-02  5.04931777e-05
  4.67432017e-02 -3.35901603e-02  4.34426152e-02 -9.16232322e-03
 -7.93382564e-02 -9.85076276e-03 -5.17715006e-03 -7.09356442e-02
 -9.59912984e-03  6.00285315e-03  1.37152144e-01 -9.01273257e-03
  2.35798938e-03 -2.82996649e-02 -8.87961408e-02  4.76017144e-02
 -2.29126587e-02 -1.02959976e-02 -1.07963502e-01 -1.90578825e-02
 -4.88327853e-02  5.76059291e-03  8.79795740e-02  1.25968433e-02
 -2.11497762e-02 -2.00642726e-03 -5.82065274e-03 -1.77080870e-01
  9.10775400e-02  1.90920647e-02  3.45623089e-02  1.64742857e-02
  6.37113299e-06  9.74466293e-02  5.16275441e-02  4.64070875e-02
  9.03887603e-03  4.51623075e-02  3.11902451e-02  4.09492869e-02
  1.18210080e-01 -4.60162741e-02  5.49935895e-02  9.98142184e-04]
[[ 0.09341931  0.23686592  0.12914907 ... -0.14505136 -0.05231004
  -0.17431019]
 [-0.233293   -0.35093645 -0.13792062 ...  0.25941127  0.23886479
  -0.00332719]
 [-0.26248948  0.11374286 -0.01538668 ...  0.21334536  0.21528907
  -0.21122483]
 ...
 [ 0.01476766 -0.22397313 -0.01924211 ...  0.08539856 -0.17348053
  -0.00346506]
 [ 0.05951202  0.12525206 -0.01872181 ... -0.11095705 -0.02828004
   0.10811833]
 [-0.09005792 -0.08043223 -0.00659397 ... -0.39846439  0.13583088
   0.22885114]]
[-0.01397044  0.15875542 -0.04493743 -0.12245599  0.07813472  0.04463945
 -0.06096818 -0.02798529 -0.10756823  0.04208213 -0.057347   -0.10281118
  0.10563222 -0.0253159  -0.02681863  0.1351708   0.01940854  0.0112226
  0.05008935  0.14881189 -0.04652914  0.1059317  -0.00428204 -0.083691
 -0.13749881 -0.0357161  -0.04114068 -0.09455456 -0.00947132  0.06715276
  0.07439327  0.04606773  0.05643667 -0.07594364  0.14320357 -0.04202734
 -0.17547416  0.00753457 -0.07454275 -0.04910818  0.07292479 -0.00681736
  0.07041375 -0.00027567 -0.01855186 -0.05786798  0.10566489]
