[[ 0.02664769 -0.00481942  0.05331364 ...  0.00696338 -0.06704358
   0.07718837]
 [-0.02273787  0.04385655 -0.02148239 ...  0.03507122  0.06300789
  -0.05690091]
 [-0.05631863 -0.05524758  0.0326086  ...  0.05370704 -0.00770652
   0.07001448]
 ...
 [ 0.01445812 -0.02315241 -0.00372192 ...  0.05950744  0.05098497
  -0.0667559 ]
 [-0.03982299  0.05355073  0.05589607 ... -0.02474052 -0.06736467
   0.06115929]
 [-0.03574819 -0.06263291  0.00113394 ... -0.04595179 -0.04442393
  -0.03682103]]
[-0.25454796  0.0813203  -2.72734365  0.8714721   1.51433518 -0.92307112
  3.16872323  0.48141715  2.63852184 -6.28556118  0.96318931 -2.69007587
  3.11991488 -0.09604231  3.26958342  1.42196428  2.82826716 -1.91061429
  0.74867639 -1.65475415  1.56977344  1.08679833 -3.50606723 -3.95423889
 -0.32777169 -1.74074249 -0.30769768 -0.63738876 -0.07224946  2.44720191
 -2.17985308 -0.19775989  2.29016954 -1.98043925  5.07363932 -5.12950784
 -2.07316592 -0.09896509 -1.43319191  0.29894407 -0.10240188  1.12574771
  2.83476328 -2.97660889  2.97372104  4.8633903   2.99230606  0.56035037
 -2.33969713 -0.12913696 -3.26923551  3.48687959 -0.04230945 -2.33233979
 -3.39889402  1.79104171 -0.24962878 -0.16737924  0.10655264 -0.83836048
  0.30042199 -0.06485302 -4.15248782 -1.09543014]
[[-0.30819581  0.5342982  -0.24282799 ... -0.00616595 -1.11090326
   0.17812195]
 [-0.03321796 -0.44849604  0.12990289 ...  0.0810504  -0.32110246
   0.24262392]
 [ 0.09555413 -0.68099129 -0.83836453 ...  0.2049818   0.05097395
   0.50727375]
 ...
 [-0.97665151  0.11518202 -0.24995474 ... -0.12555742  0.36998369
  -1.0234358 ]
 [ 0.26373232  0.16550427 -0.0825866  ... -0.15988578  0.31269568
  -0.19634478]
 [-0.33522581 -0.82607545 -0.51316889 ...  0.09455684 -1.13215942
   0.07186685]]
[-4.26977632  0.41625788 -8.77845588 -6.54840002 -4.54852086 -2.15183724
  1.18873604 -0.03447979 -1.76545116  2.15994207  2.35706529 -0.53666402
 -5.70083136 -3.59757374 -6.90421723  2.59925794 -1.96491364  0.32794118
 -1.4730878   2.5850428   2.65054518 -0.48148128 -2.20107186 -2.97002864
 -1.31664405  0.86439164  0.1328847  -1.45086555 -3.60980492  1.31569351
 -1.11947746  4.68469324 -1.14045831 -4.41567187 -5.10759087  4.99515506
 -2.29365868 -1.88539578  1.80745881 -1.12747419  1.02734947  0.33628442
  0.19457415 -1.69846239  2.31705776 -0.77639558  1.69461126  3.33786663
  1.25520344  0.76895113  4.02941086 -0.71904705 -4.56849468  0.62658003
  5.14621467 -1.93216115 -1.37038594 -3.86668428  0.2347611   2.64010469
 -3.44487709 -1.65157537 -4.48374121  5.48313864]
[[ 2.14961838e-01  3.11069185e-02 -2.76911112e-01 ...  1.99305233e-01
   3.11594597e-02 -2.32416467e-02]
 [-8.91518097e-02  2.27169826e-01  3.95806219e-01 ... -9.01110302e-01
   1.03854161e-03  4.08259444e-02]
 [ 3.58671640e-01  5.01960548e-01 -4.82410338e-01 ...  1.84472933e-01
   3.37438167e-01  2.17488791e-01]
 ...
 [ 3.49207198e-01  2.76242912e-01  5.24134082e-02 ...  5.55928316e-01
   9.11169527e-02  8.06013332e-01]
 [-1.10209103e+00 -1.39601387e+00 -3.22078114e-02 ...  2.87104790e-01
  -3.33726798e-02 -2.80312867e-01]
 [-2.22753940e-02 -7.61941313e-02  9.46112571e-01 ... -4.99605357e-01
  -1.78223806e-01 -1.09729187e-01]]
[ 0.27537153  0.59929448  0.41661812 -0.48358843  0.12405968 -0.0488966
 -0.3436907   0.1878134   0.11620139  0.68594643  0.46880695 -0.55948182
 -0.04939923 -0.4040502   0.3752672   2.37635005 -0.31799491 -0.32852402
  0.38412693  0.1350912  -0.56623198  0.74356479 -1.28302775 -1.15950045
  0.12183639  0.20348478 -1.25605379 -0.26979435  1.14884112  0.4877256
 -0.50833416 -0.95872414 -2.40222797  0.45202906  0.33042583 -0.5446775
  0.06998146 -0.46061743 -0.53430374 -0.20141456  1.93439111  0.32537131
 -0.34332551 -0.63176315  0.4448336  -0.13578966  1.38397963]
