[[-0.01173372 -0.04169492 -0.06945184 ... -0.00021184  0.02499733
  -0.082506  ]
 [-0.00275742  0.01175887 -0.04693999 ...  0.00638395  0.0602241
   0.02655727]
 [ 0.04610199 -0.05162485 -0.03335494 ...  0.06331299  0.0148235
   0.05427592]
 ...
 [ 0.04360012 -0.03037318  0.06182897 ... -0.03683926  0.04875554
  -0.01956652]
 [ 0.00772898  0.00477931 -0.01699944 ...  0.00540201  0.05376914
  -0.02492412]
 [-0.04392923 -0.04379427 -0.04354927 ... -0.06398224 -0.07927106
   0.07677488]]
[ 0.00204856 -0.00752188  0.01182019  0.00104383  0.02520651 -0.00362454
  0.01246464 -0.00373559 -0.00774217 -0.02656067  0.00362312 -0.00557788
  0.00709272  0.00046061  0.01856743 -0.00935452 -0.01284826  0.0234213
 -0.01833609  0.00273863 -0.00462551  0.00151643  0.03604208  0.01011447
  0.03716973  0.01200856 -0.00955613  0.01282988  0.00708777  0.00950667
  0.01997873  0.01033072]
[[ 0.24178635 -0.128209    0.06405359 ...  0.18116759  0.00727884
   0.2182621 ]
 [ 0.10280149  0.20835532  0.23525875 ... -0.13684035  0.06675427
  -0.13036121]
 [-0.19688421  0.08101043 -0.06010825 ...  0.13381361  0.19008133
   0.1259546 ]
 ...
 [-0.16096025  0.15667307  0.24251649 ... -0.17753624 -0.27420738
  -0.28960107]
 [-0.28516403  0.02599594 -0.13207137 ... -0.08051507  0.07754046
   0.27069613]
 [-0.0975823   0.17073575 -0.19685095 ... -0.21360956  0.33337004
   0.13785411]]
[ 0.02125286  0.02174885 -0.01153316 -0.00724832  0.00124274  0.00064466
  0.01221254 -0.00646643  0.06826973  0.04260749 -0.02899837  0.00050371
  0.00548289  0.01144885  0.00916593  0.01457053  0.01236606 -0.01333044
 -0.02401467 -0.03505586 -0.00115857 -0.00228977  0.03659657 -0.00445089
 -0.0153818   0.0047805   0.03575365 -0.06203644  0.00277891 -0.00347034
 -0.01595571  0.02898678]
[[ 0.23833956  0.27364556 -0.25519375 ...  0.31861889 -0.16668826
  -0.25949009]
 [ 0.2446149   0.04009819 -0.05670654 ...  0.02480549 -0.03607742
  -0.29368549]
 [-0.1385994   0.15113957  0.25962468 ...  0.14715019 -0.06533269
   0.03845101]
 ...
 [ 0.31755499 -0.10393832  0.13651581 ...  0.21959496  0.16339203
   0.28594946]
 [-0.23545995 -0.25783857 -0.30587321 ...  0.3099711   0.16125747
  -0.02502695]
 [ 0.13198138  0.05392376 -0.19127092 ... -0.0552836  -0.14250955
   0.04869362]]
[-0.00414811  0.02535068 -0.01163401  0.0542849   0.0046193  -0.09599784
 -0.00633627  0.06734835  0.00530246  0.03646186 -0.01204771  0.01118783
 -0.00221274 -0.09084741 -0.09253511 -0.00999595 -0.04916786  0.03755238
  0.00196722 -0.02181472  0.04298511 -0.02626597 -0.05608197  0.03698484
 -0.00709274  0.04136864  0.00035093  0.04654238  0.06296341  0.00815498
 -0.01576111 -0.00953721]
[[ 0.20523489  0.01610945  0.02737505 ...  0.00655073 -0.19780796
  -0.17584008]
 [ 0.25536439 -0.12898229 -0.25709171 ...  0.25090234 -0.23708649
  -0.1393249 ]
 [ 0.25782289  0.01250952  0.07659972 ...  0.06572293 -0.03406198
   0.09093546]
 ...
 [ 0.2693301   0.24978527  0.05820225 ... -0.02865477 -0.26772482
  -0.2507779 ]
 [ 0.26264471  0.0619256  -0.09887239 ...  0.04221111 -0.14297928
  -0.04537818]
 [-0.14224278 -0.04012602 -0.02879264 ... -0.08598105  0.24036587
   0.25688873]]
[-0.07562937  0.01978387 -0.03888752  0.02250653  0.0698621   0.02067493
 -0.01533225  0.05545156 -0.04435453  0.04884345 -0.01209057 -0.10727868
 -0.05641971 -0.03291711 -0.05777454  0.00892177 -0.00739086 -0.01125918
  0.02001686  0.03479952 -0.01031734  0.02864035 -0.00575082 -0.02836597
 -0.01516216  0.00894319  0.04020594  0.01855979 -0.0363099  -0.01973217
  0.02274188  0.07222475  0.06000971  0.01935512  0.03841246  0.01481843
 -0.00731363 -0.00998356 -0.02624541 -0.06208274  0.00051449  0.04450684
  0.04381958 -0.01446163  0.02844358 -0.07263353  0.02563647]
