[[ 0.00160783  0.05630471  0.00661021 ...  0.07936191 -0.00411072
   0.0781277 ]
 [-0.02484647  0.06069557  0.06978051 ...  0.04036251 -0.01977854
  -0.0234255 ]
 [-0.05342063 -0.02641302  0.00196217 ...  0.04495657  0.06090294
   0.04784387]
 ...
 [-0.04975425 -0.00231913 -0.00620387 ... -0.04112734 -0.01257767
   0.05689181]
 [-0.07117848 -0.00234595 -0.00760095 ...  0.01319441  0.03181089
  -0.08017659]
 [-0.06977065 -0.08292016  0.04180198 ... -0.0273042  -0.0710234
  -0.01923521]]
[ 0.09102099  0.09992993  0.12684869  0.02879564  0.11467864  0.13526209
 -0.05652536  0.10816166  0.03286164 -0.08834355  0.05870657 -0.06226423
 -0.0771178  -0.10303166  0.0127522   0.06414536  0.11919119 -0.06936534
  0.01054145  0.07982449  0.43502524 -0.00274157  0.04584895  0.03575733
  0.26431521 -0.09440661  0.14826261  0.11833161 -0.06651907  0.2279948
  0.31288062 -0.13067529  0.10123348 -0.07004733 -0.05552849 -0.04364565
  0.23622215  0.13095418  0.10608462 -0.20874233  0.29478359 -0.1541849
  0.12830893  0.11093042  0.20336294  0.08351302 -0.05513522  0.10674853
  0.01104937  0.04530991 -0.23569484  0.01463489  0.1243826  -0.01279436
 -0.04740748  0.14095781 -0.2630698   0.0197234   0.03995948  0.14319958
  0.00928597 -0.08245001  0.03009392  0.0011652 ]
[[-0.14176124 -0.1751152  -0.24952008 ... -0.02665513 -0.41934393
   0.31029344]
 [ 0.20657746 -0.22466139 -0.36320049 ...  0.04739608  0.06652062
   0.26993067]
 [ 0.25823394 -0.44383641  0.26422108 ...  0.21414263 -0.23600888
   0.31078026]
 ...
 [-0.04571349 -0.10930973  0.16228775 ... -0.32495798 -0.07120608
  -0.09555328]
 [ 0.16462791 -0.12268685 -0.26393274 ...  0.4082346  -0.50249555
  -0.06225856]
 [-0.18855999 -0.19056765 -0.24563334 ... -0.17964145  0.11509144
  -0.11830678]]
[ 4.88731415e-03 -5.38855140e-02  4.95678758e-02  1.09490595e-01
  1.01618861e-01  2.37864417e-01 -1.51195607e-01 -1.34635509e-01
 -1.08417507e-02  2.39727464e-01 -9.48230493e-02  5.28628437e-02
  9.21198801e-02 -4.06376519e-03 -9.62572650e-02  3.23456312e-02
  7.09622520e-02  9.74397017e-02  2.69468899e-02  7.35127933e-02
 -1.20773570e-02 -1.66884984e-02 -2.94812661e-02 -5.38727368e-03
  1.51629834e-01  1.59211602e-01  9.18662892e-03  8.70163261e-02
  1.10086765e-01  2.25490779e-01 -1.13234077e-01 -5.03336405e-02
  5.41126537e-02 -2.10269589e-02  8.71598972e-03 -1.61270834e-01
  8.76147821e-02 -1.72449171e-02  1.16722250e-01 -1.39187558e-01
  4.60716440e-02 -5.50576028e-02  1.80128776e-01  9.00766371e-02
 -4.25561506e-02  1.61406692e-01  1.06127729e-01 -9.70716243e-05
  1.91545968e-01  7.56590985e-02 -8.32214806e-02 -7.70371221e-02
 -7.64467920e-02  2.54374227e-02  9.94450035e-02 -3.23705757e-02
 -8.42737206e-02  1.53517018e-01  1.66761245e-01  1.88726755e-01
 -2.69448964e-02  1.02437440e-01 -3.44455643e-02  1.32976760e-01]
[[-0.13052319  0.21423024 -0.03497175 ... -0.30189444 -0.07072765
  -0.03904735]
 [-0.24224138  0.23103695  0.0746728  ...  0.19728872 -0.20689521
  -0.02294252]
 [-0.13931085 -0.45268317  0.08048985 ...  0.22544537 -0.21554629
  -0.3111669 ]
 ...
 [-0.02942341  0.10099221 -0.0838292  ... -0.002533   -0.16468077
   0.15529849]
 [-0.05325308  0.36944182  0.19892561 ... -0.26165768  0.17452131
  -0.27427714]
 [-0.07372809 -0.16103139 -0.08937881 ... -0.16701531 -0.07862207
   0.05204232]]
[-0.03511497 -0.23828046  0.20719278  0.11796192 -0.07057006 -0.16516267
  0.16993241  0.07500389 -0.02611194 -0.02528497  0.03774736 -0.00098082
  0.09726573  0.20982221  0.02668553  0.04972338 -0.07400361  0.14178462
 -0.08191039 -0.15136749  0.06647569  0.0659953  -0.00644125  0.11121873
 -0.03863587  0.05588496 -0.03449573  0.00449019  0.00959361  0.17158045
  0.03126753  0.13876536  0.10007406 -0.02029126  0.02474281 -0.05959343
 -0.02071894  0.0555638  -0.02863161 -0.0050501   0.0168808   0.02467605
  0.23667476 -0.04557559 -0.01809934 -0.00902271 -0.016092   -0.02430072
  0.03032142  0.0060135  -0.10798423  0.06647543  0.00107405  0.23813807
  0.1689807   0.06680887  0.13754282 -0.09311617  0.07159879  0.12359058
 -0.00232576  0.07495864  0.04993482  0.03605797]
[[ 0.04680695  0.11912711  0.18405147 ...  0.14210932 -0.01925667
   0.15058589]
 [ 0.29798552  0.11885089 -0.11750088 ...  0.03847302 -0.64543093
  -0.2260992 ]
 [ 0.24228067  0.03767876  0.00525241 ...  0.07505605 -0.13570249
   0.01859539]
 ...
 [ 0.10910614  0.33773679 -0.06176084 ...  0.07763519  0.11189075
  -0.14333668]
 [-0.19938161  0.00833625 -0.3661224  ... -0.07733288  0.090653
  -0.1589627 ]
 [ 0.13501552  0.36695815  0.02793954 ...  0.03551491 -0.20037453
  -0.12217647]]
[-0.06166364  0.08184241  0.03841197 -0.11183015 -0.10326814  0.0439455
 -0.09054379  0.00779577 -0.14544218 -0.01868645  0.02339926  0.0475535
  0.12098924 -0.0288267  -0.04478011  0.14274073  0.02398442  0.01554323
  0.05823745  0.24346802 -0.05627986  0.29491069  0.05135417 -0.13374767
 -0.13207978 -0.00815355  0.15093905 -0.03012265  0.05521576  0.17727342
  0.05588754 -0.10808384  0.04313407 -0.13219699  0.1828931  -0.07380152
 -0.15995406 -0.07245287  0.04828517  0.04944443 -0.18597162  0.06384446
  0.16012944 -0.08149564 -0.23462937 -0.23001492  0.06280265]
