[[ 0.07151252 -0.01141492  0.05540604 ... -0.03781763 -0.02332231
  -0.00537176]
 [-0.06688251 -0.00904499 -0.0481256  ... -0.00189667  0.07023247
   0.0585169 ]
 [-0.0364399   0.02820173 -0.00113809 ... -0.03699136  0.04283308
  -0.03455173]
 ...
 [ 0.00485654 -0.06931489  0.01898165 ... -0.00761542 -0.01044966
   0.05262272]
 [-0.04218238  0.02276388 -0.01304137 ... -0.0462718  -0.0096684
   0.00533791]
 [ 0.07109038 -0.03015997  0.03256182 ... -0.02798962 -0.06280922
   0.00582565]]
[ 0.01090339  0.03459999  0.00069311  0.00821625  0.0224411  -0.00360227
  0.02536096  0.0201006   0.01840612  0.00745364  0.00049527 -0.00508745
  0.00201614  0.02751926  0.00194591  0.01906782  0.01626601 -0.00427314
  0.00417992  0.01123399 -0.0045716   0.012145    0.0223977   0.00929692
  0.00686076  0.01759928  0.00189415  0.02091348  0.02930958 -0.00916465
  0.01451668  0.01176486  0.01196994  0.00188713  0.02196199  0.01165093
  0.00350921  0.00924955  0.00345806 -0.00130815 -0.00040969 -0.00611671
  0.00521732  0.00943676  0.01238571  0.00646997  0.02988783  0.00308731
  0.02504197  0.00205056  0.0042348   0.00144674  0.00216705  0.02329715
  0.03442587  0.00903847 -0.00451582  0.01852657  0.01551682 -0.00050219
  0.01618645 -0.00281062 -0.00358987 -0.00048701  0.01025428  0.00550646
  0.01605149  0.01270978 -0.00550724  0.00543627  0.00876296  0.00758379
  0.01514954  0.00431787  0.02322575  0.01283582 -0.0114281   0.0393002
 -0.00169607  0.00385541  0.00568769 -0.00177413  0.00176032  0.02311217
  0.00258984 -0.00906398  0.01873354  0.0071835   0.01815064  0.03037522
  0.00901621  0.01991188  0.02653972 -0.00046971  0.02244698 -0.00094035
  0.00042118  0.01872933  0.00675302  0.0048855   0.02147695  0.01080362
 -0.00586676  0.01088254  0.01962396  0.03455006  0.01606329  0.00744153
 -0.00125116 -0.00201959  0.00427159  0.01053003  0.03448361  0.00546863
  0.0128769   0.03756528  0.00985509  0.00678262  0.01668937  0.00434782
  0.00248815  0.01416312 -0.00496837  0.02087196  0.01033912  0.01501072
  0.00843031 -0.00132256]
[[ 0.04953472  0.01784679  0.13992562 ...  0.09541286  0.12914182
   0.07443835]
 [-0.01499778  0.01490584 -0.05930001 ...  0.05778696  0.14043023
   0.01616192]
 [ 0.09459336  0.11352345 -0.14476585 ...  0.04423163 -0.10487794
  -0.06460524]
 ...
 [-0.10223124  0.14480397 -0.00942482 ...  0.12661712  0.08728091
  -0.01069676]
 [-0.06166219  0.08293295 -0.02660279 ... -0.06876996 -0.09305792
  -0.14873467]
 [-0.05065347  0.04933286 -0.08700786 ...  0.04830194 -0.04446859
  -0.14060508]]
[ 5.49666168e-03 -1.45855866e-03 -1.18936035e-02  2.99788253e-03
  2.54005025e-04  9.08254641e-03  6.74101877e-03 -2.89092190e-03
  1.00610510e-02  2.05575084e-03  1.09045188e-02 -4.57800875e-03
  3.01151483e-03 -5.06033621e-03  2.26783390e-02  1.08125244e-02
  9.84583751e-03  2.61259193e-02 -1.01849926e-02  5.10183233e-03
  2.41963056e-02  5.40191262e-03  2.91502687e-02  4.31091029e-03
 -7.83345454e-05  3.26627092e-02  1.35919321e-02  1.19407700e-02
  3.38396242e-02 -1.44870909e-02  1.34473087e-02  6.88043858e-03
  1.23177132e-02  1.36971193e-02  6.33693987e-03  3.81688732e-02
  1.80836418e-02 -3.55218742e-03  1.53381179e-02  1.39625884e-02
  2.80220015e-03  3.04742166e-02  3.55667640e-03 -9.25876757e-04
  1.62276890e-02 -3.10434915e-03 -7.30818286e-03 -3.17670887e-04
  1.20665981e-02  1.91026451e-02 -7.66551405e-03  4.90725066e-04
 -1.82276384e-02 -1.65766785e-03  6.09829470e-03 -4.23706779e-04
  1.28277269e-02 -1.10239481e-03  1.52935203e-02  2.85520144e-02
  1.83564542e-02 -3.33205351e-03  1.36063740e-02  6.59527123e-03
  1.27189831e-03  2.50799310e-02  4.85176303e-04 -1.60616327e-04
 -6.33296610e-04  1.56497548e-02  3.03744014e-03 -1.08704589e-02
  5.21422028e-04 -3.39708900e-03 -1.21355038e-03  4.17150181e-03
 -1.41366539e-02  1.41900579e-02 -6.33873178e-04  4.01001378e-03
  2.04312343e-02  2.05569634e-02  9.84953526e-03  1.41491361e-02
  7.28539285e-03 -2.78409690e-03  2.62655784e-02  1.66334778e-02
 -7.19855855e-03  1.04679089e-02 -5.63888015e-03 -9.30185968e-03
  1.18749037e-02 -7.05214004e-05  4.60397304e-03  2.10915544e-02
 -7.45339595e-03  5.15821387e-03  1.28717223e-02  8.64181169e-03
  2.18829684e-02  4.03175759e-04  3.12937888e-02  1.52394944e-02
  6.02716285e-03  4.69129639e-04  3.00785594e-03  1.30731006e-02
  2.57593529e-02  1.18941578e-02 -2.62625540e-03  2.23919411e-03
  2.18303604e-02  2.68433527e-02  8.27456422e-04  6.99891262e-04
  1.05942836e-02  2.13713630e-03  8.29237625e-03  3.62934222e-02
  7.86480324e-03  1.27892860e-02  1.66072891e-02  2.69909969e-02
  5.16661418e-03  7.71514796e-03 -6.64165615e-04  8.14434485e-03]
[[-0.02638585 -0.14453462  0.05067759 ...  0.15004196  0.03096657
  -0.12848729]
 [ 0.05697254  0.02177306 -0.0322579  ... -0.03024327 -0.03202394
  -0.00985376]
 [ 0.04464689 -0.07023261 -0.05867674 ...  0.0693611   0.11274756
   0.02237324]
 ...
 [-0.10744585 -0.00144402  0.03508089 ...  0.08342838  0.01988736
   0.17561757]
 [ 0.14206137  0.00453717 -0.12351757 ... -0.1104907   0.15071517
  -0.1327882 ]
 [ 0.09502443  0.04845499  0.10457162 ...  0.08573314  0.06557101
   0.07873047]]
[ 1.24916231e-03 -4.80697655e-03  1.15511351e-02 -4.41462704e-04
  4.70889817e-02 -1.05138142e-02 -3.84740461e-03 -6.45621163e-04
  2.28132527e-02 -3.11182783e-03  5.64687039e-03  2.55336846e-03
  2.21711036e-02  8.58884964e-03 -1.20228954e-02  6.81204678e-04
  2.29481490e-02 -1.66001750e-02  1.62687821e-02  2.84389131e-02
 -1.75981093e-04  4.03059845e-03 -5.29399613e-03 -5.03115217e-03
 -2.80404968e-04  1.58476762e-02  3.96041212e-02 -8.08530195e-04
  2.00870024e-02 -2.71044589e-03 -4.06783362e-03 -1.57809405e-02
 -8.63883906e-03 -2.30578834e-04  1.06814224e-03  1.52255506e-02
 -1.69088103e-02 -4.73844837e-03  1.10360269e-02 -3.99016908e-03
 -1.23530816e-02 -4.86170349e-04 -2.24150983e-03  9.63835311e-03
 -1.32858631e-03 -6.61478106e-03  3.14458753e-02  7.75174229e-03
  6.39605068e-03  6.41818713e-03  1.88090422e-02  1.04954963e-02
 -1.12685798e-02  3.05609307e-03 -8.62397582e-03  2.87941097e-02
  2.14755982e-02  1.86358425e-04 -1.23587083e-03 -1.73730622e-03
 -2.97060523e-04  3.07443436e-02 -3.82197640e-02 -6.05676920e-03
  1.16170581e-02  1.77560855e-02  2.18950246e-02 -2.41472051e-02
 -7.98547328e-03  3.17330456e-02  1.07961240e-03  3.46577207e-03
  9.37781065e-03 -4.17435596e-03  4.10363384e-02  1.19605063e-02
  2.24524962e-02  1.60666905e-02 -1.46942228e-02  1.69111303e-03
  1.01553617e-02 -9.77029541e-04 -1.61873199e-02  9.68877493e-05
  3.72521135e-02 -1.05195280e-02  2.94472807e-02  1.65963253e-02
  3.03883397e-02  8.61869156e-03  5.56776105e-03  3.82428914e-02
  3.02117233e-03 -9.23533294e-03  8.30759594e-03 -3.12379871e-03
 -5.33276513e-03  1.49833880e-02  5.31108743e-03  1.17353260e-03
  2.38942451e-03 -8.45755614e-03  4.36980176e-03 -4.62221795e-03
 -1.44783568e-03  6.28419040e-03 -6.77874853e-03  2.02609811e-02
  3.12318870e-02  1.23937919e-02  3.74012966e-02  8.49774096e-03
  1.36370875e-02 -2.02309938e-03  2.81950549e-03  3.51970467e-03
  1.04691485e-02 -4.20615155e-04  4.18108031e-03  9.88642945e-03
  8.92408627e-03  1.83447019e-02 -1.01471771e-02  3.71694378e-03
 -1.89591464e-02  1.21683934e-02  2.24363404e-04 -4.04927705e-04]
[[-0.15457499  0.14167689 -0.04077317 ... -0.12667614  0.03739034
  -0.12478091]
 [ 0.0178638  -0.1481506  -0.10074181 ...  0.08312165 -0.02139751
   0.07983271]
 [-0.09488859 -0.07667852 -0.01153002 ...  0.0897627   0.09474391
  -0.03090401]
 ...
 [ 0.0091405  -0.12526563  0.10482641 ...  0.09599432  0.13018574
   0.13660596]
 [ 0.09383985  0.04339274  0.09752377 ... -0.02955128  0.05989605
  -0.04906748]
 [-0.12388743  0.10682023 -0.0469561  ...  0.10076571 -0.08214695
  -0.09968636]]
[-1.12406297e-02 -1.74651104e-04 -1.93753209e-02  1.20318142e-02
  1.44591934e-02  1.85950419e-02  1.80608924e-03 -1.71637325e-02
  1.06763166e-02  5.90022499e-03  8.41464104e-03  1.34507079e-04
  8.19127933e-04 -5.01163878e-03  5.90063312e-04  9.20150895e-03
  6.24722906e-03 -4.49467017e-05 -2.94184389e-02  2.34552214e-03
  4.88929221e-03 -5.32078784e-04  1.41671526e-02  3.62186465e-03
  3.29642586e-02  7.28512076e-03  1.15903905e-02 -2.58429992e-04
  2.79180346e-04 -7.82048233e-03  8.24825133e-03 -1.03527896e-02
  5.78974093e-03  4.31330591e-03 -2.63783984e-03 -2.40240026e-02
  2.52578181e-02 -7.04243631e-03  3.98463820e-04 -2.64069725e-04
  1.34656362e-04 -4.48670821e-04  2.30847946e-02  2.08902388e-03
  8.05284418e-03 -3.76384892e-03 -2.62276040e-03 -8.72202806e-03
 -1.11390587e-02  2.18225640e-03 -1.72094063e-03  4.17948365e-02
 -3.19557739e-04 -4.03652097e-05  2.07929814e-02 -6.77561868e-04
  2.28348294e-02  9.31000009e-03  2.58896861e-02  1.30641431e-02
  9.13210214e-03  3.01417876e-02  3.23372854e-03 -1.77697122e-02
  1.40360204e-02  1.81034569e-02 -1.33844912e-02 -1.27886492e-02
  4.27861504e-04  1.61000390e-02 -1.66052199e-02  5.46234469e-03
  2.33214472e-02  4.67682685e-02  1.17156894e-02  1.31875662e-02
 -1.35100122e-02 -3.01268304e-05 -6.55082691e-03  1.74542767e-02
  2.35698945e-02 -1.99253088e-02 -1.98012729e-04 -1.21057105e-03
 -1.59008986e-02 -1.07683267e-02 -7.07787213e-03  3.78632596e-02
  2.33647594e-02 -1.06146417e-02  1.35496993e-02  1.89619108e-02
  4.82897764e-02 -2.34848509e-04  2.38928795e-02 -2.58259832e-04
 -1.61154155e-02 -2.12029306e-02  1.59450723e-02  6.49572028e-03
 -2.37462586e-02  1.10226783e-03  8.20518823e-03 -4.17863010e-04
  4.04117053e-02  7.06001144e-04 -3.87098314e-02 -5.88446986e-03
  3.75682027e-02 -8.51042813e-04 -7.87715396e-03 -5.66919654e-03
 -1.15270663e-03  2.69850483e-02 -1.45738497e-02 -3.72366060e-02
  5.21068271e-02 -5.96426421e-03  4.80841579e-02  4.80707858e-03
  7.65585602e-03  3.94791453e-02  1.93466757e-02  1.37757748e-02
  6.74754777e-04  5.71420514e-03 -1.87177486e-03  2.30204667e-02]
[[ 0.03115124  0.0821527   0.15273173 ...  0.15934317  0.15386936
   0.01407477]
 [-0.08131654  0.15640878  0.11936593 ...  0.02039997  0.16579829
   0.1375414 ]
 [-0.08348277 -0.07620427  0.1487844  ... -0.1429718  -0.17755112
   0.11946727]
 ...
 [-0.05337215  0.1269109   0.07997577 ... -0.00864327 -0.04939555
   0.03811354]
 [-0.12748436  0.05607279 -0.09739488 ... -0.01690073  0.02934056
  -0.07725669]
 [-0.0286611   0.04981292  0.08685481 ...  0.16642514  0.03737968
   0.0189425 ]]
[-0.07215359  0.04903075  0.02285857 -0.00684672  0.02377966 -0.00518983
  0.00255277 -0.03063596 -0.02311379 -0.00704235  0.01100551 -0.01746543
 -0.02215005 -0.03598501 -0.02412371  0.02482119 -0.01616188 -0.02060945
  0.04188344  0.01928439 -0.02393233  0.05227176  0.04438354  0.0050174
 -0.07618928 -0.01553447 -0.01193915 -0.02264474 -0.00770979  0.01463443
  0.02066491  0.00957913  0.02625906  0.04926671  0.03508458  0.02900809
  0.00364358  0.01342136  0.01177588 -0.02178646 -0.01941609 -0.0334588
  0.04748295  0.00160607 -0.05782973  0.02601292 -0.01341006]
