[[ 0.02676338  0.05587298  0.02008144 ... -0.05708411 -0.05649521
  -0.01353089]
 [ 0.03004737 -0.00748882 -0.03872025 ... -0.00331407 -0.03277066
  -0.0087607 ]
 [-0.03245586  0.02670833 -0.02808012 ...  0.01627193  0.07785414
  -0.06942523]
 ...
 [ 0.02203144 -0.03905348  0.02511775 ...  0.02487142 -0.05124461
   0.02322395]
 [-0.04421376 -0.05244817  0.0467063  ... -0.04515386  0.07964568
  -0.05232438]
 [-0.04494139 -0.05682513  0.00426024 ... -0.04947073 -0.02751547
  -0.04544241]]
[ 0.03405218  0.01059435  0.01021657  0.0137885   0.03300837  0.03293931
  0.00334427 -0.00061748  0.02195151  0.02556639  0.00401792  0.00127672
  0.01928041  0.01896801  0.00461981  0.00949222  0.01328524  0.03251328
  0.01531152  0.05826957  0.01995737  0.0384721   0.00351502  0.02998056
  0.01600729  0.01924997  0.04213986  0.00119661  0.0280718   0.01224296
  0.01368996  0.00746235  0.00366043  0.02212566  0.01338099  0.00933829
  0.02059863  0.01850987  0.02624406  0.02214419  0.00897163  0.01417955
  0.01061721  0.00231397  0.03268993  0.00077444  0.02124998  0.01054338
  0.01460761  0.02644612 -0.00481761  0.02640697  0.00292122  0.02634507
  0.02598329  0.02860506 -0.00015308  0.01140672  0.01385883  0.00979928
  0.01725666  0.01733668  0.0100871   0.00440809  0.02169339  0.01880189
  0.01303982  0.00250767  0.00646841  0.02067143 -0.0082798   0.00310171
  0.00346545  0.01843264  0.016051    0.00649785 -0.00811817  0.02957817
  0.04286681  0.03836147  0.03156965  0.00262706 -0.00086831  0.01422157
  0.02641685  0.00533769  0.01082766  0.00900034  0.02855514  0.00260384
  0.00989877  0.00704567  0.03088104  0.05322558  0.0436685   0.01088365
  0.00876902  0.00399161 -0.00199973  0.02644693  0.0081446   0.01390645
  0.01676772  0.01565862  0.00437521  0.03726452  0.00105319  0.0038549
  0.00115282  0.01668649 -0.00259999  0.03398614  0.00072135 -0.00543789
  0.00699644  0.010535    0.01655598  0.01106689  0.01131104  0.03549081
  0.00190415 -0.00860742  0.02152654  0.00138254  0.05241517  0.04418671
  0.0064216   0.0335405 ]
[[ 0.06216622  0.10556923  0.14117328 ...  0.03542986 -0.02189507
   0.06165785]
 [-0.09336243  0.07215593  0.00472816 ... -0.09343249 -0.09292697
   0.0758437 ]
 [-0.01925828  0.08939884  0.04508051 ...  0.09319958 -0.00992891
  -0.13121379]
 ...
 [-0.09574558 -0.08217964 -0.01377404 ... -0.05156664 -0.06313627
  -0.08242623]
 [-0.14664139  0.03092407  0.00189268 ...  0.02025675  0.06112503
   0.07601142]
 [ 0.14600907  0.15977419  0.10661007 ... -0.0671306  -0.01748245
  -0.04203505]]
[-2.51885053e-03 -2.01304349e-04 -1.06046053e-03  5.42366373e-02
  2.39450035e-02  8.78396756e-03  9.25363957e-03 -1.61258737e-02
  9.95354906e-03  4.63262710e-04  4.08087844e-02 -2.79406392e-04
  1.51417038e-02  1.37208771e-02  2.14686969e-02  1.93217106e-02
  1.30340793e-02 -2.60014266e-03 -9.91931906e-03  1.02945571e-02
 -2.26902208e-02  2.43698903e-02  1.09419198e-02 -1.13260656e-02
  3.20283422e-02  3.84552962e-02  7.01205795e-03 -4.05107090e-03
  4.37956127e-03  5.58489268e-05  2.41302734e-02  1.78749075e-02
  1.43183902e-02  2.21716193e-02  1.06616209e-04  5.57773685e-03
  1.55876434e-02  4.28118759e-02  1.40129685e-02 -8.64576216e-03
 -1.08648148e-03  1.01478154e-02  1.79581390e-02  2.48783657e-02
  1.36290289e-02  2.22990151e-02  2.19933583e-02  2.52936711e-02
  1.41348674e-02  3.15972913e-02  2.63703536e-02  9.21404725e-03
  9.76970883e-03 -1.85018085e-03  2.96249714e-03 -4.99321299e-06
  2.92240384e-02 -5.68496732e-03  4.57834891e-04  1.14336653e-02
 -1.05876278e-03  6.42344272e-03  1.40071459e-02  8.45494363e-03
  1.94762541e-03  3.96024218e-03  1.80347030e-02 -2.64398181e-02
 -2.95711965e-03  3.30519485e-02  2.28722491e-03  2.21998287e-02
  9.04078393e-03 -1.88453024e-02  2.25373965e-02  2.01234820e-02
 -1.05968955e-03  3.75933123e-03  1.25969936e-02  1.41403799e-02
  2.52748244e-02 -1.00601626e-02  3.65314698e-02 -8.51801978e-04
  9.87195141e-03  4.16881407e-02  1.07197435e-02 -7.73995824e-03
  9.74265626e-03  1.79937378e-03  1.99853241e-04  3.37780863e-02
 -4.47147303e-03  2.41436638e-03  5.39762813e-03  4.92551990e-03
  1.18157979e-02 -1.16491895e-02  1.04334125e-03  1.86285148e-02
 -4.38252530e-03  1.42899372e-02  9.62307729e-03  7.11376033e-03
 -8.57609488e-03  7.03095138e-03  1.83215399e-02  1.49517325e-02
  3.33648382e-02  9.92143581e-03  7.82507140e-03 -4.54053345e-02
  1.20074945e-02  1.53259364e-02 -5.28597041e-03 -1.43664756e-03
  1.35279531e-02  3.38218129e-02  1.08184771e-02  1.39113300e-02
  2.49523447e-02 -5.08477102e-03  9.75003589e-03  1.38909096e-03
 -5.11493665e-03  2.40644045e-03 -3.81032928e-04 -2.48916934e-03]
[[ 0.10032534  0.14722651 -0.13188472 ...  0.11440202  0.17080067
  -0.01340658]
 [ 0.0289757   0.11532848  0.14061014 ... -0.05544754 -0.08159104
   0.14151192]
 [ 0.13113233  0.06222337  0.00482125 ... -0.03182729  0.08378934
   0.12098571]
 ...
 [ 0.1524864  -0.1360402  -0.12469212 ...  0.15445612  0.00796015
  -0.05373954]
 [ 0.08322511 -0.05795228  0.07549304 ...  0.00321197  0.08342254
  -0.03992803]
 [-0.14787447  0.0286331   0.13824067 ... -0.11006094 -0.0446181
  -0.06403629]]
[-2.40145967e-02  2.08620516e-02 -1.15341780e-02 -5.37623572e-03
  3.77238044e-02  1.64362682e-02 -2.32228574e-02 -2.41343068e-02
 -3.57045246e-02  1.30282813e-02 -1.02196290e-02 -2.60013790e-02
  1.58613724e-02 -1.77328438e-02 -1.64389122e-02  2.00533422e-02
 -2.98758130e-02  8.32546579e-03  2.99016228e-02  3.79918870e-02
 -1.23787127e-02  4.60457596e-02 -1.84370584e-02  2.29947660e-03
 -1.59307954e-02  6.02576961e-02 -2.02985565e-02 -3.64107112e-02
 -4.45384173e-03  1.87304226e-02 -7.06760461e-03  1.48831793e-02
  2.81855029e-02 -1.91396125e-02  6.09772686e-03 -1.24392791e-02
 -3.09623454e-02 -1.47206514e-02  5.99031788e-03 -3.44355226e-02
  5.29940408e-03 -4.39249466e-03  2.94549008e-02 -6.68485001e-03
  1.13799325e-02  3.31576273e-02  4.12703945e-05]
