[[ 0.01021473 -0.05356041  0.00513374 ... -0.01222363 -0.00470575
  -0.01324497]
 [-0.02721549  0.01098492 -0.05851179 ... -0.08048042 -0.01128257
   0.03244724]
 [ 0.03250973 -0.06995453 -0.05388548 ...  0.0744682   0.02142265
   0.01184477]
 ...
 [-0.08100206 -0.06423175  0.06893005 ...  0.07961371  0.05346214
   0.0488021 ]
 [ 0.0396456   0.00622075  0.017369   ...  0.0131353  -0.05107926
  -0.07215183]
 [-0.02269023 -0.0047334   0.04438974 ... -0.00434619  0.01678469
  -0.00914389]]
[ 0.00893717 -0.15340851  0.06016683  0.01347989  0.06840644 -0.02470983
  0.07114205  0.05860807  0.01825547  0.01404774  0.14636335  0.02104217
  0.04267247 -0.02746469 -0.01991808 -0.03426143  0.0107591   0.11260889
  0.12628423  0.05136778  0.03394609  0.05103807  0.12205827  0.10975099
  0.03767359  0.19262873  0.11675823 -0.00551649 -0.14276886  0.07403076
  0.0555968   0.1082573   0.11445498  0.06466306  0.15759433 -0.02751158
  0.07598979 -0.00101287  0.02687733 -0.00483177  0.04202752  0.03260598
  0.0131527   0.04225448  0.01720676  0.00747696  0.07779275 -0.06225903
 -0.03505677  0.05892307  0.10597051  0.14893916  0.05048789  0.10646881
  0.03370651  0.02241142  0.18098773 -0.0172666   0.07593343  0.13266105
 -0.00668607  0.1198117   0.03618647  0.01963064 -0.03010612  0.01105982
 -0.0364234   0.07372063  0.00607743  0.04469668  0.02890984  0.22086881
 -0.03341478 -0.03978254  0.08095748  0.04135363  0.19455653  0.07094053
  0.04745178 -0.02717814  0.09557171  0.04231358  0.11245899 -0.11353795
  0.04645857  0.08435083 -0.0327788  -0.00160351  0.04519329 -0.02733992
  0.08938318  0.09350355 -0.0090546   0.09833864  0.08386906  0.00396212
  0.02930333  0.00740646 -0.01242531  0.05045659 -0.02382411 -0.1518683
  0.00454624  0.02623677  0.01125064  0.03314087 -0.02577909  0.02544416
 -0.09286758 -0.04692133 -0.08852176 -0.05048867 -0.00472994  0.23760969
  0.05778747 -0.04667815  0.15995309  0.07380897  0.08098505 -0.01738659
  0.04070342  0.05452544 -0.0224608  -0.07329653  0.03382203 -0.04603098
  0.03101871  0.01513283]
[[-0.00139943  0.14769052 -0.14097453 ...  0.16727146  0.04451611
   0.02860868]
 [ 0.19573406 -0.08413909  0.11763688 ...  0.33839629  0.14573142
   0.02808895]
 [-0.20229257 -0.12646102 -0.09151946 ...  0.13009549 -0.05316842
   0.05011203]
 ...
 [-0.09750898  0.04769652  0.144504   ...  0.03530136 -0.10016839
  -0.01805184]
 [-0.09114446  0.05672817 -0.02141559 ...  0.0364582   0.11919378
   0.14247611]
 [-0.04876662  0.17175966  0.12109602 ... -0.02492602 -0.05503134
   0.02021618]]
[ 0.06750251  0.04415949  0.04071088  0.02266623  0.08274986 -0.00754952
  0.01351857 -0.05708047 -0.02475827 -0.007151    0.05635162  0.05481227
  0.007684   -0.0621902   0.05766699  0.01142813  0.07835943  0.08161068
  0.0937593   0.0088456   0.0553094   0.05966553 -0.01399901  0.09742685
 -0.00805499  0.08346195 -0.01042655  0.01619094  0.02927183 -0.01513754
  0.04637782 -0.00784452  0.03095398 -0.02342451 -0.02421482  0.0664663
 -0.01335627  0.01585499  0.05233771  0.01424325 -0.00219446  0.07490588
  0.21397246 -0.01100905  0.0318372   0.00179808  0.01249074  0.0409911
  0.08857493  0.02174097  0.07135196  0.00857467 -0.00717374  0.07127564
 -0.01666399  0.09185795  0.02944587  0.002862    0.08974741  0.07279531
 -0.01403223  0.0651572  -0.0697851   0.0009092   0.04961255  0.01663608
 -0.025165    0.01198555  0.17843792  0.00277041  0.03637231 -0.0082493
 -0.00145636  0.0909911   0.00778645 -0.07181188  0.05342503  0.02191262
  0.0072465   0.00498032 -0.02231421 -0.01945447  0.00402598  0.01299163
 -0.01306504 -0.0102156   0.13922995  0.03717144  0.04621734  0.12457135
  0.00284382  0.05702076  0.02763208 -0.04067306 -0.09466743  0.0475374
  0.06368397  0.03457883 -0.03722502  0.09177304  0.09433626  0.00857209
 -0.03054975  0.00624668 -0.01293194 -0.02675718  0.01836333 -0.06084041
 -0.02162604  0.04911841 -0.0529048  -0.0010125   0.04840446  0.0401131
  0.00754036 -0.00480854  0.08147216 -0.01785267  0.03684393  0.0874532
 -0.07388876  0.02015166  0.01484053  0.14811898  0.0117884  -0.00227367
 -0.05078684 -0.0606661 ]
[[ 0.15782733  0.11692861  0.01955582 ... -0.13333071 -0.00565564
  -0.16201817]
 [-0.08436527  0.09451892  0.19377971 ... -0.04819362 -0.04392098
  -0.13578657]
 [ 0.01289034 -0.1509488  -0.05561504 ...  0.1069036  -0.00810415
   0.16129759]
 ...
 [ 0.00412747 -0.02774538 -0.09144654 ... -0.03407292 -0.07488416
   0.13443463]
 [-0.05230369 -0.04413087 -0.07596978 ... -0.09841543 -0.01618885
  -0.06870304]
 [ 0.05719738  0.27361556  0.11268184 ... -0.15014396 -0.16233087
  -0.18956559]]
[ 4.95498058e-02  3.42737165e-02  5.05094285e-02 -1.02126467e-02
  5.40887047e-02 -8.42852496e-02  1.31887413e-02  3.34752517e-02
 -1.35067099e-02  1.93723311e-03  3.31532456e-02  8.58075863e-03
  1.32360328e-01 -4.79168989e-04 -2.66476875e-02  1.23935006e-02
  3.96382907e-02 -2.09896992e-02 -2.15959469e-03  8.55225670e-02
  7.73481089e-02 -1.17007900e-02 -2.45725644e-02 -2.62381538e-04
  9.85801212e-03  4.18976493e-02 -5.03522681e-03  3.37839747e-02
 -1.27242596e-02  7.20619025e-02  1.22013949e-03  5.82777742e-02
 -2.15820461e-02  5.66237226e-02  5.02178103e-02 -9.80066249e-03
  9.49614803e-03  7.19223529e-02  5.62760405e-02  8.63566180e-03
  6.37581318e-03  7.04273019e-03  4.66462361e-03  9.08176718e-02
  1.48468158e-02 -3.80444857e-02  5.76215550e-03  6.30093762e-03
  5.17182293e-02  6.94400810e-02  7.51567158e-03  5.15619120e-02
 -1.27266722e-02  4.43860268e-02  8.38804539e-02 -2.15412950e-02
 -3.68101378e-02 -8.03562203e-03  2.02151834e-02  1.61516339e-02
  6.34011908e-02  1.72618341e-02  4.55838988e-02  1.02521685e-01
  1.58220167e-03  1.49731736e-02  7.07030494e-02  6.90875408e-03
 -1.64931718e-03  3.07099185e-02 -1.29362759e-03  1.43126424e-01
 -7.82695202e-05  2.39295547e-02 -1.93928060e-02  3.19295809e-02
 -1.42999748e-04  3.56508416e-02  8.04383561e-02  9.18552876e-02
  1.69802226e-04 -1.70496301e-02  6.22960376e-03  3.06488561e-02
  5.53408051e-02  1.28957394e-02  2.25205210e-02 -5.41916792e-03
 -1.30620916e-02 -3.72353445e-02  5.34497336e-02  6.57217859e-04
 -2.67384226e-04  1.57391749e-02  6.61154594e-02 -2.50951740e-02
  5.81810775e-02  9.08393960e-03  4.42711301e-03  1.18887768e-03
 -8.76185616e-03  3.05573738e-03  3.91732420e-03  4.84232992e-02
 -2.49042926e-02 -8.38330149e-03  1.01298039e-02 -5.64861275e-02
  1.74036153e-02  7.38298430e-02  7.87729965e-04  6.59544665e-02
 -5.32451704e-02 -9.74904576e-04 -1.11450888e-02 -6.57204684e-02
  1.68994650e-02 -4.74065538e-02  4.59011317e-02  8.74616204e-03
  9.80397951e-04  1.36922862e-01  1.23353485e-04  2.07460893e-02
  3.56882510e-02  8.77812900e-02  8.58906307e-05  6.72274652e-03]
[[ 0.08792611 -0.13296843  0.09633456 ...  0.15971414  0.08954013
   0.1307823 ]
 [ 0.06124686  0.1011429   0.24653143 ...  0.2421599  -0.077899
  -0.0589384 ]
 [ 0.02912274 -0.02746202 -0.03493929 ... -0.00933539  0.0968802
  -0.09305066]
 ...
 [ 0.23482214  0.13561657  0.11786227 ... -0.03479209  0.05635892
  -0.11258333]
 [ 0.03942676 -0.12581613 -0.03120457 ... -0.00161187  0.01261152
   0.01762998]
 [ 0.0149526   0.04506979  0.0785202  ... -0.06709864 -0.02928882
  -0.12302615]]
[-1.15276970e-01  9.27351728e-02  4.47966801e-02  3.91594807e-02
  5.40587243e-02 -5.14642617e-02  9.68455207e-02 -4.00695530e-02
  5.77603633e-02  1.96356879e-02 -4.94120919e-03 -2.69511325e-03
  5.63741678e-02  1.09438179e-02 -3.02659307e-02 -1.98195593e-03
 -2.63042732e-02  1.15286420e-01  1.23082532e-02  5.07873171e-02
  2.53169391e-03  5.89181025e-02 -8.83163738e-03 -1.04925459e-02
 -9.01171585e-03  4.79512402e-02  7.87289003e-02  1.78059374e-02
 -5.83646728e-02 -2.59253861e-02 -2.26979757e-02  3.80764999e-02
 -9.49712543e-03 -3.88360482e-02 -2.97689604e-02  7.51554384e-03
  2.30440256e-02  1.02342758e-02 -1.06424570e-02  5.66750424e-03
 -1.14465128e-02  3.69697201e-02 -1.12649522e-02 -1.85653703e-03
 -1.54860415e-02  4.68469100e-02  5.74758001e-02  8.99664657e-02
 -2.74944678e-02  1.77540207e-02  9.08255973e-02 -1.50821845e-03
  2.66527893e-02  7.35528293e-02  1.93787025e-03  1.31332687e-04
  2.48869993e-02  8.88404890e-02  1.02062581e-01 -1.95825404e-02
 -9.28119537e-02  3.66272116e-02  5.72129468e-02  3.26974396e-02
  1.37529770e-02 -2.98520720e-02 -3.94834910e-02  6.55271033e-02
 -1.04333077e-03  5.30200355e-02 -1.41606989e-02 -4.58359038e-02
  4.95965296e-03 -9.51105780e-03 -2.37949474e-03  4.82746625e-03
  1.33803810e-02  3.29698919e-02 -4.37351872e-02 -2.81876996e-02
  2.26212732e-02  1.18099140e-02  2.29540454e-02 -1.90045481e-03
 -1.28973133e-02 -5.06543935e-02 -1.30977520e-02  1.42928559e-02
  4.75054665e-02 -1.01925945e-02  5.92027262e-03 -2.99524586e-02
 -5.14477150e-05 -8.27903609e-02  1.35067159e-02  3.70027540e-02
  1.56446726e-02 -6.58080493e-03  2.09941299e-03  2.04354439e-03
 -1.02460176e-02  6.05072568e-02 -1.69362606e-02  2.18983914e-04
  3.51304685e-02 -1.29635433e-02 -9.90987615e-03  3.24664149e-03
 -4.19212231e-02  6.33489506e-02  2.80579980e-02 -1.49770684e-02
 -9.90172003e-04  3.90918160e-02 -4.53463737e-03  6.61060579e-04
 -1.53521255e-02  1.12540003e-02 -8.61014604e-03 -5.90790153e-03
  6.47843612e-02  2.42613122e-02  2.33673012e-02  1.17383271e-04
 -3.26303311e-04  4.03312838e-03  1.67829701e-02 -1.45242266e-02]
[[ 0.0897251  -0.11172789  0.25499459 ... -0.08914312 -0.03056338
  -0.14447786]
 [ 0.11022424 -0.20072972 -0.06341079 ... -0.14080497 -0.03041671
  -0.15715846]
 [ 0.16338336 -0.10583709  0.09746561 ... -0.26241175  0.11197433
  -0.03782394]
 ...
 [ 0.05937022  0.07626074 -0.17408394 ... -0.22232886 -0.24194311
   0.02317933]
 [ 0.03344719  0.08629527 -0.11619721 ...  0.21951684  0.16737423
   0.1217945 ]
 [-0.08369283  0.62323291 -0.20932305 ... -0.40320741 -0.1022896
  -0.10291228]]
[-0.01571266  0.01558429 -0.00948009 -0.01099897 -0.06232821  0.02427593
  0.02621278 -0.06299769 -0.0784489  -0.03512008  0.00308813  0.00970862
  0.03006792 -0.00982807 -0.07738048  0.104523    0.07132588  0.02131079
 -0.05636319  0.12890447 -0.0516022   0.17826598  0.0394299  -0.01615277
 -0.0523585   0.06137709  0.09457878 -0.03537432  0.03522367  0.10479266
  0.01689659 -0.01457598 -0.04253482 -0.06131117  0.11856624 -0.02884399
 -0.13009757 -0.01592626  0.08019548 -0.06298754 -0.05186961 -0.08003756
  0.05841781  0.00841901 -0.11770371 -0.09015303  0.03902236]
