[[ 0.0221883   0.05397511  0.03771297 ...  0.05938407 -0.07251989
   0.01592716]
 [-0.01779869 -0.00343897 -0.01238005 ... -0.04763687  0.07074094
   0.05002636]
 [ 0.03922916  0.04719447 -0.04187549 ...  0.03542796 -0.0239765
  -0.05393213]
 ...
 [-0.02575677 -0.03054869  0.04294666 ... -0.07450267 -0.05384638
  -0.0416969 ]
 [ 0.05376399 -0.07282412 -0.01114056 ... -0.03217885 -0.0505731
  -0.04133016]
 [ 0.03112774  0.03814582  0.02159904 ...  0.03955362 -0.01655369
   0.03508236]]
[ 0.00269595 -0.00440091  0.01120832  0.01542002  0.03642936  0.0027972
  0.0135786   0.00692427  0.00199923  0.01067485  0.00114448  0.03877795
  0.00129252  0.00213579  0.00053801  0.00597647  0.02193841  0.00547552
  0.00119699  0.03828701 -0.00850584  0.02234186 -0.00781787  0.03314056
  0.00572444  0.03620926  0.00403489  0.022449    0.0218381   0.00140245
  0.0192029   0.01439437  0.00363736  0.00728469  0.01166957  0.03479707
  0.0345849  -0.00550532  0.00172334  0.03090601  0.01466617  0.03723054
 -0.00639481  0.01757984  0.0165595   0.02064463  0.01551537  0.0051201
  0.03079205  0.03189558  0.02151357  0.00132819  0.01335691 -0.00166288
  0.00527665  0.00776633  0.02055825  0.02179212  0.00069336  0.00808227
  0.03652043  0.00608425  0.02298143  0.00050398  0.02666267  0.00339969
  0.01340161 -0.00094941  0.01617908 -0.00501475  0.00995014  0.01852754
  0.00713646  0.0170507   0.01972884  0.02436501  0.01596076  0.00756536
  0.0102853   0.04171344  0.02999483  0.00929982  0.01088228  0.00250624
 -0.00422635  0.02765721  0.04187639  0.01147591  0.0209216   0.02010724
  0.00846097 -0.00911901  0.01420747  0.00189227  0.01101833  0.02287341
  0.00665073  0.0205714   0.02575195  0.03547106  0.01012749  0.01149042
  0.00693637 -0.00461169  0.01065132  0.01251719 -0.00075977  0.00199621
  0.02097925 -0.00259542  0.00977071  0.02427794  0.0306143  -0.00205877
  0.01553367  0.01492039 -0.00174155  0.00648345  0.00313613  0.01558602
 -0.01015902  0.03396287  0.00747544 -0.00078303  0.00812832  0.00601905
  0.00536986  0.01207063]
[[ 0.03864859 -0.05123613 -0.1283643  ... -0.00167435 -0.06803346
  -0.10967832]
 [-0.01297582 -0.10034086 -0.0408444  ... -0.06886728 -0.01246247
  -0.06283554]
 [ 0.07415043  0.11969486 -0.05449435 ... -0.05418995 -0.03763663
  -0.15213484]
 ...
 [-0.09042034  0.06876553 -0.03346362 ...  0.05866002  0.08911521
   0.06614723]
 [-0.00113007  0.10844264 -0.03306465 ...  0.11303135  0.05390198
   0.06523564]
 [ 0.04148059 -0.12701089  0.01009433 ...  0.15020284  0.14407415
  -0.09023595]]
[-0.00187119  0.01368763 -0.00134167  0.01040987  0.00256376  0.01555383
  0.01042092 -0.00168524  0.01280648 -0.00597941  0.02969408 -0.00378315
 -0.00567074  0.01367802 -0.01459933 -0.00148694  0.00985645  0.02795618
  0.00211194  0.0080711   0.01635414  0.00074213 -0.00103109  0.0350341
 -0.00445834  0.03220004 -0.0031436   0.03159041  0.0076995   0.00323034
 -0.00100941 -0.00328948  0.01032175  0.02303395  0.04628039  0.00869512
 -0.01748911  0.0217363  -0.01697468  0.00031973 -0.00539394  0.03457511
 -0.00137938  0.03106686  0.0064987   0.00772344  0.00593573  0.00452726
  0.01003857  0.01863652  0.00892521  0.00834048  0.01151649  0.00242006
  0.03711013  0.00084617 -0.00021341 -0.00389714 -0.00080713  0.03016849
  0.01446032  0.04201523 -0.0088568   0.01528574  0.00200651  0.00321029
  0.00799818  0.02711459  0.00503188  0.01314726  0.01325245  0.04345224
 -0.02412411  0.01188837  0.0027896   0.0212896   0.00524126  0.00499651
  0.02489201  0.00899147 -0.00227565  0.00548162 -0.00390286  0.00525476
  0.0122787   0.01961791  0.0296463  -0.00787256  0.00235084  0.03337264
 -0.00300409  0.02835768  0.02330407  0.0341506   0.02088802  0.00558381
  0.00867684  0.00356584  0.00973924 -0.00041624  0.00214465 -0.00078352
  0.00397845 -0.00754503  0.02539398 -0.00569146  0.02312132 -0.00111318
  0.00630848 -0.00265088  0.00273889  0.01979652  0.01968752  0.02203524
 -0.00487858  0.01498465  0.01569552 -0.00175195  0.00045113  0.01265695
  0.00458424 -0.00424818  0.01539638  0.01129966  0.02595027 -0.01763115
  0.00126331 -0.00628261]
[[-0.01524147  0.0395489  -0.07604076 ... -0.06989882 -0.0417331
   0.13405771]
 [-0.09958293  0.1370058  -0.03857685 ... -0.09069805  0.1065677
  -0.00821151]
 [ 0.06026191 -0.02566659  0.14901848 ...  0.04759451 -0.13685816
   0.06229037]
 ...
 [-0.14118522 -0.12547962  0.1262794  ...  0.01780392  0.01987275
   0.0600739 ]
 [-0.13306665  0.02562642  0.10058142 ... -0.06952535 -0.14605757
  -0.00137126]
 [ 0.14161492  0.00225259  0.11905377 ...  0.01840633 -0.07827129
  -0.00323844]]
[ 3.04314361e-02  6.24040938e-03  3.52419387e-02  2.77906081e-02
  5.64138470e-04  5.05329042e-03  2.81954210e-03  1.36186626e-02
  1.45735943e-02 -1.54990919e-03  1.32241206e-02 -1.97531140e-03
  2.76498986e-02  1.30623382e-02 -1.17763542e-03  8.21149093e-03
 -8.15955986e-03  7.23910544e-03  9.67480581e-03 -1.71282453e-03
  3.13835009e-02  3.02416918e-02  2.49110018e-02  3.96223651e-03
 -3.84823988e-03  7.27398760e-03  1.49071719e-02 -6.14042957e-04
  1.25690569e-02  1.90934870e-02 -1.49312586e-04  1.56060880e-02
  1.34731231e-03  7.72695489e-03 -8.54047637e-03  3.07323507e-02
 -9.78799749e-05  2.02024689e-03  2.11738829e-02  2.79472829e-02
  8.11624670e-03  3.81192940e-04  7.03688431e-03  1.67367815e-03
  1.92415863e-02  1.92903284e-02 -1.37771388e-02  9.24113270e-03
  4.96757958e-04 -6.51513510e-04  4.31725767e-02 -1.17098990e-03
  4.07277511e-02 -1.18338694e-02  1.73789085e-02 -9.10668399e-04
  4.66280356e-04  1.21088163e-02  5.84038368e-03  1.01805279e-02
  2.19667877e-03  1.08090672e-02  5.76270419e-04 -1.62909167e-02
  3.03435243e-02  3.17469041e-02  1.30907281e-03 -5.67525547e-03
 -1.26212015e-02 -6.93184207e-03  1.64928771e-02  3.06243779e-03
  6.90349193e-03 -5.66015371e-03  1.26655116e-02  1.53474207e-02
 -2.69292717e-03  2.09726980e-02  2.44608910e-03 -3.55424251e-03
  1.70278041e-03 -7.20188446e-05  2.06768667e-02  1.84642465e-02
 -1.95303885e-04  2.25536045e-03  2.05638090e-02  6.92122517e-03
  1.85916732e-03  7.78127383e-04  2.45582724e-02  6.72793402e-03
  2.30184788e-02  4.68265844e-03  3.57150840e-03  6.99734040e-03
  4.17275249e-03  1.18579314e-03  2.95756188e-02 -3.49739636e-02
  9.88339728e-03  7.94877201e-03  1.01130296e-02  3.30030478e-02
  8.62467445e-03 -1.84098325e-03  3.56803947e-04  2.51655961e-02
  2.41251689e-02 -7.47062279e-04  6.36518446e-03 -1.90075429e-02
  4.58751272e-03  2.13033071e-02  1.30216590e-02  2.11931819e-02
 -5.45430157e-04 -1.15706223e-02  6.53825061e-03 -3.66545184e-03
  1.80247545e-02 -5.12080191e-03  1.85074775e-02  2.61619122e-02
 -3.13635429e-03  4.94795946e-03  6.53931832e-04  2.27411168e-03]
[[ 0.07521505  0.14775907  0.09272593 ...  0.10642666  0.02993346
  -0.11995865]
 [ 0.16383055 -0.05250659  0.05522161 ...  0.13367718 -0.04107214
  -0.09510111]
 [ 0.09104331 -0.10825826  0.00528521 ...  0.0190356   0.12215956
   0.12109961]
 ...
 [-0.02956676  0.0946146  -0.11245009 ... -0.09738979  0.00499717
  -0.03863835]
 [ 0.02381854  0.07964778 -0.05581261 ...  0.07696786 -0.00310487
  -0.13130204]
 [ 0.08265576 -0.06984308  0.16664819 ...  0.07055791 -0.11370529
   0.04637109]]
[ 0.01574675  0.04141244  0.00530538 -0.00369005 -0.02575392  0.01833013
  0.01468649 -0.02257588  0.02047445  0.0036009   0.02476038 -0.02653886
  0.01084795 -0.01114368  0.00793734  0.05413866  0.02481212 -0.0034114
  0.01013946  0.02537745 -0.00276146  0.01073681 -0.00156466  0.01837195
 -0.01884267 -0.00656133  0.00336416  0.01666505 -0.02350252  0.00653804
  0.00932267  0.05283094  0.01193978 -0.00781908  0.00272142 -0.00587685
  0.03036277  0.00869692  0.0262544   0.01626205  0.01163706  0.00545806
  0.01390392  0.00919997 -0.00781508  0.00556094  0.01216274  0.00671257
  0.01582556 -0.00084602  0.01484448  0.02136136  0.01135401 -0.00639013
  0.00354036  0.00817179  0.0295961   0.0098463   0.00835065  0.02037313
  0.01700854  0.00250922 -0.00118364  0.00064493 -0.01006241  0.0113612
  0.01732591  0.01388122  0.01007622 -0.01862069 -0.00793197  0.00395284
  0.01133625 -0.01781852  0.01578522 -0.00295542  0.00523214  0.03548915
  0.00409291  0.02127605  0.03613197  0.01463186  0.01934986  0.02333858
 -0.00672356 -0.00061356  0.00339785 -0.01548536  0.01541491  0.0044738
  0.00195433  0.02923546  0.01506736  0.0263527   0.0162176   0.02257425
 -0.0013336   0.00461611  0.01472514  0.01108485  0.03681819  0.02688684
  0.01539379  0.00019178  0.00335779  0.00442419  0.00469809 -0.01618071
  0.01855031 -0.01282425  0.00236455  0.0118109   0.03002279 -0.03664245
  0.02139147  0.01429723  0.00057467  0.00413741  0.01390611  0.03280498
 -0.00578238  0.01199533 -0.01286011  0.02505354  0.0140909  -0.0175621
  0.00271804 -0.00765751]
[[-0.11400879 -0.19140337 -0.12096274 ...  0.05301963  0.14965526
   0.0237322 ]
 [-0.02669744  0.15926926  0.16162426 ...  0.1158448  -0.14177074
   0.07868221]
 [ 0.02021546  0.08132198  0.1946512  ... -0.04113524  0.13470661
  -0.04103394]
 ...
 [ 0.05264126  0.05894967 -0.17504134 ...  0.10270287 -0.08812782
   0.14012923]
 [-0.02095943  0.06090919  0.09204583 ... -0.09233733 -0.02390035
  -0.00275771]
 [-0.02796861 -0.1345099   0.05333974 ...  0.09175341 -0.16909956
   0.06353943]]
[ 0.00230826  0.04324709 -0.00876427 -0.00399342 -0.02414706 -0.01471573
 -0.0015605   0.01034297 -0.00577448  0.01844679 -0.00443704 -0.0478791
 -0.02219346 -0.01227026 -0.00295336  0.01012548 -0.01502464  0.01464245
  0.05040264  0.00195665 -0.01279953  0.05847841 -0.02103546  0.00594164
 -0.01845351 -0.02423507  0.00502674 -0.02038635 -0.02198227  0.03583034
  0.00726075 -0.00049611 -0.00613578  0.01634929  0.02880896 -0.01800433
 -0.0134159  -0.01795356  0.00105083 -0.00163347 -0.00280346  0.0282743
  0.01822171 -0.00592457 -0.02828878  0.01404967  0.00649649]
