[[-0.05702619  0.02548276  0.05823808 ... -0.03512213 -0.05012886
  -0.07202348]
 [ 0.06020717  0.01811637 -0.05721492 ... -0.00966733  0.02861601
  -0.02374399]
 [-0.03866227 -0.04112934 -0.01950178 ... -0.08068375 -0.02839776
   0.0598606 ]
 ...
 [ 0.01591541  0.02974497  0.05026951 ...  0.03743867 -0.06398657
  -0.0196932 ]
 [ 0.05911002 -0.01682858 -0.01543768 ...  0.0353934  -0.02525492
  -0.03048507]
 [ 0.01944824 -0.06537415 -0.00641802 ... -0.07330485  0.05530794
   0.01116923]]
[ 0.03495465 -0.14346225  0.05698842  0.23409833  0.4145283  -0.33905702
  0.3195762  -0.2711954  -0.50817963  0.48823194  0.0202585  -0.4959003
 -0.15853462  0.18302116 -0.25788885 -0.2812859   0.451777   -0.0689227
  0.04570298  0.36957504  0.33960267 -0.11626505  0.04313342 -0.14758625
 -0.27546696  0.11331609 -0.02213001  0.33962576  0.3892995   0.25276919
 -0.08427832  0.21774682 -0.18525119 -0.77474413  0.23835462 -0.28060285
  0.08032312  0.02543852  0.01182617 -0.00122218 -0.11576291 -0.29809394
 -0.03124218  0.12729558 -0.31663134 -0.42145888  0.52726448 -0.11018173
 -0.03812828 -0.05902494 -0.37921985 -0.27181332 -0.16664895  0.43533379
 -0.18114274  0.23303626 -0.19424516  0.6817179   0.51329408  0.70412668
  0.0450244  -0.58471626  0.02009988 -0.29562451  0.15131758 -0.03239794
 -0.35088654  0.10651964 -0.24216252 -0.08833737  0.17638785  0.11037552
 -0.62434261  0.19791274  0.08896282  0.22672164 -1.03395118 -0.02753001
 -0.1037965   0.1377021   0.42574577  0.11131863 -0.18875311  0.2222495
 -0.46527232 -0.03191871  0.41073881  0.10821633 -0.66193862  0.03020837
  0.01378401  0.17768238 -0.17478376  0.36824947  0.13882744  0.78652395
  0.00892722  0.10654059  0.15072698  0.27182174  0.00330507  0.4405514
  0.11804672  0.66641826 -0.04716875 -0.21349215  0.19054815  0.12330877
 -0.03480106 -0.08627495 -0.15671089  0.09890397 -0.08300066  0.1668629
  0.23292069 -0.23291124  0.05907113  0.2427328  -0.31449178  0.53221995
  0.2050164  -0.08359747 -0.21880776  0.01679861  0.49838129  0.15975752
 -0.43564396 -0.05809   ]
[[-0.26654083  0.34058558  0.0623888  ...  0.01872499 -0.05360579
   0.07991777]
 [-0.03054812  0.08929678 -0.24565722 ... -0.11551253 -0.01477474
   0.21425451]
 [ 0.04570948  0.46410757  0.35685495 ... -0.04808786 -0.09253535
  -0.18277133]
 ...
 [-0.23956613  0.10230401  0.10992582 ...  0.1456848  -0.09700529
   0.20574563]
 [-0.09175685  0.4430648   0.49097657 ... -0.35114408 -0.25277413
  -0.17506423]
 [ 0.13579827 -0.10313004 -0.13860406 ... -0.16935305 -0.04243428
   0.17470019]]
[-0.0300875  -0.14945843  0.0617661   0.27289857 -0.23794653 -0.02298092
 -0.05406284  0.29312892 -0.04718072  0.01502623 -0.13376694 -0.09930688
  0.03161341  0.23258635  0.22335239  0.16906956  0.16878825 -0.04737212
  0.05876198  0.01282082  0.00526611  0.13468252  0.01227066 -0.27080748
  0.14603187  0.24550501 -0.02568967  0.11827948  0.11007746  0.23263882
  0.0236644  -0.12380946 -0.07784721 -0.06637271  0.38826695  0.09351816
  0.0007607   0.35208753 -0.11685795 -0.18567821  0.07565863  0.4522321
 -0.14897516  0.35280685  0.16379221  0.08275389  0.40757285 -0.18989988
  0.28781555 -0.12181857 -0.29225366  0.07637274 -0.12167833 -0.14193616
 -0.06234768  0.02374971 -0.0157027  -0.01136069  0.46552734 -0.1518973
 -0.30801995 -0.02176975 -0.0670045   0.17249752  0.17300129  0.00079015
  0.02822202  0.09928911  0.13071201 -0.13750514 -0.12753681 -0.0894782
 -0.05376287  0.04685648  0.29405885  0.09320438  0.14839767  0.36523301
  0.21782223 -0.14673331 -0.21483699  0.27874742 -0.02299678  0.14447597
  0.23596414 -0.00713939 -0.0405644  -0.17034351 -0.03206319  0.46368649
 -0.22059851  0.13075367  0.06848174  0.01903575  0.01293153  0.52836356
  0.24078999 -0.08552118  0.00958866  0.42233112  0.63429274  0.17047211
  0.20738666  0.55160166 -0.18541347 -0.08729503  0.20484948 -0.09696013
  0.34885516 -0.05929821 -0.11570763 -0.01023333  0.21830854  0.29579031
  0.11538694 -0.26458727 -0.1849136  -0.0826134  -0.0726472  -0.06753657
 -0.35711635 -0.17342371 -0.01807333 -0.18039267 -0.15280526  0.00932412
  0.02433687  0.00793246]
[[ 0.37640153 -0.25397383  0.19184068 ... -0.25678191 -0.09048149
  -0.239104  ]
 [-0.04156283 -0.28903169  0.09761078 ...  0.02139642 -0.33232207
   0.14720603]
 [-0.08337992 -0.11955202 -0.0169811  ...  0.17467661 -0.02694664
  -0.06553105]
 ...
 [-0.15788352  0.12779461 -0.10651663 ...  0.08815374 -0.17139661
  -0.05572134]
 [-0.36811644  0.2048281   0.15548631 ... -0.22692658 -0.11796953
  -0.17860989]
 [-0.01520491  0.10941638  0.0952493  ... -0.42646987  0.29032822
   0.41502335]]
[ 2.63356119e-01  1.75970883e-01  1.28498595e-01 -8.61977596e-02
  6.76968079e-02 -1.24112614e-02 -4.47867352e-02  7.56429374e-01
  2.13507687e-01 -1.09918427e-01  4.90556930e-02  8.89206230e-02
  3.07271081e-01 -1.60177174e-01  1.18144833e-02 -3.45254174e-02
 -1.13409753e-01  1.28089015e-01 -4.65645375e-03  3.43862234e-02
  1.37345900e-01 -4.25582495e-02 -2.14113477e-01  1.15774953e-01
  1.31896425e-01  1.26343380e-01 -1.05853890e-01 -4.84083404e-02
 -8.50194862e-02  9.34629022e-01  1.36914712e-01  2.55071050e-01
  6.28235117e-02 -4.82225463e-03 -1.88178862e-01 -9.46788177e-02
 -4.37873485e-01 -1.92044384e-01  7.52203047e-02 -4.92910974e-02
  4.31487757e-01 -2.09454110e-02  2.52530217e-01 -3.60514663e-02
 -2.89079932e-01  1.40154099e-01 -6.06810871e-02 -8.27257526e-02
  2.94883371e-01  3.33400197e-02  5.89727612e-02 -6.17870087e-02
 -4.24274020e-02  1.44052184e-01 -2.29673576e-01 -1.12727784e-01
 -1.58819431e-02  3.16127584e-01  1.46944434e-01  1.44296671e-01
  1.90539845e-02 -6.75405672e-03  2.13017643e-01  1.84554360e-01
 -1.29534500e-01 -4.22736088e-02 -2.65604891e-03  1.85012561e-01
  1.70056539e-02 -1.19110643e-01  4.29938608e-02 -1.55114967e-02
  6.15613318e-02  1.09137443e-01  3.43012027e-01  4.83378053e-01
 -6.86984552e-02 -1.28551922e-01 -9.49662258e-02 -1.61462303e-02
 -1.72954040e-02 -1.48253694e-01 -3.34543298e-02  1.50918360e-01
  3.03525383e-01  1.44144473e-01  2.59088488e-01  2.55747095e-01
 -9.74139993e-02 -1.85929406e-02 -1.25575455e-02  3.58486580e-02
  2.06467171e-01  1.59235675e-01  2.32059530e-01 -2.18679523e-02
 -6.12371757e-02 -6.14168345e-02 -4.60677784e-03 -7.30780228e-03
 -2.11861057e-02  6.72289789e-02  7.64945920e-02 -2.71566438e-01
  2.23051440e-01  1.64710834e-01 -3.51786071e-02  1.20384085e-01
 -4.70137268e-03 -1.53039509e-02 -2.19175034e-01  1.12310790e-01
  1.18748201e-02  4.50177167e-03  5.77481494e-02 -1.57435722e-04
  1.66677846e-03 -1.54404367e-01 -1.41913604e-01 -3.09582453e-02
 -1.03815124e-01 -5.54264258e-02 -1.82450535e-01 -1.69320765e-01
 -6.65161061e-02 -1.36917732e-02  6.30214138e-02  3.48278674e-02]
[[ 0.11752583 -0.36135419  0.05938598 ...  0.01728431 -0.10297356
   0.53494446]
 [ 0.16032549 -0.28276523 -0.2515328  ... -0.08662752 -0.27338342
  -0.17877508]
 [ 0.00905637  0.30297835  0.00338078 ...  0.12013257 -0.40816568
  -0.23249899]
 ...
 [ 0.05223189  0.07035293  0.18984449 ... -0.10235311 -0.2886311
  -0.01724569]
 [ 0.30031756  0.2892021  -0.33079694 ... -0.10148135 -0.07624611
   0.03321099]
 [ 0.04937182 -0.12117027 -0.06461154 ...  0.13092224 -0.11496192
  -0.18429553]]
[ 0.10200268 -0.00085117 -0.04238197 -0.01216596 -0.01746346  0.06785673
 -0.03164823  0.21115984  0.17042618  0.09433874 -0.07928837  0.01255388
  0.29701319 -0.02948136 -0.29150073 -0.06504644 -0.03772919 -0.07566372
  0.38328683 -0.02067787  0.0403844   0.10626085 -0.08474593 -0.03242299
 -0.17451592 -0.12302842 -0.20968629  0.18151845  0.30286307 -0.07306993
  0.07529198 -0.06214481 -0.17663837  0.02035253 -0.08252676 -0.02617836
  0.21816089  0.16191121 -0.10479332 -0.03925535 -0.01795182 -0.01975315
  0.08062577  0.04752322  0.14902054 -0.077044   -0.09668661 -0.0689045
  0.08012323 -0.09676886  0.11085836 -0.02072487 -0.01593079  0.10846049
  0.12186662 -0.05984189  0.32573249  0.02708662  0.09131464 -0.04608543
  0.45158086 -0.14365645  0.03151319 -0.08765671  0.10233909  0.05157979
 -0.00867566 -0.04204448 -0.13552782  0.05960196  0.16104683  0.00469344
  0.27621289  0.33043852 -0.0569788  -0.02118522  0.1373499   0.23777641
  0.0033498   0.07235466 -0.02045129  0.03247588 -0.09422845 -0.08883315
  0.05556738  0.00629888  0.01837038  0.31729597 -0.05744887  0.04137197
 -0.01738213 -0.19671368  0.08493064  0.16520212 -0.09361145 -0.00593509
 -0.04718476  0.09398894  0.12141227  0.24598736 -0.09871635 -0.16698778
  0.09895443 -0.10963267  0.039344   -0.25331795  0.18437134  0.14317523
  0.05155699 -0.01834058  0.16712299 -0.01213298  0.04250349  0.32242677
 -0.02822557 -0.02085602  0.28854108 -0.18066504  0.14529093 -0.04035114
 -0.01935    -0.01602651 -0.01870998  0.18349625 -0.1068692   0.30799495
  0.14343752 -0.06429513]
[[ 0.16074281 -0.0172167   0.05628543 ... -0.34337572  0.18670295
  -0.2644096 ]
 [ 0.13847036  0.3341467  -0.00581053 ... -0.16596173  0.04067035
   0.46484824]
 [-0.43009845 -0.03714521 -0.50328289 ... -0.0769829   0.56964416
  -0.0868062 ]
 ...
 [-0.19522907  0.53940592  0.28089189 ...  0.20951706  0.32136665
   0.17313156]
 [ 0.16069196 -0.14506204  0.10986767 ...  0.57022926 -0.19972501
   0.08901117]
 [-0.24421839 -0.00350245  0.03853389 ... -0.17294767 -0.02603393
  -0.0328238 ]]
[ 0.15049306  0.17040797  0.12219963 -0.17260314 -0.22384511 -0.24571152
  0.05570558 -0.03040461  0.19899555 -0.02118398  0.19377209  0.18182831
 -0.09617363  0.00084346  0.00982276  0.40565245 -0.03705892  0.06944125
 -0.11851982  0.12346047 -0.01847882  0.18141294 -0.10156824  0.01182234
  0.33291196  0.18426207  0.37815504 -0.11946107  0.16086065  0.19509166
 -0.09711705 -0.03848692 -0.01991448 -0.11478803  0.27863575 -0.20942376
 -0.35784583 -0.09251447 -0.16566717 -0.05182554 -0.42026511  0.04383393
  0.11213709 -0.35007523  0.14484525 -0.56320143 -0.04045741]
