[[ 0.07581238 -0.05850813  0.07675314 ... -0.03529813  0.02313507
   0.02235335]
 [ 0.06098015  0.01741978  0.01112159 ...  0.02306788  0.07732762
   0.00429488]
 [-0.0304975   0.03235281 -0.08364768 ... -0.02526568 -0.07086332
   0.03258076]
 ...
 [-0.02198353  0.02482024  0.0608023  ... -0.03425984  0.00918328
  -0.02226635]
 [-0.02570055  0.00603893  0.03906997 ...  0.0714528   0.07868502
   0.00380556]
 [-0.00324936  0.06950217 -0.03662692 ... -0.00708705  0.05334305
   0.02197258]]
[ 0.1456293   0.11743409  0.13543358 -0.06556398  0.17767135  0.15245796
 -0.20199097 -0.13251579  0.08592635 -0.23829771  0.0011002  -0.01905541
  0.04991227  0.21324392  0.01218098  0.0786967   0.16621648  0.26556048
 -0.12320005  0.01308617  0.09466814 -0.03561326 -0.07849626  0.16230324
  0.13496786  0.1930874   0.20077221  0.17096744 -0.06254303 -0.03916737
  0.21480889  0.25807991 -0.08599507 -0.01352768  0.19794413  0.12059331
  0.08664861 -0.0037408  -0.40608873 -0.1788599   0.17204196  0.13976671
  0.17031599 -0.18086186 -0.03378361 -0.00415322  0.32667192  0.05601777
  0.10018199  0.21377339  0.15286089  0.00873547  0.22672085  0.20289942
  0.04691622  0.2727847  -0.01771375  0.1129593  -0.10870626  0.01774639
  0.21320652  0.07859987  0.06865656  0.09503262]
[[ 3.42477611e-01 -3.48775837e-02  1.76913366e-01 ...  1.80044111e-01
   1.46335891e-01  1.77304898e-01]
 [-1.02902388e-02 -2.06383925e-01  1.02850231e-01 ...  1.77958442e-01
  -9.60715262e-02  3.61827984e-01]
 [ 1.58555666e-01 -2.91057198e-02 -5.67786373e-02 ...  2.57808654e-01
   1.87760519e-01 -7.48643213e-02]
 ...
 [ 1.26727637e-01  4.28233069e-01  1.00132840e-02 ... -5.55310709e-01
   6.82395713e-02 -1.22729616e-01]
 [ 2.07593906e-01 -2.01506289e-02 -9.14767316e-02 ...  3.15064199e-04
  -3.13425588e-01 -3.52289940e-01]
 [ 1.86845659e-01 -5.16039445e-02  1.35502184e-01 ...  7.37383310e-02
  -3.41047689e-02  4.22690282e-02]]
[ 0.14466655 -0.08724679  0.05197616  0.04211434  0.05143942  0.07978429
  0.06704933  0.07142834  0.1598103   0.20084684  0.08897246 -0.00029275
  0.003616   -0.00234614  0.05291476  0.13365544 -0.09128139  0.09864665
  0.10691593  0.13034762 -0.20215502  0.04869838  0.10055148  0.01557332
  0.09625498  0.02334898  0.19385286 -0.01897094  0.06383173 -0.00820913
  0.11197325  0.01579516 -0.12447576  0.0542359   0.10250084 -0.07213024
 -0.01422805  0.04655976 -0.0324129   0.12034334 -0.00791584 -0.01158299
  0.11304548  0.03998902  0.00062538  0.01669219  0.11932299 -0.16769552
  0.03510247 -0.11858283  0.02487451  0.03836811 -0.07563518  0.02064237
  0.0172153   0.07762195 -0.07133084  0.07836328  0.01442398  0.15979603
  0.06207233  0.13502894 -0.00139424 -0.00078605]
[[ 0.02762627  0.09754394  0.24098316 ...  0.06867473  0.07819627
  -0.16009432]
 [-0.04493859  0.09382269 -0.11229814 ...  0.13360435 -0.13034936
   0.1169429 ]
 [-0.41436402  0.30576079  0.15373327 ... -0.04722812 -0.39908179
   0.11335727]
 ...
 [ 0.075646   -0.03505228 -0.18241423 ... -0.09505219 -0.28825737
   0.13044534]
 [ 0.35170076 -0.07764148  0.21896003 ...  0.07445903 -0.23570445
  -0.0962971 ]
 [ 0.07401328  0.04632706  0.16994869 ... -0.18754922  0.01249279
  -0.19918744]]
[ 2.61097420e-02 -9.28395299e-03 -9.37176969e-02  3.20118170e-02
  4.31372008e-02  1.46432810e-03  1.43624147e-01  9.38136587e-02
  2.43318738e-01  6.75924631e-02 -5.58968564e-02 -1.81122825e-01
  7.37171041e-02  8.89073148e-02  1.36771884e-01  4.69966130e-02
  3.34702347e-02  1.13432657e-01  7.16811993e-02 -1.77234771e-02
 -1.22347366e-01  4.83180170e-03 -8.68626455e-03  9.99377227e-02
 -1.58552724e-02  1.42379690e-01  1.55196343e-01 -1.51830748e-01
  2.55882537e-02 -7.02601954e-02 -7.45183298e-02 -1.23504372e-03
 -8.00983275e-04 -1.22989230e-02 -2.59350118e-02  1.49537874e-01
  6.75788407e-02  3.60709907e-02  4.12138806e-02 -3.31563054e-02
  9.65677271e-03  8.29628254e-02  9.16641434e-02  1.24515479e-02
  1.43057284e-05 -4.64061722e-02 -4.84384886e-02 -3.54536655e-03
 -3.34929016e-02  1.04355120e-01  1.60627938e-01 -8.58034284e-03
 -2.64047325e-02 -4.60360550e-02  8.05245612e-02  5.71455558e-02
  1.37284039e-02  8.05659299e-02  8.17286730e-02  2.47995736e-02
 -1.41050367e-01 -3.06581912e-02  5.75822882e-02  1.26836600e-01]
[[ 0.01897706  0.07019425  0.23674323 ...  0.28265425 -0.13684259
   0.29036607]
 [ 0.29037079  0.12761893  0.32381869 ... -0.18558585 -0.37359539
  -0.00964179]
 [-0.39281753  0.1913475  -0.0126556  ...  0.21442639  0.17067203
   0.22635339]
 ...
 [ 0.01384904  0.16523609 -0.20358478 ...  0.27188023 -0.32482963
   0.19108967]
 [ 0.00999813  0.12518379 -0.17083867 ... -0.04394166  0.08720934
  -0.00899891]
 [-0.00860797  0.10142402  0.24912385 ...  0.19816609 -0.00262481
  -0.02908944]]
[ 0.02793855  0.00924165 -0.05103819 -0.01294423  0.10995402 -0.15903691
 -0.00148766 -0.00039208  0.03426478 -0.06836188  0.03006927  0.08180797
 -0.08247175 -0.07673448 -0.05218563  0.01769309  0.00407904  0.02459023
  0.0139934  -0.0135558   0.00402018 -0.00990827  0.04906054 -0.00289917
  0.00124598  0.21611419  0.03464119  0.12767099 -0.08822766  0.00618046
 -0.01377621  0.0421292  -0.04936699  0.00818549  0.18120064  0.04425459
  0.09509048  0.04509685  0.03726962 -0.05391749  0.02876298  0.1287045
  0.11992477 -0.10074498  0.07517077 -0.08277699  0.08401126  0.10557169
 -0.02709341  0.04404064 -0.0643355  -0.01158616 -0.01236696 -0.1836152
 -0.00173574  0.06051151  0.02321369 -0.11463289  0.04370216  0.15526376
  0.00983958 -0.09926341  0.14148621  0.2211519 ]
[[ 0.22975838 -0.09609133  0.23893466 ...  0.13281313 -0.16071035
  -0.14281144]
 [-0.31487415 -0.39417734  0.24684021 ... -0.22610347 -0.03619531
  -0.27020783]
 [ 0.16964575  0.30450725 -0.00799481 ... -0.09748647  0.13497556
  -0.23999016]
 ...
 [-0.05707521  0.12468019  0.07932594 ...  0.46627785 -0.14721327
  -0.01242632]
 [ 0.05784744 -0.14883211  0.07602692 ... -0.26066388  0.19663525
  -0.24384733]
 [ 0.10549753 -0.04988537 -0.17292807 ... -0.11352949 -0.40278641
   0.2421448 ]]
[ 0.05009734 -0.01486195 -0.10308808 -0.01379245 -0.02469085  0.04032314
 -0.11271433 -0.06236206 -0.15882086 -0.08132497  0.11302523  0.01139568
  0.01285311  0.07352603 -0.12195736  0.13394894  0.04413232  0.08460341
 -0.00178401  0.13364266 -0.0840349   0.19935278  0.13398104  0.08076449
 -0.05817349  0.11695213  0.11733671 -0.02803743 -0.01262426  0.20208762
  0.03246199  0.05721622  0.07800027 -0.061079    0.15788684 -0.07316466
 -0.18465726  0.011573    0.04179613 -0.07569628 -0.19238008 -0.02683293
  0.08652637 -0.08458162 -0.22344267 -0.21379492  0.00041298]
