[[ 0.00126942 -0.00589741  0.01775743 ... -0.08242904 -0.04918794
  -0.02294114]
 [-0.00818563 -0.00488764 -0.05733853 ...  0.08227317  0.05708373
   0.04489955]
 [ 0.08123843 -0.08324709 -0.04812843 ... -0.01970104 -0.06208479
  -0.04983079]
 ...
 [ 0.02912244  0.03870427  0.02121197 ...  0.04296312  0.05251496
  -0.07591493]
 [ 0.07370963  0.07586265 -0.02525665 ... -0.00746052 -0.05748804
   0.05789371]
 [-0.04228735 -0.08323391 -0.02538227 ... -0.02187696  0.04372133
  -0.01583657]]
[-0.0128174   0.22703315  0.05374555  0.06659689  0.09877134 -0.01785637
  0.04170249 -0.00684912 -0.12084317  0.09189398 -0.00621608 -0.03325997
 -0.1026313   0.04568493 -0.03861011  0.1012714   0.09199018  0.05287189
  0.05327788  0.01766017  0.16254356  0.00040745  0.09926392  0.00914456
  0.05130739 -0.09848312  0.20529186  0.14739873  0.24295343 -0.03701897
 -0.06654543  0.09227802 -0.10262316  0.05378292  0.06625159  0.09145807
  0.03941759 -0.08497792  0.01365549  0.00604048  0.06996803  0.07779223
 -0.06620296  0.2672503   0.13824759  0.07819475 -0.15009268  0.03914069
 -0.02539071  0.00407031 -0.02703162 -0.06337301 -0.13912854  0.0333142
 -0.02918854  0.10065935  0.15828456 -0.01838119 -0.14543851  0.00994598
 -0.00891401  0.00929433  0.03508428  0.31628703]
[[ 0.22890906  0.229377    0.24433938 ...  0.17665112  0.20350673
   0.21857257]
 [ 0.21916041 -0.15764481 -0.18785295 ...  0.24193425 -0.07161061
  -0.09413719]
 [ 0.07337041 -0.11021938 -0.225987   ...  0.28514029  0.18659346
   0.19502537]
 ...
 [ 0.11926322  0.10920775  0.09620199 ... -0.3067768   0.05398758
   0.36880687]
 [ 0.05081008 -0.26221971 -0.13700097 ...  0.03473558  0.02603843
  -0.11959557]
 [ 0.01559409  0.3194021   0.08573589 ...  0.18290756  0.04438854
   0.10328521]]
[-1.17025044e-01 -1.11393340e-01  5.25191204e-02 -5.85762462e-03
  1.22652349e-01  2.87351823e-02  6.97970263e-05 -8.68459209e-02
  1.78068335e-01 -1.36825850e-01  6.76890998e-02  4.20991366e-02
 -7.76424195e-03 -9.84711204e-03  6.41158035e-02  1.41136894e-01
  1.63040884e-02 -9.95118316e-04  9.66033683e-03  5.86852887e-02
 -6.84697982e-02  1.24602994e-01 -2.66786055e-03  4.56845551e-02
 -8.85115948e-03 -1.79584733e-01  1.94570955e-02  2.67923596e-02
 -7.68375383e-02  2.41060361e-02 -7.35040615e-05  2.92988162e-02
  1.76363928e-02  4.82052082e-02 -3.72286296e-04  1.76929420e-01
  6.33646186e-04 -4.74673546e-03 -8.16472766e-02  6.29963728e-02
  6.95503753e-03  1.61880865e-03 -5.96322725e-02  9.45893602e-02
  1.31660052e-01 -1.50305652e-02 -7.93257691e-03  1.17991189e-01
 -1.29856661e-01  1.42042157e-01  1.85911362e-02 -2.17731757e-02
 -1.10454460e-02  7.16787015e-02  8.53239205e-02 -4.10647408e-02
  1.46211815e-02  8.90506824e-02  1.07141070e-02  8.40993043e-02
 -1.17838768e-01  1.88055070e-01 -8.54793322e-03  1.85717965e-01]
[[-0.09083985  0.08236341  0.2047245  ... -0.21846527  0.48674207
  -0.34567524]
 [ 0.12794084 -0.06153069  0.00606469 ...  0.19306442  0.06117478
  -0.26112686]
 [-0.12191371 -0.01858897 -0.2235357  ... -0.26503573  0.06060213
  -0.18134453]
 ...
 [-0.05467108  0.15540035 -0.15941522 ... -0.20304473 -0.14645398
   0.0859839 ]
 [ 0.29249732 -0.12430385  0.06971297 ... -0.02508723  0.07950174
   0.03814949]
 [ 0.01104414 -0.1302902   0.50298782 ...  0.10472423 -0.059651
   0.2339052 ]]
[-0.0099841   0.12355637 -0.03580119 -0.10144387  0.00704626  0.05144605
 -0.04902714  0.0669123  -0.16944697 -0.02874002 -0.06224822 -0.16474194
  0.04904599  0.10356746 -0.15733512  0.09486425  0.00085649 -0.0256469
  0.04988867  0.1976647  -0.02323374  0.21245888  0.02751137  0.03429409
 -0.06407752  0.04998503  0.00991009 -0.14928575 -0.01963669  0.09477325
 -0.02327239  0.053197    0.01756105 -0.12255911  0.12484594 -0.05430251
 -0.03526081 -0.01955709  0.00762008 -0.12979592  0.02679318 -0.08001435
  0.05115869  0.0297024  -0.08689398  0.01072202  0.11692374]
