[[ 0.07581238 -0.05850813  0.07675314 ... -0.03529813  0.02313507
   0.02235335]
 [ 0.06098015  0.01741978  0.01112159 ...  0.02306788  0.07732762
   0.00429488]
 [-0.0304975   0.03235281 -0.08364768 ... -0.02526568 -0.07086332
   0.03258076]
 ...
 [-0.02198353  0.02482024  0.0608023  ... -0.03425984  0.00918328
  -0.02226635]
 [-0.02570055  0.00603893  0.03906997 ...  0.0714528   0.07868502
   0.00380556]
 [-0.00324936  0.06950217 -0.03662692 ... -0.00708705  0.05334305
   0.02197258]]
[ 0.01622629  0.00701846 -0.00204673  0.01704332  0.00998956  0.00814554
  0.0083947  -0.00976768  0.00377181  0.01685133 -0.00326671 -0.00133847
  0.01793517 -0.00132126  0.02664022  0.00027407  0.03145987  0.0130625
 -0.0091586   0.02186071 -0.00050811  0.01653734 -0.00366609  0.01960821
  0.01101849  0.03062334 -0.00068015  0.00208839  0.00180344  0.01461025
  0.03746136  0.00250358  0.00672196 -0.00694942  0.00787993  0.03594746
 -0.01011577  0.02418341  0.01280457 -0.00871138  0.00806558  0.00592504
  0.04773757 -0.00139662  0.01358044 -0.00315689  0.02018811  0.00922918
 -0.01409482  0.02153447  0.0204155   0.0192352  -0.01311786  0.00998297
  0.0262346   0.0107472   0.00813569  0.01846948  0.01579012  0.00458271
  0.00959386 -0.00156368 -0.00301822  0.00897379]
[[ 0.21573982  0.02965455  0.15349549 ...  0.15724655  0.197682
  -0.09912879]
 [-0.03458862 -0.1104304   0.00868282 ...  0.12336557 -0.10934459
   0.204203  ]
 [ 0.20535917 -0.11976505 -0.08018588 ...  0.18739721  0.13325657
  -0.00339358]
 ...
 [-0.05601028  0.2033503  -0.0719738  ... -0.16922097  0.03747945
  -0.12009062]
 [ 0.19599478  0.01662231 -0.1391877  ... -0.0275141  -0.18186946
  -0.19100235]
 [ 0.176115   -0.05661815  0.14487714 ...  0.13124131 -0.0504724
   0.017461  ]]
[ 4.33659095e-02  6.87112926e-03 -4.88924176e-04 -4.10426990e-04
 -1.15842018e-02  4.55099690e-02  2.75414310e-04 -2.62493381e-02
  2.26680353e-02  2.23590053e-02 -1.57811201e-02 -4.14109440e-03
  2.12461817e-04  2.89050155e-02  1.96976673e-03  3.08545398e-02
 -2.57201094e-04  1.62550186e-02 -1.46607988e-02  4.18952615e-02
 -1.30711481e-02  1.94254257e-02  3.76748176e-02  7.98216047e-04
 -1.34668136e-02  1.34315694e-02  7.35583824e-03  8.59207182e-03
 -4.13957293e-03 -1.17937179e-02 -8.61122068e-03 -1.63549260e-03
 -2.86274643e-03  9.40705154e-03  1.88429053e-02 -1.86678054e-03
 -9.98935406e-04  7.91093404e-05  1.94012026e-02  3.47397312e-02
 -6.87107109e-03  3.61541676e-02 -7.04343557e-03  9.17222264e-03
 -7.32996622e-05  1.98840759e-02  3.94214582e-02 -1.98109054e-02
  8.55830937e-04  1.30419502e-02 -1.23402340e-02  2.07543549e-02
  1.19863765e-02 -4.58112481e-03 -1.07407447e-02  3.91366214e-02
 -1.78450120e-02 -1.94981778e-03  8.18962601e-03  1.41991026e-02
  5.20162694e-03 -4.89117054e-03  1.69340253e-02  1.13291812e-05]
[[ 0.22065752  0.21354037  0.21551795 ...  0.07509003 -0.10210761
  -0.16620965]
 [-0.0436106   0.10307555 -0.11228285 ...  0.14652226 -0.12829891
   0.11694625]
 [-0.237741    0.14648955  0.13654213 ... -0.06524054 -0.18901956
   0.10362151]
 ...
 [-0.00383383 -0.0526     -0.19597049 ... -0.09586463 -0.16484249
   0.12713634]
 [ 0.22468807  0.01595847  0.20778617 ... -0.03513634 -0.05691406
  -0.15087811]
 [ 0.1754707   0.01090281  0.15621638 ... -0.20402809 -0.03655148
  -0.20427007]]
[-1.60312856e-03 -6.70273893e-03 -3.69943729e-02  7.38532092e-03
  3.51138410e-02 -5.87053521e-04 -2.11460222e-03  5.69154916e-02
  4.71386546e-03 -7.60536090e-03  5.90238012e-03  3.12152653e-02
 -1.55690765e-02  2.43019600e-02  2.92571407e-02  1.95669049e-02
 -1.88405077e-03  1.28814336e-02  2.28957503e-03  5.00909334e-03
  1.93051556e-02 -1.75192405e-02 -1.89691396e-02  7.20356061e-03
  1.24178417e-02  5.40699955e-03  2.53293116e-02  3.56964744e-04
  1.94806747e-02 -2.29273095e-02  1.45644875e-02  8.98240359e-03
  7.41343214e-06  2.56755396e-02  1.92354827e-02  6.39500183e-02
  1.02570680e-02 -1.12282010e-02  3.96097177e-03 -1.86486305e-02
 -9.44030907e-03  4.04435290e-02  3.29146495e-03  2.31563909e-03
  1.88527985e-02  4.70226674e-03 -9.85655969e-03  3.68823307e-04
  1.92498260e-02 -2.68800416e-03  1.75234167e-02  1.52109592e-02
  2.06916163e-02 -1.14757873e-02 -1.49326984e-02 -3.47840974e-03
 -1.99690121e-03  2.82153733e-03  2.83222441e-02  5.78756491e-03
 -1.45191793e-02  1.27736426e-02  3.15353058e-02  2.49803977e-02]
[[ 0.00810169  0.07208482  0.14116091 ...  0.1204103  -0.07524035
   0.01976427]
 [ 0.22496128  0.12796587  0.23136157 ... -0.14890212 -0.22131688
   0.03809817]
 [-0.11091818  0.1924504   0.06470694 ...  0.13216152 -0.10617324
   0.00366119]
 ...
 [ 0.15588137  0.16479109 -0.10036334 ...  0.10260325 -0.13674338
   0.15854844]
 [ 0.16278091  0.12582128 -0.11470038 ...  0.07612217  0.06129865
   0.0517823 ]
 [ 0.19953703  0.10193856  0.12544938 ...  0.15808801  0.1181166
  -0.17643576]]
[ 7.39054565e-03 -8.66623929e-03  2.12879499e-02 -6.43996772e-03
  3.59870471e-02 -3.41539322e-02  6.69750197e-05  8.41077434e-03
  1.94833765e-02  2.34962859e-02  9.70349043e-03  6.25948780e-03
  9.70618008e-04  2.69971563e-02  5.56945913e-05 -1.89756321e-03
  4.44988318e-02  1.60417458e-02  4.64786911e-05 -1.05816693e-02
 -7.98330734e-04  2.72089068e-02  3.79398412e-02 -1.62552377e-03
  1.33195600e-04  5.25737619e-02 -1.05985421e-02  1.40436815e-02
 -2.14136456e-02  5.89115990e-03 -2.79694414e-03  1.55343664e-02
  1.79086562e-02  6.60032342e-03  6.67527659e-02 -9.90938385e-03
 -4.62703990e-03  2.86705273e-02  1.61755420e-02  7.94857569e-03
  1.34227821e-02  4.06646456e-02 -8.12608449e-03 -4.04177211e-02
 -2.14848046e-02 -2.95951218e-04 -2.25528461e-02  5.30873721e-02
 -1.43929160e-02 -3.52276791e-04  2.04281715e-02 -6.53700954e-03
 -3.13874101e-03  4.84565213e-03 -1.32351077e-03  5.85920108e-03
 -1.42533590e-02  5.45444682e-02 -5.43237986e-03 -2.92642425e-02
 -3.81798657e-02 -2.36007556e-03 -5.81032705e-03 -5.33003782e-03]
[[ 0.30136927  0.00739648 -0.03176876 ...  0.02871325  0.11510668
   0.07541217]
 [-0.23811228 -0.14624016  0.14083865 ... -0.22306361 -0.06732033
  -0.18348298]
 [ 0.15399576  0.15228944  0.17185418 ...  0.12195041  0.12306525
  -0.01264203]
 ...
 [-0.15901395  0.20368463  0.0061157  ...  0.18541514 -0.08477713
   0.01861545]
 [ 0.08651483 -0.0717895   0.12725604 ... -0.15506832  0.18831759
  -0.22762432]
 [-0.14465786 -0.0182115  -0.03306071 ... -0.17657097 -0.09478938
   0.13585182]]
[-0.00131774  0.04172538 -0.01085591  0.00840033  0.04757198 -0.03676726
 -0.05510527 -0.03868194 -0.03014611 -0.01084976  0.03039058 -0.00013221
 -0.04668826  0.03699366  0.01166585  0.00489946 -0.01113572  0.04937723
  0.04690466  0.03463701 -0.03972422 -0.01014751  0.02285216 -0.01403284
 -0.01457285  0.00202575 -0.05244152  0.01375891 -0.03559919  0.01021834
  0.04940568  0.04973093  0.04668008 -0.00266155  0.00048461 -0.05955774
 -0.00543377  0.04250469  0.02422475 -0.07889128 -0.00258752  0.01544549
  0.00468193  0.00440141 -0.03201651 -0.03441695  0.02478279]
