[[-0.05702619  0.02548276  0.05823808 ... -0.03512213 -0.05012886
  -0.07202348]
 [ 0.06020717  0.01811637 -0.05721492 ... -0.00966733  0.02861601
  -0.02374399]
 [-0.03866227 -0.04112934 -0.01950178 ... -0.08068375 -0.02839776
   0.0598606 ]
 ...
 [ 0.01591541  0.02974497  0.05026951 ...  0.03743867 -0.06398657
  -0.0196932 ]
 [ 0.05911002 -0.01682858 -0.01543768 ...  0.0353934  -0.02525492
  -0.03048507]
 [ 0.01944824 -0.06537415 -0.00641802 ... -0.07330485  0.05530794
   0.01116923]]
[ 1.63214045e-02  2.99008290e-02  1.50813895e-02  1.11413605e-02
  9.50814184e-03 -4.18519349e-03  1.45409506e-02  3.67588876e-03
  6.53995901e-03  1.07009575e-02  1.75710528e-02  1.04961025e-02
  8.76122907e-03  1.25927995e-02  1.76082998e-02  1.46581272e-02
  1.10642880e-02 -2.28149007e-03  3.54790929e-02  8.91120760e-03
 -6.23285949e-03  2.28690505e-02  7.55244387e-03  9.92235016e-03
  3.84831840e-03  2.25715277e-02  2.32306483e-02  1.87213305e-04
  2.62572543e-03  1.75081741e-02  1.68503321e-02  4.85796785e-02
  1.98106341e-03  1.31260878e-03  6.48113910e-03 -4.91906576e-03
  2.96395901e-02  3.01317067e-02  1.05105340e-02  7.85065407e-03
  3.42258473e-02  5.51525501e-03  1.12750890e-02  1.15303550e-05
  1.83244497e-03  7.97900567e-03 -1.41646263e-03  2.45122036e-02
  1.60020034e-02  1.46552708e-02  1.76098383e-02 -1.66656302e-03
  2.34188979e-02  7.09936036e-04  6.52992914e-05 -2.67755137e-03
  2.41207851e-02  1.19976106e-02 -4.65679174e-04  2.69238235e-02
 -7.37101074e-03  3.91766114e-03  6.55343938e-03  1.23241679e-02
  5.17026867e-03  1.04682680e-02  3.70265135e-03  7.24103930e-03
  2.61842297e-02  8.05903545e-03 -7.80425370e-03 -5.46957804e-03
  1.15240777e-02  1.73844654e-03  8.44630487e-03  4.02652155e-02
  2.36048586e-03  1.90307474e-03 -9.18745538e-04  2.54522211e-02
  7.30398478e-03  1.21107355e-02  6.27320545e-03  2.03703546e-02
  1.79058405e-02  1.10363746e-02 -1.64504318e-03  2.96311844e-03
  9.08405027e-03 -5.54397625e-03 -4.46039610e-03  5.87070186e-03
  1.08324753e-02 -3.03334490e-03  2.27384455e-02  5.68199665e-03
  1.04045855e-02  8.97724887e-03  1.21027575e-02  1.21274188e-02
  2.61851549e-02  2.40254548e-02 -9.20539710e-05  1.41583491e-02
  5.44233034e-03  6.32093456e-04  2.55886719e-02  9.62419267e-06
  8.17757837e-03  2.03789391e-02  8.03104603e-03 -4.49443179e-03
  6.38866975e-03  1.91775884e-02  7.98040955e-03 -2.57770169e-04
  1.19626482e-02  6.42162798e-03  1.20847270e-02  1.81385206e-02
  1.09225116e-02  2.81237805e-02  1.42160423e-02 -1.61631427e-03
 -6.33042646e-03  4.39815362e-03  6.45962637e-03 -1.12918172e-02]
[[-0.13835361 -0.02121353 -0.01250164 ... -0.10542884  0.08725184
  -0.04277081]
 [-0.02284882 -0.13215857 -0.10272208 ... -0.08866061  0.01629467
  -0.02934201]
 [-0.00875455  0.13755533  0.07902406 ... -0.08261425  0.01160544
  -0.04931284]
 ...
 [-0.04865827  0.12656285  0.15754956 ... -0.01638417  0.07982604
  -0.08900849]
 [-0.0544425   0.11857979  0.0889127  ... -0.13863193  0.00086974
  -0.01590908]
 [ 0.05153684 -0.07271524 -0.10037578 ...  0.11235528 -0.01497777
  -0.0571454 ]]
[-2.59550823e-03 -1.35980691e-02  3.08071050e-02  3.53152770e-02
  1.24042856e-02 -3.67407340e-03 -4.13527901e-03 -5.62673988e-03
  3.27928434e-04  2.05206791e-04 -2.59326624e-04  1.51878059e-02
  1.86186559e-03  9.82965143e-04  1.15714706e-02  3.91669447e-04
  1.03284772e-02 -7.43854214e-03  2.18447782e-02  1.33775099e-03
 -3.74881505e-03  2.10579042e-02  8.23214950e-03  2.24862820e-02
  2.39552745e-02  5.34681225e-03 -2.51354794e-03 -7.24777071e-03
  1.53677138e-02  1.91052184e-02  1.89310744e-02  2.70884865e-03
 -2.69408539e-03  1.05308846e-02 -1.30733251e-02  4.76704162e-02
 -7.04639344e-03 -4.22383746e-03  4.10629279e-04  2.31328948e-02
 -1.10693742e-03  6.83313536e-03  6.85257193e-03  1.49563193e-02
 -3.72764104e-04  1.54056465e-02  1.35587759e-02  1.34648410e-02
  2.19340706e-02  2.89646939e-02  8.36213547e-04  2.11653204e-02
 -5.20001632e-03  6.85352791e-04 -5.14415804e-03 -4.08111470e-03
 -1.03649814e-02 -4.58005571e-03  9.48021358e-03 -2.20404059e-03
 -5.39197473e-03  8.02586735e-03  3.63972342e-04  2.75797713e-02
  2.65760455e-02 -2.38108663e-06  2.51708417e-03  6.21792092e-03
  1.86459682e-02  4.04800281e-03  8.23556696e-03  8.03088339e-03
 -2.12553687e-04  8.57517286e-03 -3.20578198e-03  7.55291604e-03
  1.57165160e-02  2.27585069e-02  1.05562969e-02 -1.15257520e-03
 -3.85286520e-03 -1.08577186e-02  2.91146703e-02  7.09188120e-03
 -2.82048549e-03  2.26645613e-03 -4.69612993e-03  2.62141697e-02
 -4.82576187e-03  8.79614225e-03  4.50237611e-03  7.97131269e-03
  1.62450936e-02  9.53009064e-03  3.10376832e-04  1.92908416e-02
  1.74223231e-02 -2.55396663e-03 -3.09338750e-04  2.87076035e-02
 -1.70326227e-03  1.83285384e-02  1.56940319e-02  2.98249864e-03
  2.16043531e-02  1.00943972e-02  1.25706253e-02  2.36264148e-03
  1.34350696e-02 -6.79551427e-03  2.64086392e-02  6.19449941e-03
  7.73702879e-03  1.51984289e-02  9.50150174e-03  1.66027750e-02
  9.29689455e-03  2.56933498e-02  4.68594024e-04  1.18446654e-02
  1.32857618e-02  4.42450139e-03  2.22727349e-04  3.41350621e-02
 -2.45737733e-03  1.30785062e-02  4.12774331e-03  2.48447951e-02]
[[ 0.0934618  -0.12113552 -0.03677192 ... -0.13234791  0.0713434
  -0.13140642]
 [-0.02569388 -0.11288932 -0.05719745 ... -0.1447411  -0.02983314
   0.15034933]
 [-0.00937756 -0.00645619 -0.10686126 ...  0.06579543 -0.00467234
   0.02073171]
 ...
 [-0.12015785  0.07882934 -0.0770577  ...  0.08448439 -0.03075544
  -0.00511681]
 [-0.12227104  0.12759449 -0.08548877 ... -0.13633593  0.13541701
   0.03990394]
 [-0.05874518 -0.03426153 -0.10775768 ... -0.00477263  0.00069402
   0.04516842]]
[ 2.41246896e-03 -9.10315810e-04  8.21542764e-03  1.64935004e-02
  3.22694798e-02  2.87613322e-04 -1.05379278e-02 -7.67246123e-03
  4.49056962e-03 -1.10972883e-02 -5.18996532e-03  8.57348849e-04
  2.43053734e-02  1.13986423e-03  1.23681263e-03  2.27736296e-02
  4.12555488e-03  6.39475872e-06 -6.10385690e-03  2.40712452e-07
  1.42270963e-02 -9.37348795e-03  3.23943054e-02  3.54984559e-02
 -4.59955014e-03  1.87099966e-02 -6.17746456e-03 -7.96550854e-03
  9.13567676e-03 -2.29673712e-03  3.26565903e-03 -6.63251768e-03
  6.47573349e-03  5.26085526e-03  6.67958157e-03 -5.54525962e-03
  9.03296308e-03  2.56447402e-03 -2.84987878e-03 -1.27620636e-03
  2.00444488e-02  6.10857053e-03  6.51096428e-02 -9.82846539e-05
  1.58287648e-02  4.32468571e-03  4.09437104e-03  9.31013515e-03
  6.92714505e-03 -1.03264089e-03  1.23706402e-02  1.08308079e-02
  8.26430515e-05  5.29395554e-04  2.92733067e-02  1.88105419e-02
  7.35409922e-03  1.11935462e-02  8.74407955e-03 -6.70227031e-03
 -6.23828446e-05 -3.03875602e-03 -4.03392059e-05  4.05540897e-02
 -4.73969078e-03 -1.28995239e-04 -5.39930202e-03  1.37924127e-02
 -1.01850688e-04  3.86534832e-03  2.79838831e-03 -4.28715437e-03
  2.08675031e-02  1.91121245e-02  1.17536101e-02  3.89989081e-02
 -2.82227384e-03  4.08861815e-03 -4.99794750e-04  8.93730194e-04
 -3.92999675e-03  1.49172215e-02 -4.75719636e-03  1.33619356e-02
  9.24661710e-03  7.45263443e-04  1.03965498e-02  1.65305485e-02
  1.45207623e-03  1.06361913e-02 -4.50034400e-03 -3.00508183e-05
  1.24849729e-02  1.51117394e-02  1.74520164e-04  5.21974046e-03
 -5.38772518e-03 -5.26831629e-03  1.08717384e-02 -7.42281232e-03
  1.09441825e-02  4.42692223e-03 -6.57235450e-03  3.49978657e-02
 -1.04389290e-03  2.48578433e-02 -3.39497993e-03  1.00011560e-02
  1.58364543e-04  1.96161999e-02 -3.77808326e-04  2.15340421e-02
 -8.21524197e-03 -2.37952133e-03 -2.54809470e-03 -4.43230091e-06
 -1.21892359e-02  5.10249386e-03 -3.59198029e-03 -3.04333479e-05
  6.14494675e-03 -5.20754228e-03 -1.08045203e-02  1.28773257e-02
  2.39416645e-02 -6.76060937e-04  3.37181983e-02  2.07886560e-02]
[[-0.05679608 -0.10481385 -0.10945289 ... -0.05926937 -0.1008844
   0.14867653]
 [ 0.12256061 -0.07610842 -0.13721166 ... -0.04336473 -0.06657829
  -0.01744481]
 [-0.03957788 -0.06353908  0.10646301 ...  0.07806645 -0.10965749
   0.03177424]
 ...
 [-0.02624872  0.0587188   0.15770392 ... -0.07151757 -0.13655918
  -0.02898913]
 [ 0.03004006  0.11284032 -0.08504489 ... -0.15303332 -0.11957202
   0.02202836]
 [ 0.02155839  0.02973982 -0.07974441 ...  0.13709222  0.12905191
  -0.12375697]]
[-2.60974634e-02  9.97930541e-03  1.62604833e-03  2.49061500e-02
  1.09909702e-02  1.23729528e-02  2.90368561e-02  4.32428724e-03
  5.90875085e-03  1.38444788e-02 -9.79879293e-03  7.41898169e-03
 -1.51855555e-02  2.27655534e-03  1.45608059e-02 -9.75383099e-03
  3.65652794e-02 -4.10063803e-03  1.76232696e-02  7.07056164e-04
  4.08343702e-05 -1.90381722e-02  7.92796915e-03  2.65164419e-02
  1.98896083e-03  5.61842196e-03  3.17802810e-02 -2.04730060e-02
  4.61945914e-02 -9.62714579e-03  1.60454300e-02 -1.11011847e-02
 -2.37439383e-02  1.29994301e-02 -1.29911143e-02  2.30289788e-02
  5.76852198e-02  8.46189980e-03  1.73519952e-03  2.30788943e-02
  2.74173909e-02  1.72344404e-03  2.32843633e-02 -4.96512197e-03
  1.13914487e-02 -5.94868929e-04  3.40715062e-03  1.49321395e-02
  4.88181261e-02 -4.27352108e-03  3.20285049e-02  5.65847877e-02
 -2.37880620e-03 -9.45842804e-03  3.10686000e-02  3.46810257e-02
  4.71159783e-03 -3.82814448e-03  1.47564421e-02 -4.87781413e-04
  2.27754306e-02  1.48616676e-02 -9.48013634e-05  4.79164428e-02
 -1.10264394e-03  1.71396056e-03 -2.36432649e-02  4.66639244e-03
 -5.64019065e-03  1.52714928e-02  1.55116580e-03  1.21568593e-02
  1.73309578e-02  8.23269425e-03 -3.04447361e-03 -4.23172624e-04
  2.20446522e-02 -1.09806513e-02 -1.03583618e-02 -1.49606594e-02
  4.45435308e-03 -7.46298250e-04  5.43160885e-03 -1.85657568e-02
  1.49322552e-02  2.66057839e-03  3.95874853e-03  1.42996094e-02
  6.54208978e-03 -6.11901520e-03 -4.90973203e-03 -7.83567142e-03
  2.61740596e-03  3.07944457e-03 -2.23835556e-02  1.27514549e-03
  0.00000000e+00 -8.68490449e-03 -1.16478997e-02  2.04106988e-02
  1.82392187e-02  4.31462095e-03 -1.16443014e-02  8.00961205e-03
 -4.54660680e-03  6.64018842e-04  1.63852555e-02  2.53881588e-02
  8.93476883e-03  1.43908399e-02  7.07478094e-04 -3.54180604e-02
  4.88090256e-03  3.70995719e-03 -1.94889090e-02 -1.88274381e-02
  1.85623213e-02  3.11587026e-02  1.51772534e-02  3.01627094e-02
 -4.94815028e-03 -1.44847970e-02  2.77006688e-02  1.77842036e-02
 -7.07834727e-03 -1.20505008e-02 -2.53174143e-02 -2.06838590e-03]
[[ 1.17752232e-01 -1.20774702e-01  1.83206120e-01 ...  1.37164345e-01
   1.40041048e-01 -9.16043218e-02]
 [-6.97392597e-02  1.40986055e-01  1.15704951e-01 ... -2.09319408e-02
  -6.66768549e-02  1.29298082e-01]
 [-1.66505263e-01 -1.40676745e-02 -3.26655874e-02 ... -5.58298746e-02
   1.23213680e-01 -1.08944177e-01]
 ...
 [-8.46865567e-02 -5.67102489e-02  7.16210579e-02 ...  9.83384725e-02
  -1.54517842e-01 -2.49311000e-02]
 [-6.65517195e-02 -7.80720903e-02 -9.75044536e-02 ... -1.79712716e-01
  -8.46271711e-06  1.31347281e-01]
 [-1.59421993e-01  9.84880564e-02 -1.01411454e-02 ... -1.50947962e-01
   1.30923889e-01  2.51882772e-03]]
[-0.00568102  0.02784124  0.02033395  0.02566593  0.01091942  0.03102075
  0.00623136  0.02614838 -0.01178336  0.01294696 -0.0482635   0.00591884
 -0.02082309 -0.01544407 -0.02058136  0.00621024  0.04408714 -0.00548304
  0.02582465  0.01272287 -0.02073658  0.06881896 -0.00294621  0.00393185
 -0.00314725 -0.01344811 -0.02491483 -0.07426709  0.00235656  0.05442926
  0.003316   -0.02424014 -0.02604994 -0.03798783  0.00890167  0.00165578
 -0.0504698   0.03185746 -0.01662766 -0.01810241  0.02727044  0.02057067
  0.00213084 -0.04013629 -0.00399975 -0.01862418  0.02264627]
