[[-0.06948014 -0.06528419 -0.05496704 ... -0.06887111 -0.0061845
  -0.06211486]
 [-0.01306776 -0.03966493  0.08028694 ... -0.03436389 -0.05601061
   0.01470348]
 [ 0.05391732  0.06265902 -0.02099292 ...  0.04852516 -0.06874
   0.04216844]
 ...
 [-0.01554716 -0.01068502  0.06296577 ...  0.07399378 -0.06399481
   0.05216853]
 [ 0.07333621 -0.00934662 -0.03841679 ...  0.05098492 -0.06490615
  -0.05885813]
 [-0.0650527  -0.07469301  0.00717702 ...  0.05694785 -0.04716523
   0.07616553]]
[ 7.80717900e-02 -1.37457233e-01  3.07544983e-02  1.14758033e-01
 -4.72006041e-02 -1.75717464e-04  1.07242858e-01 -1.24064170e-01
  2.58499243e-02  8.12400960e-02 -6.86767797e-03 -1.32014161e-03
 -1.45830273e-01  1.75835092e-02 -5.46864849e-02  2.09779031e-02
  5.75119645e-02 -1.13328303e-01  2.67944010e-02  2.44057167e-02
  6.33664049e-02  2.93644859e-02 -1.31142993e-03 -1.77477828e-02
  1.43706841e-01  4.89180708e-02  3.41009875e-02  1.06678502e-01
  1.30318912e-01  3.11791779e-02  1.95811285e-02 -6.18219469e-03
  1.65339964e-01 -7.78489046e-02 -3.99686108e-03  8.47484472e-02
  3.90139447e-02 -7.99874860e-02 -1.16909969e-01 -8.95617910e-02
  4.17070953e-02  1.84301671e-02  4.13078448e-02  6.69106033e-02
  5.09272789e-02  4.57566020e-02  5.28539616e-02 -6.20406512e-03
 -4.99230270e-02 -4.30211812e-02  1.38457573e-01  5.30796873e-02
  8.44783454e-02  5.58522900e-02 -4.73240119e-03  5.67184944e-02
  2.08374642e-01  2.80888648e-02  6.83722732e-03  3.86082799e-02
  2.14445574e-01  1.18155802e-02  1.57744350e-01  2.85476116e-02
  5.91084665e-02  4.69251332e-02 -5.05850597e-03  5.84414097e-02
  9.84792042e-02  1.13341347e-01  7.49404685e-02  7.86152751e-02
  3.30212060e-03 -2.11082075e-02 -5.93028404e-02 -1.99658706e-02
  6.75514714e-03  8.41586247e-02  1.04985804e-01  1.30824789e-01
 -5.34737030e-02  1.92632652e-02  5.10839085e-02 -4.21010217e-02
  7.26666597e-02  3.86691721e-02  6.07718208e-02  6.82169426e-02
  3.29323446e-02  1.30210357e-02 -3.79613014e-02  3.95765860e-02
  8.42426429e-02  9.95843247e-02  1.52562399e-01 -2.38989612e-02
  9.08001304e-03 -4.60773113e-02 -3.31174687e-02  6.78421525e-02
  9.27091461e-02  3.26641869e-02 -7.73603945e-02 -4.82159331e-02
 -1.58146940e-02  3.16925492e-02  1.36263303e-02  4.19740318e-02
 -4.64415150e-02  1.30145405e-01  9.24237305e-03 -4.55168103e-03
  8.50696311e-03 -4.53746348e-02 -2.30863862e-02  1.50862416e-01
 -5.49261508e-02  5.32417085e-02 -1.29467916e-02 -1.15540751e-02
  4.03423881e-02  1.29266456e-01  9.86916678e-02  4.48319519e-02
  1.92397820e-01 -1.35031481e-01  3.85200080e-02  4.40825145e-02]
[[ 0.1568116  -0.01146965  0.07271161 ...  0.01259726 -0.05931544
  -0.11851081]
 [-0.03517265 -0.02587496  0.04005993 ... -0.02716793  0.09654735
  -0.13399455]
 [-0.17820414  0.14204498  0.14683976 ...  0.02060874  0.10091951
  -0.07983087]
 ...
 [ 0.17396031 -0.06530019 -0.14753087 ...  0.06667098  0.02650018
   0.11514297]
 [ 0.01903284 -0.11449385 -0.04285412 ... -0.05598231 -0.07821694
   0.10420246]
 [-0.09473266  0.00676989 -0.12913291 ... -0.07571818  0.07112303
   0.15030513]]
[ 0.05966461 -0.01754521  0.06726515  0.05149778  0.01269593  0.0051628
 -0.03253602 -0.03953517 -0.01476559 -0.02033076 -0.01567844  0.05249629
 -0.03016895  0.08758525  0.14591664  0.06136206  0.02647277  0.0054686
 -0.01782538 -0.02361742  0.07680761  0.06022636  0.0551528   0.03918356
 -0.04013226  0.00114421  0.00439717 -0.02127913  0.00071142  0.14471938
  0.07783476  0.07097271  0.03011361  0.02924216  0.06544237  0.09219447
 -0.00356666  0.06024296  0.08395545 -0.02781631 -0.0021051   0.02178592
 -0.02224863 -0.04299284  0.05219598  0.01240391 -0.02951079  0.05581431
 -0.00548716  0.095511    0.04144473  0.00817937  0.08319742 -0.04682725
 -0.04245161 -0.05296137  0.00881027  0.04576279  0.05770167  0.00555644
  0.11382298  0.04380453  0.00149158 -0.01684068  0.00305085  0.04981149
 -0.00786802 -0.00937186  0.00334714  0.11370707  0.06137445  0.01823055
  0.03078432  0.06482761  0.06761052  0.01495405 -0.04576454 -0.03645432
 -0.03109028 -0.02743515 -0.04016266  0.0660332   0.03264275  0.03242102
 -0.00517635 -0.01516835  0.04988543  0.09587393  0.00580916  0.01357516
 -0.00082408 -0.03960369  0.07008973 -0.07784216 -0.04171555 -0.05938778
  0.01276867  0.07771669  0.02485147  0.03538947 -0.04290289  0.09712757
 -0.0072401  -0.02884731  0.06028446  0.00644202  0.049532    0.05283088
  0.03889781  0.00291572  0.03474219 -0.01440075  0.00746561  0.06524073
  0.03300819 -0.01864368 -0.02588613  0.08418715  0.08287539  0.02091007
  0.04497427  0.06649531  0.05485341  0.09325464  0.0447416   0.12309385
  0.02405091  0.01663569]
[[-0.19787092 -0.1273554  -0.08936976 ... -0.05464331  0.09401255
  -0.05384217]
 [-0.04744487  0.13934148  0.02051877 ... -0.07935084 -0.13506992
  -0.02759603]
 [ 0.0087796   0.0362151  -0.1935514  ... -0.13928763  0.12314603
  -0.08977362]
 ...
 [-0.01527329  0.03509608  0.13186793 ...  0.00801043  0.08513386
  -0.11329448]
 [-0.01506812 -0.03292071  0.02090478 ... -0.16474173 -0.06162111
   0.05608213]
 [-0.00300109  0.20706475  0.08215656 ...  0.12074422 -0.10467083
   0.03319953]]
[ 0.08791275 -0.00815204  0.03400564  0.03390569  0.06278805  0.04633208
 -0.00384747  0.10715059  0.04676062  0.00806222 -0.03632791  0.10573958
 -0.02120245 -0.00981545  0.06598625  0.00217294  0.07435652 -0.06447274
  0.07112862 -0.00847763 -0.01960151  0.04674407  0.01315549 -0.0161472
  0.05912311 -0.02451916 -0.0034587   0.04362617  0.03999808  0.04713195
  0.12349084  0.0239026   0.00013369 -0.00234235  0.06743966 -0.07212084
  0.03113197 -0.00413107  0.09571316  0.08088345  0.0448478   0.09260169
 -0.00785896 -0.00606182  0.04028222 -0.02858856  0.01358072 -0.01545573
 -0.02921485  0.03995599 -0.01323692 -0.02054083  0.01629232  0.02786736
  0.01084922 -0.02027833  0.0087949   0.06715833  0.07341162  0.03194963
 -0.01477014 -0.01805285 -0.01636008 -0.05706593  0.04454733  0.00269164
  0.04261973  0.01953771 -0.02153503  0.01359106  0.02048885 -0.01227773
  0.01188658  0.05366799  0.07674601 -0.00410486  0.02684003  0.03599785
  0.07318493 -0.00305821  0.06713717 -0.08249169 -0.0233579  -0.00464711
  0.0333275   0.02610432  0.03873043 -0.0047376  -0.01069694  0.04736571
 -0.05636483 -0.00168216  0.04506773  0.03787489 -0.03945675 -0.02471828
  0.00750683 -0.0137386   0.02584152  0.04493573  0.00644762 -0.01995496
  0.01212258  0.05848584  0.03629349 -0.03072678 -0.00861267  0.0054751
  0.02588243 -0.01370232  0.01104973  0.0396767   0.00720439 -0.00289494
  0.0877272   0.03737364  0.02601641  0.03772732  0.03986424  0.01853305
  0.0373555  -0.00064731 -0.03809462  0.02125917  0.05051309  0.06409816
  0.00072812  0.00475933]
[[-0.1891183   0.12059416 -0.10632565 ...  0.05991479 -0.14583791
   0.04544648]
 [-0.11265647  0.02087214  0.10351975 ...  0.17790147 -0.15256582
   0.21231755]
 [ 0.03225534 -0.15242241 -0.06545675 ...  0.11975909 -0.01714377
  -0.18961191]
 ...
 [ 0.19321126 -0.02587153  0.23446989 ... -0.13730952 -0.21074933
   0.06476477]
 [ 0.21159038  0.01494873 -0.05872478 ... -0.05885631  0.07529981
  -0.02717548]
 [ 0.06681779  0.02508316 -0.1666984  ...  0.03068481  0.03221346
  -0.10612593]]
[-5.99156295e-03 -1.28250643e-03  6.91130795e-02 -1.21142565e-02
  1.59373572e-02 -1.09752301e-02 -9.70048686e-03 -7.41952603e-02
  4.94822035e-02  3.41375423e-03 -2.62016899e-02 -4.98772966e-02
 -3.43696266e-02  4.81477064e-02 -6.04175292e-02  6.15829430e-02
 -3.55963319e-02  2.89624716e-02 -3.44201312e-02 -3.74757624e-03
  2.55085061e-02 -4.99190432e-03  6.67191594e-02  8.49106418e-02
 -1.09922424e-02 -1.63077518e-02 -7.46288511e-02  1.09014551e-02
  1.34826599e-02  4.77915347e-03 -8.06591162e-02 -5.65654535e-04
 -2.24034874e-02  8.42848341e-05  3.37874270e-02  8.82833630e-02
 -2.12541151e-02  5.95256834e-02  3.35946564e-02 -4.19052428e-03
  1.03712413e-01  5.50097928e-02  4.17741395e-02 -8.41021221e-02
  3.85301728e-02 -3.09848358e-02  9.05311520e-02 -2.52602894e-02
  6.62910042e-02  1.03204923e-02  2.30819043e-02  6.76080596e-02
  4.52554367e-02 -8.79926363e-03 -3.18763586e-02  6.65610748e-02
  1.36056218e-02 -7.52869054e-03  5.25376739e-03  5.54390273e-03
  8.90164482e-03  5.40762227e-02  6.37043115e-02  5.26360826e-02
  1.20110382e-02  4.71245222e-02 -2.07851841e-03  4.58916845e-03
 -2.30138977e-02 -4.31418369e-03  3.88406113e-02  3.53052878e-03
 -1.40739190e-02  1.27179071e-02 -2.55502742e-02 -1.93299572e-02
 -1.87130833e-02  6.50713193e-02  3.22754238e-02  2.87381232e-02
  3.82146994e-02  3.95822301e-02 -3.09697310e-02  2.30967441e-02
 -1.60357924e-02 -6.55399830e-02  4.81996855e-02  1.32247201e-02
  3.99572831e-02  3.31064553e-02  3.78685057e-02 -2.53212044e-02
  1.64404892e-02  3.20581745e-02  2.77308172e-02  2.30918548e-02
  3.35913612e-02  5.77169149e-02  1.86993691e-02  9.83778991e-03
  2.90804008e-02  2.70604684e-02 -2.03664671e-02 -4.51235642e-03
 -5.79719600e-02  3.35129677e-02  8.23291222e-03  1.15711274e-02
  8.59174786e-03  8.14953074e-03  4.04489703e-03  1.83523404e-02
  3.26066344e-02 -2.34529961e-02  1.28348744e-01 -8.56757809e-03
  2.48090947e-02 -1.08861608e-02  5.07774059e-02 -5.74743933e-02
  2.27639302e-03 -1.29765785e-02 -1.34067434e-02  7.41966873e-02
 -2.58926584e-02  2.31929839e-02  1.41415531e-02  2.12264480e-02]
[[ 0.01890775  0.23944663 -0.06511506 ... -0.1896001   0.18976529
   0.02179699]
 [ 0.06143322  0.15195342 -0.0096174  ... -0.11795387  0.18560479
   0.15012434]
 [ 0.13102762 -0.31458485  0.1068435  ... -0.21776555 -0.00435997
   0.23460978]
 ...
 [ 0.10348132 -0.05599017  0.05548751 ...  0.25879798 -0.15785152
   0.25901616]
 [ 0.22601862  0.05816652  0.18040543 ...  0.00477621  0.19169555
  -0.08873342]
 [ 0.1030913   0.09449956 -0.09399522 ...  0.10599149  0.01039024
  -0.26824993]]
[-0.00199689 -0.03879685 -0.00511869 -0.10621228 -0.02797089  0.0396925
 -0.1281195   0.00679398 -0.06290067  0.06420369  0.02423469 -0.0579879
  0.07745616 -0.03176378 -0.03753323  0.10261066  0.05676608  0.03369465
  0.02675911  0.08873471 -0.05196953  0.19732283 -0.00347937 -0.04256959
 -0.12200566  0.05028165  0.04808    -0.05253781  0.00523696  0.13239909
 -0.01071823  0.05235976 -0.01240756 -0.08802604  0.07867864 -0.01959191
 -0.11349319 -0.02466813  0.03158022 -0.01157539 -0.03193608 -0.06478185
  0.08136497  0.03768443 -0.07176828 -0.0598876   0.04388212]
