[[ 0.06648871 -0.01569023 -0.01773077 ...  0.02872336 -0.05326109
  -0.06771302]
 [-0.03597543 -0.02211995  0.06423851 ... -0.04296566  0.01480013
   0.07087149]
 [-0.06558289 -0.06213832 -0.08360899 ... -0.08163706  0.02135195
  -0.05080044]
 ...
 [ 0.03910381 -0.05312278  0.00077109 ... -0.04143812 -0.07817418
   0.05353516]
 [ 0.07898077  0.06418454 -0.07047909 ...  0.02925393 -0.01799456
  -0.07992077]
 [ 0.01982851  0.05389487  0.00742066 ... -0.04647499  0.04266982
   0.0827901 ]]
[-0.11842783  0.02371644 -0.0395315   0.22362776  0.06123276  0.0618196
  0.22388752 -0.03986022  0.21249409  0.23430398  0.13323256  0.08282127
  0.02100955  0.22860066  0.12618601  0.36233043  0.31550377 -0.07384157
  0.18986265  0.0009944  -0.09734709  0.24444259 -0.13442157 -0.04042392
 -0.04454397 -0.1414264   0.49081118  0.13822912 -0.02028066  0.08263842
  0.06285305  0.07889396  0.09561247  0.16457331 -0.15623299  0.04663276
  0.14012584  0.11908451  0.12616607 -0.036257    0.03553776  0.12434166
  0.14804135 -0.06804815  0.09859354  0.13022316 -0.03647984  0.04882643
 -0.07910682  0.18211475 -0.05951893 -0.18051148 -0.07480581  0.0627454
  0.03761123 -0.11263645  0.30475106  0.16447128 -0.13411423 -0.07881557
  0.15811096 -0.06750447  0.23585269  0.00253838]
[[-0.03458397 -0.112939   -0.1772522  ...  0.0434347   0.12323079
  -0.39555334]
 [-0.02773896  0.12383216 -0.35276396 ... -0.06274585 -0.2050962
  -0.02688861]
 [-0.13320753  0.19370912 -0.09048356 ... -0.06618575  0.15141415
   0.10548927]
 ...
 [ 0.33263523  0.32530871 -0.4446143  ... -0.02639679 -0.27153822
   0.3029969 ]
 [-0.17251266 -0.06487889 -0.03942152 ...  0.06285619 -0.16826996
  -0.07008743]
 [ 0.23791838  0.31259455 -0.1861379  ... -0.21097241 -0.03196422
   0.05986609]]
[ 0.12651275 -0.0177769   0.00697044  0.00339149 -0.00949755  0.0152071
  0.07487225 -0.14186952  0.09801405 -0.22779196  0.01148026  0.02264263
 -0.06362765 -0.01159841  0.17555209 -0.11278629  0.15044722  0.05352378
  0.15402711  0.04363754  0.0717439  -0.03698696 -0.00775499  0.104001
  0.02385041  0.12213308  0.26937568  0.02516696  0.04768062 -0.04744235
 -0.01617965  0.21189916  0.03828532  0.01166005  0.0608749   0.02903172
  0.09154608  0.00447119  0.01547695  0.13485944  0.05320577  0.17383853
  0.07335856 -0.00363111  0.00289045  0.24410041  0.00287042 -0.12709574
  0.09899564 -0.04398492  0.18359542  0.01014181 -0.07040775  0.07723183
  0.00057729  0.10833956  0.06202374  0.12087394 -0.02205517 -0.02475299
  0.26878585 -0.09621424 -0.00034266  0.17335019]
[[-0.03199478  0.08939819 -0.19108069 ... -0.40323508  0.05474675
   0.05788086]
 [-0.30081073  0.16209796  0.12751886 ...  0.38155154 -0.07446373
   0.05452343]
 [ 0.20835764  0.03978505  0.00282959 ... -0.18181912 -0.10829023
   0.00605518]
 ...
 [ 0.40295492 -0.25940244  0.00143519 ... -0.07450898  0.06657537
  -0.12054297]
 [ 0.22041886 -0.15945475 -0.11231024 ...  0.23638475 -0.10704448
   0.37836061]
 [ 0.1835865   0.1209105   0.19496241 ... -0.05773753  0.21518453
  -0.09285617]]
[ 8.00811941e-02 -7.50827237e-02 -1.11760676e-01 -5.28209379e-02
 -1.30148584e-03  8.95076991e-02  4.41470321e-02 -1.08952585e-02
 -7.71656981e-03  1.75648221e-01 -7.68184644e-02  7.95764613e-02
  9.78597904e-03 -3.59608052e-02 -1.28177009e-01  8.85891405e-02
  2.11903732e-01 -8.06590572e-02 -3.77958501e-02  3.70937179e-02
 -1.07765961e-02  2.01668918e-02  8.27620855e-02 -3.89417151e-02
  1.18498469e-01 -1.12047142e-01  6.02667951e-03  2.17622165e-02
  9.81583256e-03 -7.58934791e-03  9.76176465e-02  3.56267147e-02
  1.96754465e-01  1.19632957e-01  2.23560845e-01  9.27735383e-04
 -3.57847285e-02  3.01474756e-02  1.19897485e-01  8.56340152e-02
  1.01412415e-01  5.26223154e-02  1.29054630e-01 -6.82789073e-03
 -1.71183441e-02  8.35613948e-02 -3.57320851e-02  5.32369386e-02
 -2.91938339e-02 -3.48188324e-03  7.24346537e-02  2.57282806e-01
 -4.36134426e-03  1.69629706e-01 -1.65164599e-02  3.86290580e-02
 -1.18573574e-02  9.34716798e-05 -5.75554026e-02  6.64789581e-02
  1.05114935e-01 -8.39098956e-02  2.62539314e-01  5.03630383e-02]
[[ 0.20361962  0.07652882 -0.22691265 ...  0.01493614  0.20974817
   0.07613103]
 [ 0.15019328  0.01811217 -0.06488731 ... -0.18920408 -0.04713113
  -0.00173202]
 [ 0.17802255  0.19433242  0.13929481 ... -0.2594421   0.37561946
   0.14070358]
 ...
 [ 0.06240877 -0.14832003  0.08879521 ...  0.0898756   0.07729203
   0.01541546]
 [-0.13291735 -0.16149486  0.3905614  ...  0.13310903 -0.15981061
  -0.27264527]
 [ 0.1318255   0.08236081  0.00696871 ...  0.1622817  -0.02653603
   0.18921739]]
[ 6.48839405e-02 -3.67110983e-02  6.10528113e-02 -1.33209075e-01
 -9.16777408e-02  9.34431950e-03 -2.38954686e-02  1.65361268e-01
 -1.10863587e-02  5.30975036e-02 -3.13582279e-02 -4.46292312e-03
  9.69901673e-02  2.18051255e-02  6.27888824e-02  4.46046714e-02
  9.12563573e-03 -1.36574380e-01  1.57808643e-02  0.00000000e+00
 -2.29608441e-02  1.28131039e-01  2.44589761e-02  1.46868928e-02
 -3.08792974e-02  4.06930946e-02  1.67187258e-02  1.07261807e-01
  1.97403114e-01  5.15298412e-02  2.45289277e-01 -6.39312092e-02
 -1.57371405e-01  3.10538458e-02 -7.80206969e-02  9.86087698e-02
  1.07628706e-01 -6.54152536e-04  2.53003163e-02  1.48881423e-01
  6.38846502e-02 -4.97260281e-03 -2.18862207e-03 -3.11879837e-02
 -1.11763252e-01  1.74040629e-01  5.54619805e-02 -7.84603936e-02
  6.34601636e-03 -1.55726505e-04  6.48793788e-03 -5.14212043e-02
  6.03384052e-04  6.55552195e-02  1.12308005e-01  2.88318093e-02
  1.53770925e-01 -5.90323011e-02  5.30261348e-02 -2.04199730e-01
 -8.83851011e-03  1.94690415e-01  2.22312917e-03 -1.07021503e-01]
[[-0.1029508  -0.07054376  0.05656354 ... -0.24382031  0.1530435
  -0.16315908]
 [-0.46662772 -0.16997327 -0.00225972 ... -0.17925954 -0.24533855
   0.04758904]
 [-0.07384823 -0.2047197   0.27831    ...  0.02112632 -0.30277855
   0.26859912]
 ...
 [ 0.03892497  0.15639032 -0.1131718  ...  0.01441217  0.32694246
   0.42711419]
 [-0.23666082  0.18253767  0.02954958 ... -0.3689531   0.04676926
   0.45992796]
 [-0.21373636 -0.20944697  0.76507417 ...  0.27589409  0.1996284
  -0.06800672]]
[-1.29179096e-02  9.54699645e-03  1.61630815e-01 -1.17814572e-01
 -9.14098507e-02 -7.71832370e-02  2.26059646e-02 -5.57342859e-02
 -8.13511340e-02 -2.80980585e-02  3.50300574e-02 -4.01033965e-02
  2.24146941e-02  4.74708988e-02 -1.02281792e-01  1.09697913e-01
  6.82585411e-03  7.08663335e-02  3.63386634e-02  6.24628410e-02
  2.68285574e-02  2.34606998e-01  8.64124268e-02  4.62446137e-02
 -4.05889862e-02  7.25561721e-02  6.30037967e-04  1.81966487e-04
  1.63964783e-01  1.57849062e-01  3.42521358e-02  2.63926874e-03
  3.30439553e-02 -5.48027969e-04  1.86269375e-01 -6.65022717e-02
 -1.77259020e-01  2.92210845e-02  2.33925194e-02  2.42286093e-03
 -2.14884591e-01 -4.86277532e-02 -8.97853456e-03 -9.12822236e-02
 -2.32902966e-01 -1.95478734e-01 -1.45950388e-03]
