[[-0.06334967 -0.06510572 -0.06423736 ... -0.03487902  0.00533389
   0.07766637]
 [ 0.00688718 -0.00376218 -0.01630011 ...  0.01289021 -0.05667418
   0.05099772]
 [-0.04213862 -0.06530719 -0.04133703 ... -0.03487295 -0.02498121
   0.01918522]
 ...
 [ 0.03275937  0.03194719  0.05664208 ... -0.08017337 -0.03950877
  -0.05790267]
 [-0.02121791 -0.0447934   0.00108035 ... -0.02730331  0.06415443
  -0.02810394]
 [ 0.03182546  0.08080235  0.0587207  ... -0.01804139  0.02270091
  -0.03560042]]
[ 4.58728746e-05 -2.28710737e-04 -2.24062203e-03  9.29183603e-05
 -9.13928513e-03 -2.29720517e-03 -3.91510236e-03  2.71159151e-05
 -1.20658400e-04 -4.07618791e-04 -4.38198725e-03 -1.26676688e-03
 -3.19795126e-03 -1.71238639e-03 -1.97732274e-03 -5.62412225e-04
 -2.37480241e-03 -2.22093179e-03  4.51361008e-03 -7.30820876e-03
 -7.84483032e-04 -3.88991057e-04  1.43561788e-03  1.83911806e-03
  2.82388699e-03  2.42945826e-03  1.39475693e-03 -2.81413513e-03
  1.96447436e-03 -1.49386168e-03 -4.87874597e-03 -3.73931137e-03]
[[-1.85610259e-01  1.97502880e-01  1.77618643e-02 ... -2.37670403e-04
   4.56475140e-02  1.02382354e-01]
 [-2.64207553e-02 -1.90045790e-01 -2.59432253e-01 ... -9.76774840e-02
  -2.30628932e-01 -5.20484061e-02]
 [-2.22845815e-01  1.00926820e-02 -1.65730855e-01 ... -2.32785185e-01
  -2.88961515e-01  2.33555511e-01]
 ...
 [-1.94436436e-01  2.30333911e-01  1.54036998e-01 ... -3.01801133e-01
  -8.57723093e-02 -1.47188169e-01]
 [-9.35508175e-02 -1.81619487e-01  3.00275390e-02 ...  6.99920394e-02
  -2.26679888e-01 -5.87695284e-02]
 [ 7.67164903e-02  1.83762751e-01 -1.83921534e-01 ...  2.91393640e-01
   2.72349807e-01  4.37671668e-02]]
[-0.00550056  0.00101689  0.00090984  0.00428957 -0.00283882 -0.00257496
 -0.00256507  0.00392109 -0.0081676   0.00171277 -0.00016445  0.00046355
  0.00092648 -0.00085372 -0.00452224 -0.00161105  0.00129466  0.00132508
 -0.00520442 -0.00081608 -0.005834   -0.0096526  -0.00295345 -0.00491208
 -0.0009759  -0.00061783 -0.00849521  0.00065761 -0.00570375  0.00413475
  0.00101581 -0.00942854]
[[ 0.07862841  0.21032014  0.11868197 ...  0.13003513 -0.27212231
   0.07875043]
 [-0.0899087  -0.10158384  0.24082229 ... -0.10563276  0.25253752
  -0.11120921]
 [ 0.17003991  0.19970547  0.23537831 ...  0.05692106 -0.09691302
  -0.23957202]
 ...
 [ 0.26946194  0.19005576 -0.16149321 ... -0.21116741  0.16866425
   0.11121415]
 [-0.00252432  0.15748993 -0.11825596 ... -0.02837931 -0.02514947
   0.01723043]
 [ 0.04639729 -0.00910356 -0.07549371 ... -0.04898565 -0.08825203
  -0.0355412 ]]
[-2.82497859e-03  3.57379269e-03  3.08647656e-03 -5.57116133e-03
 -1.19570058e-03 -4.74954502e-03 -3.41879750e-03  2.16212172e-03
  9.34391973e-04  6.16593758e-04  3.70792061e-03  1.30128550e-03
  4.83394564e-03  5.93735911e-05 -1.12830652e-03  4.59946349e-03
  4.54529258e-05 -3.60413942e-03  3.21185236e-03 -2.41638769e-03
 -9.52353678e-04 -4.28701946e-03  2.37981738e-03  4.25513989e-03
 -1.33358538e-03 -1.16590883e-03 -3.21436493e-03  4.44824688e-03
 -1.70605625e-04  2.28153712e-04 -2.94664370e-04  4.90821670e-03
  1.39181571e-03 -1.77928880e-03 -2.00864073e-03 -9.56029649e-04
  1.06946508e-03 -4.44080270e-03 -7.55840610e-03  7.27147608e-03
 -2.66306947e-03  1.81288898e-03 -7.81659659e-04  1.88531015e-03
  3.01580483e-03 -1.94515806e-03 -2.33843212e-03]
