[[-0.01173372 -0.04169492 -0.06945184 ... -0.00021184  0.02499733
  -0.082506  ]
 [-0.00275742  0.01175887 -0.04693999 ...  0.00638395  0.0602241
   0.02655727]
 [ 0.04610199 -0.05162485 -0.03335494 ...  0.06331299  0.0148235
   0.05427592]
 ...
 [ 0.04360012 -0.03037318  0.06182897 ... -0.03683926  0.04875554
  -0.01956652]
 [ 0.00772898  0.00477931 -0.01699944 ...  0.00540201  0.05376914
  -0.02492412]
 [-0.04392923 -0.04379427 -0.04354927 ... -0.06398224 -0.07927106
   0.07677488]]
[-0.04948572  0.17493947 -0.15383752 -0.00553073  0.03716231 -0.20456092
  0.02436604  0.23668985  0.30688434  0.2379963  -0.02611262 -0.00570617
 -0.18125966 -0.3196955   0.06368232 -0.39284243  0.05558805 -0.19892984
 -0.10159179 -0.09678531  0.24379813  0.02124843  0.07505048  0.14556536
  0.56202894  0.10539256 -0.33331122  0.05874931  0.2342702   0.23534617
  0.25170872 -0.02116375]
[[ 2.72795062e-01 -7.46769499e-02  1.47922270e-01 ...  5.41139348e-01
  -6.44714403e-02  6.76424921e-01]
 [ 4.43071935e-01  1.52015933e-01  5.44619994e-01 ... -8.72897302e-02
   3.46756778e-01 -8.10344161e-02]
 [-1.98880745e-01  7.95059194e-02 -6.07664422e-02 ...  1.12964824e-01
   1.81686429e-01  9.06396822e-02]
 ...
 [-5.00496859e-01  6.57042169e-01 -4.36415895e-04 ... -2.24077051e-01
  -3.33292210e-01 -5.50766836e-01]
 [-3.33723441e-01  4.43444369e-03 -1.29922397e-01 ... -1.10396213e-01
   4.45551521e-02  2.61303358e-01]
 [-2.11004003e-01  2.71143194e-01  1.49256378e-01 ... -4.93961878e-01
   2.34239608e-01 -3.14772159e-01]]
[-0.04969225 -0.10265876 -0.02683073  0.009889   -0.1252254   0.01064712
 -0.15354685 -0.00353725  0.41960121 -0.06028101 -0.0145152  -0.12606308
  0.21052524 -0.16717406  0.25715824 -0.01015129 -0.12704224  0.11366326
  0.02627039 -0.13746489 -0.06322321 -0.0088429   0.39442194 -0.09902609
 -0.03402971  0.23537774  0.35080183  0.37635878 -0.01730248 -0.13050976
 -0.03991003  0.17890086]
[[ 0.22576821  0.51753157 -0.25407378 ...  0.55281561 -0.15445407
  -0.01543792]
 [ 0.70581335  0.19745196 -0.05633288 ...  0.04647031 -0.0373504
  -0.38936513]
 [-0.53023763  0.43473945  0.25958603 ...  0.60572846 -0.06779539
  -0.16803422]
 ...
 [ 0.40645051 -0.49610821  0.1306534  ...  0.35948426  0.16151943
   0.09990308]
 [-0.42320152 -0.43198223 -0.30748362 ...  0.66326322  0.16284327
   0.09511536]
 [ 0.33472932 -0.18358228 -0.18832404 ... -0.08821247 -0.12016834
   0.3190456 ]]
[ 0.00145895  0.15753976  0.10169331  0.00873692  0.1213614  -0.37082974
 -0.01141219  0.54554507  0.05531977 -0.18417508 -0.07011343  0.20561818
  0.23317031 -0.25980797 -0.34260323 -0.01699401  0.0427908   0.18429581
 -0.0098088  -0.06557304 -0.11778586  0.2570287  -0.24206188 -0.03970073
  0.06588062  0.1824681  -0.07067814 -0.09192611 -0.04375908  0.06751335
 -0.12393888  0.01292768]
[[-0.17783506  0.44169404 -0.17757777 ... -0.17700607 -0.1669917
   0.0212887 ]
 [ 0.29317847 -0.07954318 -0.41214498 ...  0.04230282 -0.46278878
  -0.50556305]
 [ 0.44108923 -0.03939411  0.11070036 ... -0.09507121  0.04138357
  -0.05715808]
 ...
 [ 0.20231769 -0.10078038  0.07348608 ...  0.17117798 -0.47251141
  -0.41985753]
 [ 0.09442728  0.43430112 -0.15711466 ... -0.16362281  0.14746699
   0.06130429]
 [ 0.22978478  0.21737039  0.75897824 ...  0.06062911  0.27187727
   0.21779144]]
[ 0.03882491 -0.00976609 -0.05978971 -0.13024699  0.11060845  0.12614329
 -0.17161646  0.16224701 -0.25581657  0.06363058 -0.11102375 -0.20767844
  0.14659346  0.13468711 -0.40684213  0.15539724 -0.06171267  0.0491683
  0.10493315  0.61990115 -0.09552038  0.42397415  0.03581366  0.03150608
 -0.13449068  0.21509925  0.0574757  -0.12694887  0.0500531   0.13895559
 -0.12441981  0.17139465  0.24757151 -0.10758653  0.37317972 -0.23096178
 -0.54647469 -0.0591465  -0.07979322 -0.34330564 -0.19090374  0.0509035
  0.28633329  0.00879739 -0.1361372  -0.33571072  0.12270032]
