[[ 0.07708432  0.04864825  0.08379474 ... -0.04535232  0.00498762
  -0.0771084 ]
 [-0.06157096  0.06958069 -0.055468   ... -0.05673162  0.08435782
   0.00345873]
 [ 0.03085902  0.08256025 -0.02287958 ... -0.07200797 -0.01119202
   0.05408271]
 ...
 [-0.07405116 -0.01668441  0.05592186 ... -0.08202587 -0.05828819
  -0.04514028]
 [ 0.025191   -0.08156948 -0.04654101 ...  0.06684531 -0.0346328
   0.02717567]
 [ 0.03322946  0.03640419  0.01272119 ...  0.03881063  0.06900615
  -0.04688661]]
[ 0.0057147   0.04958904  0.02714812  0.00512532  0.03217904  0.05198536
  0.0028699   0.0337608   0.01538723  0.05138231 -0.00441738  0.0305207
  0.01275939  0.06683327  0.03319746  0.00360573 -0.01470396 -0.01442782
  0.00724683  0.0645629  -0.00072328  0.01147672 -0.00733585  0.00284187
  0.03361279 -0.00779882 -0.01347611  0.06747207  0.00867615 -0.00104666
  0.05751405  0.01321309]
[[-0.01824409 -0.23736005 -0.09303982 ... -0.14075825  0.09851958
   0.18559903]
 [-0.23824531 -0.22420442  0.02389681 ... -0.15469624  0.06823372
   0.22457881]
 [-0.29805364  0.23539649  0.22000826 ...  0.23973409 -0.27425752
  -0.28047905]
 ...
 [ 0.02807105  0.3105193  -0.30675359 ...  0.31479158  0.31524902
   0.18897616]
 [-0.28854805 -0.20398284  0.26611363 ... -0.31497408 -0.20768827
   0.0992896 ]
 [ 0.18816076  0.02325018 -0.07706003 ... -0.26738288 -0.10140079
  -0.16311269]]
[-0.00632039 -0.01750637  0.04398263 -0.00035636  0.02849981  0.02476661
  0.01977306  0.05531119 -0.00690044  0.03233756  0.06971316  0.00829173
  0.05095142  0.03595552  0.02456984 -0.00400558  0.05719259 -0.01340502
  0.00921775  0.07331586  0.08294093  0.00406291  0.03488925  0.0923557
 -0.00630984  0.00583939 -0.02698302 -0.04490052 -0.00200072 -0.00389974
  0.01889151  0.04762825]
[[-2.40314241e-01 -1.87387936e-02 -2.86281665e-01 ...  3.08035782e-02
  -1.56057070e-01 -2.17619095e-01]
 [ 1.70984246e-02 -3.47167954e-02  7.01187431e-03 ... -2.01809478e-01
   2.17727810e-01  9.04882534e-02]
 [-9.61479894e-05  7.43867916e-02 -2.80481175e-02 ...  2.32889751e-01
  -1.46197945e-01  5.83494541e-02]
 ...
 [-1.43074790e-02 -2.80724465e-01 -1.41737845e-01 ...  1.43460588e-01
   7.37475184e-02 -2.45599973e-01]
 [-2.55505809e-01  1.60821008e-01  2.80797046e-02 ...  1.30535453e-01
  -2.29106509e-01 -1.87134780e-01]
 [-8.24357997e-02  1.41532749e-01 -1.07020464e-01 ... -1.94697057e-01
   2.05610395e-01 -3.85582685e-02]]
[-0.05458903  0.00868004  0.01077625 -0.04636844  0.01398483  0.02130708
 -0.01752995 -0.00369451 -0.02366677  0.00988593  0.07148099 -0.00276254
 -0.04488724  0.0328067   0.09171718  0.0305917   0.05137806  0.01212791
  0.04102012 -0.0175113  -0.10711791  0.02887044 -0.02187156  0.02930802
 -0.0474487  -0.00821713  0.02828921  0.05345749 -0.0278457   0.07027248
  0.02590714  0.01688391 -0.02988411 -0.03229162  0.02459537 -0.05748723
  0.00020355 -0.05159947 -0.06578771  0.00553782  0.01165594  0.00255138
 -0.02073614 -0.04233146 -0.02032457  0.04018929  0.01047426]
