[[-0.07423431 -0.00981552 -0.06230916 ...  0.07004473 -0.05755854
   0.01937549]
 [-0.03615504 -0.07206858  0.01616123 ...  0.02906458  0.08163167
   0.04136374]
 [ 0.06544794 -0.00433652 -0.06966041 ... -0.07425511  0.0073241
   0.05058368]
 ...
 [ 0.03389483  0.06135014 -0.02060207 ... -0.0430664   0.04661161
  -0.06603616]
 [-0.01275265 -0.00932893  0.01958079 ... -0.03082882 -0.01156295
   0.00854337]
 [ 0.08102185 -0.04771294 -0.02464202 ... -0.01679931  0.05349229
  -0.05094289]]
[-0.0075534  -0.10538308  0.62832835  0.26169818  0.2074136   2.03425355
 -0.57948995 -0.88368924  0.43338964  0.99844456 -0.03470642  0.90156914
  0.21968035  0.08258469  0.22394494  0.8107736   0.16758484 -0.11105178
  0.31377736  0.74540899  0.01097839 -0.38962672 -0.27085387  0.27777029
 -0.2661551   0.92226469  0.66561757 -0.99872771  0.23281397  0.12796031
  0.77530045  0.56841724]
[[ 0.31632774  0.21658944 -0.3180871  ... -0.74302921  0.68300763
   0.42252995]
 [ 0.28732629 -0.1963574  -0.60114337 ... -0.30935939  0.61932247
   0.40645614]
 [-0.22195491  0.17961925  0.24684685 ... -0.19044327 -0.23271832
   0.078483  ]
 ...
 [ 0.0161831  -0.43683441  0.2736842  ...  0.47402517 -0.37452371
   0.21684668]
 [ 0.31362042 -1.12873771 -0.11338449 ...  0.63824286  0.58892222
  -0.5212701 ]
 [ 0.57183297 -0.19294314 -0.66166102 ...  0.13932816  0.59449577
   0.20483848]]
[-0.15500434  0.33784463 -0.85793799  1.08891805 -0.9442169   2.13263177
  0.47514384  0.3894289  -0.02301467  1.16751977 -0.18935333 -0.13628621
  1.02606411  0.06711996  1.46116477 -0.13963193  0.26761092  1.58224799
 -0.05450719  0.44397948 -0.79945135 -0.63787416 -0.08973629 -0.84105668
  0.20343195  0.94579692 -0.35032852 -0.11261632 -1.10398875  0.64633026
  1.27407409  0.75294927]
[[-0.29366379  0.01883167  0.69659073 ...  0.68041517 -0.11450029
  -0.32432205]
 [-0.49726898 -0.06487435  0.00981409 ...  0.54393112  0.21590932
  -0.02716146]
 [ 0.08969175  0.39496075  0.40061967 ... -0.41045996 -0.55445833
   0.48272778]
 ...
 [ 0.6187902   0.58132995 -0.11086879 ... -0.59352078  0.04688433
  -0.04338549]
 [-0.57354062  0.45314659 -0.43983936 ...  0.02221127  0.09994538
   0.10771346]
 [-0.46325189 -0.68778613  0.3544721  ...  0.24947977  0.7258474
   0.35088962]]
[ 0.2994188  -0.42624849  0.5626802  -0.47851696 -0.70897522  0.24154986
 -0.43922693 -0.1123414   0.14722849  0.14134766  0.30585359  1.15273882
  0.62212308 -0.45506613 -0.40701379 -0.0531477   0.08561393  0.6141815
 -0.83038737  0.40009217 -0.03799721  0.18312277 -0.1184342  -0.0865873
  0.04423816  0.83039501  1.74041491  0.60853946  0.19917793  0.41893972
 -0.22874492 -0.53056881  0.05452195 -0.12119469  0.61940469 -0.79744752
 -1.22661804 -0.04970564 -0.03018994 -0.14443477 -0.57412758 -0.41065137
  0.5196963  -0.39073081 -0.16392475 -1.01210636  0.04310891]
