[[-0.02556812 -0.05840014 -0.01466391 ... -0.05398742  0.04716099
  -0.07876949]
 [ 0.06513374  0.06093917  0.05596962 ... -0.07755417  0.06393085
  -0.06573531]
 [-0.02117063  0.025941    0.06455887 ...  0.03874434  0.07922273
   0.07702471]
 ...
 [-0.08080393 -0.06703916  0.04425812 ...  0.00710046  0.00786615
   0.02579961]
 [-0.00819176  0.06878043  0.04124759 ...  0.04851139 -0.05280981
  -0.069833  ]
 [-0.04476876 -0.01312326  0.03494013 ... -0.04632113  0.01165604
  -0.06714503]]
[ 0.09309634  0.11068617  0.01830839  0.09613693 -0.07383107  0.02721734
  0.07254565  0.04476051  0.09097571  0.10148915 -0.01819737  0.00643227
  0.10801459  0.03352389  0.05400661 -0.00981315  0.03992453  0.13192474
  0.07996933  0.05086076  0.02525805  0.09499048  0.00836863  0.11238122
  0.03658792  0.15928072 -0.05719618  0.06394103  0.10447083  0.0623369
 -0.0277261   0.04833733  0.10265056  0.06361923  0.09408933 -0.02066031
  0.14667945  0.04087228  0.09860943  0.04351979  0.07469845 -0.04895305
 -0.166278   -0.02895407  0.07569003 -0.03564148  0.0365003  -0.08159321
  0.02130297  0.09597011 -0.02993281  0.04800687  0.10553399  0.10158303
  0.05790694  0.02341158  0.07275517  0.00429944 -0.02041457  0.2175335
 -0.01727323 -0.06149497  0.00054986  0.08999921 -0.06286076  0.03170053
  0.07342267  0.07750005  0.13366247  0.05101858  0.05151924  0.15689546
  0.06574831  0.00659674  0.0769555   0.08063824  0.10136852 -0.05633374
 -0.01291647 -0.02828836  0.08505362 -0.01736524  0.0605335   0.00044566
  0.03482385  0.12355395  0.15102413 -0.03988291 -0.04699969  0.0162293
  0.04635416 -0.04113078  0.11176337 -0.0337699  -0.02427103  0.18685462
  0.01804041  0.00878768  0.0498795   0.07237092 -0.06441683 -0.00054863
  0.00186893  0.04233149  0.04214988  0.05484132 -0.00751601  0.01912882
  0.09770948 -0.12133347  0.08901016 -0.02105294 -0.10777509  0.04747015
  0.09187028 -0.07641572  0.07801682  0.02706403  0.01899026 -0.00798975
  0.06440165  0.10160699  0.092847    0.01901746  0.06235184  0.02315756
  0.00384665 -0.05040348]
[[-0.01933563 -0.07833963 -0.0645066  ... -0.06785218  0.13460443
   0.06792056]
 [-0.05855952 -0.05709085 -0.02524566 ... -0.0883578  -0.13958601
  -0.09933204]
 [-0.09227597 -0.10656847  0.13484498 ... -0.07587307  0.03136746
   0.20635442]
 ...
 [-0.11429855 -0.1106429  -0.10485378 ... -0.02407958 -0.20056212
  -0.02604812]
 [ 0.14334431 -0.06364587  0.00305214 ... -0.0190628  -0.06035365
   0.02971756]
 [ 0.01239592  0.28618694  0.09682102 ...  0.07651719  0.00325649
   0.0389372 ]]
[-0.04777195  0.09122657  0.02120989  0.05945149  0.08149714 -0.01817053
 -0.02007601  0.00154572 -0.02060832  0.07211137  0.07994109 -0.014705
  0.04027836 -0.03581852  0.03953392 -0.04238095 -0.00440179  0.01684874
  0.02924612  0.02696234  0.06215309  0.04504494  0.04730598 -0.0287439
  0.05464581  0.1098619  -0.00848168 -0.06747955  0.05592752 -0.02255573
  0.02148692 -0.00134934  0.07726904 -0.03782776  0.10417329  0.02915844
 -0.0473794  -0.00346543  0.02383895  0.02157659  0.01896955  0.05812734
 -0.03030705  0.0438886  -0.00115545 -0.03327378  0.07596154  0.03546021
  0.05146621  0.0327056  -0.02792897  0.02013523  0.04776416  0.04528377
  0.04147945 -0.06217382  0.00923836  0.00646524  0.00384278 -0.01529368
 -0.04987064  0.02040339  0.1069019   0.00901517  0.0342698  -0.00450261
  0.00297114  0.02575491  0.11122526  0.05313807  0.03641926  0.00531985
  0.11083631 -0.01980896  0.1329975   0.00793836  0.01158387  0.02703093
  0.03463253  0.04410959 -0.07619224  0.07342096  0.00516058 -0.02466731
  0.01003918  0.08263797 -0.01720727  0.00071649 -0.02928066  0.10114336
  0.08507013 -0.0081455   0.01730102  0.06487319  0.0564137   0.02167291
  0.03974698  0.01219589  0.06914523 -0.03203419  0.00743285 -0.03021895
  0.07043288 -0.01180241  0.08628784  0.01343216  0.02106406  0.04544814
 -0.02007318  0.05106028  0.04813755 -0.00773174  0.04398908  0.06891753
  0.04660045  0.05156444 -0.01669019  0.09910937  0.02487158  0.02039158
 -0.0254082   0.04457853  0.0028095   0.05835414 -0.02190352  0.07096732
  0.04648446  0.13022432]
[[-0.14818655  0.16330056 -0.12109226 ... -0.00376437 -0.01691915
  -0.09177738]
 [ 0.27612455  0.09571687 -0.07625373 ...  0.08284095 -0.13554113
  -0.13489934]
 [-0.09641741 -0.15430605  0.17241714 ...  0.09530536 -0.16436667
   0.22720308]
 ...
 [ 0.0529821   0.04826374  0.01956914 ...  0.126173   -0.05448425
  -0.06050734]
 [ 0.18217022 -0.21006857  0.1134426  ...  0.12196954 -0.00843086
  -0.16482537]
 [-0.03084808  0.04310259 -0.12935568 ... -0.13910358  0.08339957
   0.14084376]]
[ 0.05136448 -0.05369974  0.04110237  0.08910849 -0.01566296 -0.03693563
 -0.03882816  0.02159364  0.04471043 -0.07026834 -0.0278479   0.02352462
  0.07971021 -0.01009954  0.00367341 -0.01290141  0.00151312  0.00106419
  0.02367487 -0.0238439   0.02281752  0.01858116  0.02082428  0.02657412
 -0.01544272  0.00728778 -0.02813706  0.03920786  0.08018295 -0.0272873
 -0.0495303   0.06449319 -0.01107486  0.11796148  0.06969072 -0.00326245
 -0.00173559 -0.0389659   0.01184655 -0.01260463  0.03433788  0.01675226
  0.05625705 -0.04395539  0.03245758  0.00634057  0.00094011 -0.04135185
 -0.02675548 -0.04036931  0.07598718  0.0409377   0.05428942  0.0500467
 -0.00235846  0.02616967  0.07352467 -0.02129698 -0.00608376  0.06526416
 -0.0135995  -0.02700135  0.00126814  0.00616509  0.04698694  0.00225807
  0.03468756 -0.0347466   0.04123927  0.00622193 -0.00628459  0.06944375
  0.04665424  0.01396214 -0.03520115  0.00890299  0.00814947 -0.01878454
  0.03040343  0.06355666  0.05286722  0.06171562  0.03186094 -0.02767519
 -0.05062545  0.03491491  0.08195216  0.01889895 -0.00491135 -0.02646824
  0.01593457  0.10741548 -0.00456898  0.03138022 -0.00230737  0.02342647
 -0.04882619  0.02817946  0.05405295  0.04839099  0.04077189  0.06595494
 -0.03712839 -0.05601565  0.03645753  0.0514516   0.04545669 -0.00780142
  0.0028848   0.00091232  0.01718197 -0.01321333  0.12241858 -0.00542973
 -0.01559843  0.01898572  0.02955442  0.00484363  0.03089559  0.00352058
  0.02392445  0.03072442  0.00404167 -0.00158487 -0.08270183 -0.01039151
 -0.01815876  0.01773962]
[[-0.07611193  0.04008585 -0.19992409 ... -0.18780915  0.25270986
  -0.07750866]
 [ 0.00546458  0.18892183  0.02447683 ...  0.04769952  0.03963952
   0.10644684]
 [ 0.18732431  0.0723646   0.05228353 ... -0.08150902 -0.05175299
  -0.00120932]
 ...
 [ 0.13375479 -0.10688812 -0.0849744  ...  0.16085318 -0.12616752
  -0.0874892 ]
 [ 0.13098536 -0.08536757  0.11424616 ...  0.14284015 -0.17325921
   0.0370081 ]
 [-0.10272802 -0.17890317 -0.15144753 ... -0.20535354 -0.08498221
   0.00579387]]
[ 4.05839998e-02 -7.32195214e-02  5.69300707e-02 -3.56399855e-02
  7.45040900e-02  6.15476615e-03  2.66416533e-02  6.52355822e-02
  5.49845641e-02  9.30215507e-02  7.49995908e-02 -5.90307962e-03
  2.35922256e-03  1.03541771e-02  5.05227048e-02 -2.48190391e-02
  9.65162951e-03  2.42438188e-02 -2.04606608e-02  1.83684272e-03
  2.75464485e-03  5.85008926e-03 -5.79021903e-02 -6.68804652e-02
  3.95016579e-02  2.42861073e-02 -1.28201767e-02  3.38943462e-03
  6.56318358e-02 -7.81799093e-02  2.94602632e-02 -7.76390767e-05
  7.32803995e-02 -8.77138043e-03 -3.52115227e-02  3.82588958e-02
  1.18860370e-01  7.33783254e-02  2.74079985e-02  4.23874078e-02
  2.98547695e-04  6.42021675e-02  4.87181317e-02  1.62181844e-02
 -3.26863924e-02 -6.45559122e-02  9.67648821e-04  6.96747470e-04
  4.72084691e-02  6.48385309e-02  1.11509129e-03 -3.03999220e-02
 -4.39387633e-02  6.84304793e-02  1.05359350e-01 -5.64640136e-02
  2.66980280e-02  1.37710206e-02  3.13860044e-02  7.50570864e-02
  6.03398685e-02  9.30607985e-03  3.01417796e-02  5.84791611e-02
  1.94179128e-02  3.01095495e-03  2.22992959e-02  4.62270215e-02
  1.20147450e-02  2.74677315e-03 -4.03624426e-02 -3.41810156e-02
  2.48777079e-02 -1.22710243e-02 -2.56304398e-02  7.47552711e-02
  4.53239868e-02 -9.27919864e-02  6.60322859e-02 -1.32876881e-02
  7.98275330e-03 -5.21356586e-03 -2.74212525e-02  2.66810524e-03
  6.17746094e-02  1.62070608e-02 -4.11683327e-02  1.04032207e-01
 -6.18882386e-03  2.31154366e-02 -3.25093349e-02  3.32657018e-02
  3.75794434e-02  1.72943921e-02  2.04443050e-02 -4.48850081e-02
 -7.80744893e-03 -2.13374283e-02 -3.88356859e-02  9.32625996e-03
  1.56477096e-02  8.93486119e-02 -9.01254988e-03 -6.00962366e-03
  2.30806838e-02  1.27840709e-02  2.31517243e-02 -2.83755729e-02
 -1.97174603e-02 -3.31588662e-02  2.34253059e-02 -7.67764268e-02
  7.13945824e-03  2.16806763e-02 -8.19232851e-02  1.48035016e-02
  5.72842356e-02 -3.97974036e-03 -3.01170657e-02  1.47111283e-02
  2.00058261e-02  7.37958266e-02  4.32575282e-02  1.34653956e-02
  1.80800654e-02  3.45934304e-02 -4.55065907e-03  7.95074806e-02]
[[-0.16016999  0.03791828 -0.14170997 ... -0.01141361  0.21386935
  -0.08142169]
 [ 0.15545328 -0.12446255 -0.21585677 ... -0.16123084  0.00573384
   0.10799455]
 [-0.0465271  -0.24075088 -0.24620967 ... -0.10819822 -0.28530535
  -0.03195276]
 ...
 [-0.11823525  0.08932917 -0.12785938 ... -0.11263041  0.00495495
  -0.05530826]
 [-0.13562411  0.24045544  0.14601756 ...  0.23602568 -0.19726231
  -0.02412616]
 [ 0.12575933 -0.16304014  0.29631902 ...  0.06286081  0.17162282
   0.038182  ]]
[-0.01730917 -0.01364961 -0.00686843 -0.02780582 -0.02605557  0.01984768
 -0.05856428  0.0469573  -0.10309668 -0.00373509 -0.00977093 -0.00287996
  0.02518843 -0.00085236 -0.10525475  0.05888336  0.01883803  0.04343492
 -0.04478927  0.08485555 -0.03757099  0.17230891  0.04692856 -0.00332835
 -0.07266416  0.04396217  0.07400285  0.0101648   0.03085536  0.08349399
  0.05523307  0.02366811  0.05715582 -0.06691922  0.10414146 -0.01895245
 -0.09872903 -0.02383129  0.03385332 -0.02675105 -0.08008758 -0.07742048
  0.05810321  0.05177128 -0.1006119  -0.07965993 -0.03648984]
