[[ 0.02664769 -0.00481942  0.05331364 ...  0.00696338 -0.06704358
   0.07718837]
 [-0.02273787  0.04385655 -0.02148239 ...  0.03507122  0.06300789
  -0.05690091]
 [-0.05631863 -0.05524758  0.0326086  ...  0.05370704 -0.00770652
   0.07001448]
 ...
 [ 0.01445812 -0.02315241 -0.00372192 ...  0.05950744  0.05098497
  -0.0667559 ]
 [-0.03982299  0.05355073  0.05589607 ... -0.02474052 -0.06736467
   0.06115929]
 [-0.03574819 -0.06263291  0.00113394 ... -0.04595179 -0.04442393
  -0.03682103]]
[ 0.14759313 -0.03508466  0.15496103  0.00909698  0.09724136 -0.0398479
  0.07427841  0.02140818  0.1498215   0.20055298  0.15094653  0.03396
 -0.01812946  0.02183404 -0.04178636 -0.06963169 -0.08127167  0.05294074
  0.00944068 -0.18707842  0.24288628 -0.01535503  0.03318712 -0.01197303
  0.41605165 -0.04289122  0.13256116 -0.11776661  0.07764585 -0.02737712
  0.12664144 -0.09761592  0.08951925 -0.15809523  0.05113583  0.17751549
 -0.02016054  0.01388935 -0.06294679 -0.02927252  0.20767882  0.01750973
 -0.24762692 -0.20435555  0.07894997  0.24453142 -0.105497    0.10540816
 -0.14664924 -0.23472334  0.00622948  0.02966879  0.11705497 -0.0947376
  0.21239829  0.31865198  0.26316743  0.10011093  0.08950828  0.04313468
 -0.12705583  0.2531936   0.20353828  0.3325266 ]
[[-0.19268204  0.05298755 -0.23275132 ... -0.30246924 -0.06542411
  -0.0469366 ]
 [-0.22822497  0.15331773  0.25112838 ... -0.01708037 -0.03089013
   0.11766305]
 [ 0.2449282  -0.47152605  0.01745865 ...  0.20048203  0.27537854
   0.14752031]
 ...
 [ 0.14225167  0.0823689   0.34697345 ...  0.00142784  0.24920657
   0.0307822 ]
 [-0.04297173  0.28523259 -0.0692553  ... -0.11362918  0.10956594
  -0.4514879 ]
 [-0.03010971 -0.32216264 -0.14412508 ...  0.04792163 -0.03147606
   0.25139883]]
[-0.2124037   0.12495398  0.03074523  0.09812876  0.06869756  0.01275348
  0.09952321 -0.01270049 -0.08809042 -0.0118098  -0.00722374  0.2474459
  0.17858748  0.0501927  -0.16530159 -0.01461801  0.20975509 -0.00545416
 -0.02474127  0.01100795 -0.01478281 -0.11018275 -0.03491796 -0.01557207
 -0.00080715 -0.09045395  0.13691736  0.01786851  0.18581334  0.18071747
  0.27015821  0.2567101   0.22826368 -0.05093238  0.02769602 -0.12752331
 -0.03302695  0.05138149 -0.05888486  0.12921966  0.00131519 -0.17782936
  0.02055753  0.17667166 -0.02357704 -0.02992293  0.04294675  0.10195086
  0.13560041  0.12109394  0.01682282  0.07716985 -0.01353524 -0.01788738
  0.06229329 -0.00666866  0.03315404 -0.17238422 -0.05793622 -0.01923562
 -0.21005992 -0.16179994 -0.0870422  -0.07653808]
[[ 0.14497326 -0.04014053 -0.41479485 ... -0.28553005  0.24947657
  -0.1293548 ]
 [-0.1047313  -0.07927878  0.29218498 ... -0.20634349 -0.22803728
   0.0422855 ]
 [ 0.07330712 -0.12288664 -0.21859075 ... -0.08577499 -0.08981573
   0.24301306]
 ...
 [ 0.13705126 -0.06449262  0.26386868 ...  0.19613468 -0.02329442
   0.59202971]
 [ 0.65112457 -0.25874772 -0.21603162 ... -0.07508806 -0.11192685
  -0.22391548]
 [ 0.84374283  0.04509808  0.50212392 ... -0.52113504 -0.46206935
   0.20471441]]
[ 0.05050393  0.0314077   0.00123071 -0.17626536 -0.05679823 -0.03119967
 -0.11599784 -0.06074525 -0.20667626 -0.09337234 -0.09410476 -0.08184663
  0.17269346  0.06810321 -0.22468285  0.13784998  0.12710805  0.01129295
 -0.09417004  0.22867581  0.00749627  0.30779947  0.07432441  0.03102569
 -0.14256347 -0.01297877  0.16425063 -0.03532387  0.02080552  0.21223712
 -0.01822771  0.12729109  0.11167499 -0.18920682  0.35087514 -0.13732009
 -0.14623753 -0.09646694  0.07445478 -0.11295137 -0.16917279 -0.07022674
  0.21146291  0.08261425 -0.14040199 -0.14744136  0.04920062]
