[[ 0.0585478  -0.04768349 -0.04877558 ... -0.04602449 -0.03761424
   0.03342827]
 [ 0.01993866 -0.05668558 -0.01250403 ... -0.06956873  0.06279745
  -0.04914158]
 [-0.05938544 -0.04964139  0.0224707  ...  0.05959919  0.01038742
   0.07712582]
 ...
 [ 0.05181245 -0.07192299 -0.01612122 ... -0.06738199  0.0155526
  -0.01283289]
 [-0.0159074  -0.0147084  -0.02588763 ...  0.06139346  0.06601357
   0.07725629]
 [-0.07672845 -0.00856317  0.06566453 ... -0.00155122 -0.02038103
  -0.00490556]]
[-1.26705194e-01  1.12764727e-01 -4.73885880e-02 -1.19917947e-02
  9.97036246e-02 -4.82520847e-02  1.27122392e-02 -1.26840685e-02
  1.12623561e-01 -4.31998017e-02  1.20873327e-01  1.04356229e-01
 -4.09668956e-02 -5.48027045e-03  6.37227190e-03  1.00846912e-01
  5.12590734e-02  1.02722895e-02  3.11616317e-02  2.62210597e-03
  7.73316016e-02  1.55722861e-01  4.78296156e-02  2.77703347e-01
 -1.04919420e-01  1.20033938e-02  1.08086032e-01  7.86153201e-02
  8.67304842e-02  4.05473749e-02  5.78935290e-02  1.34934740e-02
 -6.37636749e-02  3.03984379e-02  1.24857433e-01  5.34314381e-02
  1.59144151e-02 -1.25517698e-02 -1.63001950e-01 -9.99075940e-03
 -7.10584415e-02  1.71392573e-01  1.56106348e-01  8.33064868e-03
 -9.71259568e-02  5.55148017e-02  1.17086219e-01  9.47804673e-02
  1.98189105e-02  1.84454094e-02  8.82485413e-02 -1.50548854e-02
  3.94584991e-02 -3.06944559e-03  1.99853203e-01  2.81107682e-02
  4.70924998e-02 -1.00899589e-01  8.69195163e-02 -4.46740466e-02
  7.80577584e-02  7.90966745e-02  3.50331734e-02  2.14968299e-01
  3.70669319e-01  3.87295141e-02  7.87681616e-02  6.81787787e-02
  2.65084017e-01 -4.48806837e-02  1.97590015e-02  1.54992107e-01
  1.42889360e-02 -1.93004788e-02 -9.87294688e-03  1.98201878e-01
 -1.48739801e-01 -1.58721735e-01  9.95903928e-02  1.63307949e-01
  6.17972590e-02 -6.21537505e-02  5.45089362e-02 -5.27669921e-02
 -6.56463996e-02 -1.06334223e-01  1.57932199e-01 -1.33048240e-02
 -3.01163267e-01 -6.29715435e-02 -1.22164032e-01  6.27233093e-02
  1.40002666e-01 -7.73193543e-02  8.59194195e-02  8.10370190e-02
 -3.60651309e-02  7.18317650e-02 -2.00750778e-02  1.06590861e-01
  1.07423274e-01  4.12322611e-02 -2.83457232e-04  1.06582920e-01
 -4.91346611e-02  6.30920735e-02 -8.53314498e-02  2.49846764e-03
  9.12955270e-03  3.16486733e-02 -4.16325708e-02  1.67309099e-01
  2.10259527e-01  1.02790785e-01  4.13827320e-03  1.75711803e-02
  3.23015303e-02  1.18750584e-01 -3.50517463e-02 -7.77538784e-03
  2.42160140e-01 -1.70097644e-02  1.82092087e-01  6.42770811e-02
 -2.77811349e-03  3.62716769e-02  6.14877130e-02  1.06194290e-01]
[[ 0.04524481  0.01614521  0.16104272 ... -0.27114138 -0.02204832
  -0.02510758]
 [-0.0795834  -0.19445677  0.13589666 ...  0.12268823  0.0642977
   0.05437825]
 [-0.1347413   0.26837045  0.13052681 ...  0.04963838  0.17726062
   0.07774812]
 ...
 [ 0.26131617  0.14352416 -0.04056857 ... -0.29374924 -0.02916936
   0.23261753]
 [ 0.02642851  0.05795101  0.03623148 ... -0.03562545  0.16350971
   0.14730568]
 [-0.17077273  0.1259613  -0.00954833 ...  0.09349177 -0.23751629
   0.09913877]]
[ 1.47042138e-02 -3.52530196e-02 -1.23357968e-02  1.00117403e-03
 -3.42826963e-02 -2.39325667e-02 -3.16013906e-02  6.99016169e-02
 -4.99494525e-02 -2.93248649e-03  1.70854596e-02 -4.73918397e-02
  1.21063278e-02  2.90578797e-02  1.12523030e-01  9.67455492e-02
 -8.03603837e-02  4.60888112e-02  5.32034870e-03  8.03002124e-02
 -3.61756933e-02  2.21155361e-02 -9.06153856e-04  3.55252542e-02
  9.25343961e-03  4.63891204e-02 -1.38171708e-04  1.09098156e-01
  7.66576756e-02 -5.80027292e-02  2.20748200e-03  8.67490980e-02
 -2.94325625e-02 -1.80651329e-02 -2.08557716e-02 -7.36486532e-02
  1.22978688e-01 -2.94962557e-03  1.82269166e-02 -7.13701369e-03
 -4.26534547e-02  6.80044809e-02 -5.60459222e-02  1.81870249e-01
  6.86287115e-02  2.89731349e-02 -4.03286878e-02  8.79541602e-02
  2.84716874e-02  1.38870559e-01 -3.75405756e-03  1.08149769e-03
 -1.60695215e-02  2.47269832e-02  1.06262592e-01  9.65943521e-02
  1.73324442e-01 -2.97330911e-02  5.32175968e-02  1.18277465e-02
  4.36880683e-02  1.25811071e-04  5.18239928e-02 -1.19646075e-02
  1.38276229e-01  5.42278409e-02  1.07737198e-01  3.28135261e-02
  1.08969116e-01 -9.05359287e-02 -1.14673481e-02  9.58805420e-03
  2.38903299e-02 -2.12048008e-02 -4.28560806e-02  2.31945304e-02
  7.95295921e-02  5.80357651e-02  6.88602159e-02  3.83881777e-02
 -8.93970856e-02  3.32290851e-02  6.82580510e-03  1.32690959e-02
  2.70304758e-02  2.45663254e-02  8.51623475e-02  7.53773882e-02
  4.56224274e-02  1.08934929e-01  3.89292476e-02  6.34252990e-02
 -3.75264971e-03 -4.49520182e-03 -9.25799365e-02  3.28992857e-03
  5.37765651e-02  1.09285562e-02 -1.40021023e-02  1.44696789e-01
 -2.07844101e-02  1.05641971e-01 -1.92272483e-02  9.59871818e-02
  1.39584350e-01  6.41290082e-02  1.51728664e-01 -8.08725186e-02
 -1.67889907e-01  1.16791252e-01 -1.20806240e-02 -8.60337889e-03
 -5.72121233e-02  4.80062996e-02 -7.19907044e-02  1.00886787e-01
  1.18657540e-02 -3.00200559e-02  5.93479513e-03 -3.80774985e-03
  8.61262817e-02  1.96007341e-02  5.95070453e-02  2.69962217e-02
  5.84853612e-02  2.82351098e-02  2.06484406e-02  7.95282395e-02]
[[-0.04320735  0.14782946  0.00990366 ...  0.01874707  0.16468798
  -0.06350218]
 [-0.31886246 -0.03546289 -0.09030612 ...  0.03474556  0.00275668
   0.08602748]
 [-0.15315669  0.23909031  0.05626563 ... -0.01399971 -0.17659102
  -0.13032134]
 ...
 [-0.14208092  0.07777685 -0.02074578 ... -0.01921262 -0.27481816
  -0.01265564]
 [ 0.08962081 -0.23283825 -0.18207725 ... -0.15721472 -0.15724556
   0.05219702]
 [ 0.1052934  -0.13453496  0.00643876 ...  0.10523525 -0.07277723
   0.0372626 ]]
[ 2.91637618e-02  6.26397647e-02  2.13030378e-02  9.44898334e-03
 -2.63326176e-02  6.46529835e-02 -3.67236205e-02  8.59074125e-02
  5.35797705e-02  4.05707431e-02  2.46085847e-02 -4.80286339e-02
 -4.77070089e-02 -6.73463341e-02  1.51145747e-01 -1.76101783e-03
  4.36670965e-02  5.05737859e-02  2.21184933e-02 -3.36300693e-02
  1.87727868e-04  1.11026496e-01 -2.70166990e-02 -6.83314406e-03
 -1.06218482e-01  1.19585196e-02 -6.37933594e-02 -2.94917186e-03
  2.57069189e-02  1.42441438e-02  4.39475488e-03 -7.65073085e-02
 -1.21211504e-02  1.37548219e-02 -8.78308853e-03 -5.67357577e-02
  8.87632525e-02 -5.84437164e-02  4.65148172e-02 -6.16600629e-03
 -3.94978889e-02  5.36100921e-02  3.79716534e-02  7.36372430e-02
 -5.22339881e-03  1.16621913e-01 -5.89813185e-03  8.63402607e-02
  2.35354470e-02  3.57898077e-02  2.17174979e-02 -1.42653603e-02
 -3.74132819e-03  5.49538006e-02 -1.27469083e-02 -1.01068448e-01
  3.79471291e-02  8.55476411e-02 -1.58583638e-01  1.97154495e-02
 -1.50927455e-02  5.14451784e-02  1.27768094e-02 -6.79684703e-02
  2.73176359e-03  3.26630193e-02 -8.01233219e-02  2.38827763e-02
 -9.09974108e-02  3.01660202e-02 -7.14483021e-05  2.88543371e-04
 -3.76388525e-04  1.20843507e-02  6.59751733e-02  6.43089810e-05
  3.22591987e-02  1.29963780e-02  1.66659676e-02  6.85602375e-02
  3.17919733e-02 -2.52399699e-02  1.26594099e-01 -6.15187672e-03
 -2.22993234e-02  1.93815483e-02  3.22148918e-03  1.07364084e-02
  9.83928394e-02  1.22446846e-01  2.12659554e-02  4.02578258e-02
  4.11120142e-02  3.56547426e-03 -1.67992631e-02 -1.03521659e-02
  3.69079520e-02  1.21200113e-01 -6.84607037e-02 -2.15989352e-02
 -6.16784388e-02  4.27388972e-02 -5.09204520e-03 -2.66154523e-02
  6.60382760e-02  4.23956320e-02  6.62770094e-02 -3.66437080e-02
 -3.43678634e-03  3.75163572e-02  1.13420439e-03  3.32435556e-02
  1.19096830e-01  6.13997087e-03 -2.40191725e-04  2.81551694e-02
  3.34073656e-02  3.28382452e-02  1.01439842e-01  1.88916808e-01
  8.36437519e-02 -8.79561981e-02  1.95853757e-02 -3.60132130e-02
 -1.36001233e-02  2.08022177e-02 -6.50187544e-03 -9.42243278e-03]
[[-0.00103908 -0.07650498  0.03962233 ...  0.19688876 -0.19764106
  -0.10490594]
 [ 0.20969956  0.06783133  0.09902335 ... -0.04370704  0.0095431
   0.11583304]
 [-0.24955786 -0.15469149 -0.40720237 ...  0.09445992 -0.2836173
   0.15237756]
 ...
 [-0.30517941  0.10262519 -0.21404022 ...  0.22588048  0.12711207
  -0.05457559]
 [-0.14638507  0.03530139  0.27640402 ... -0.01199193 -0.0209582
  -0.14497665]
 [-0.35507599 -0.45828232  0.30078131 ... -0.01840507 -0.31886319
  -0.0047835 ]]
[-0.01812087 -0.02843992  0.09244624 -0.04211751  0.00609024 -0.0192779
 -0.08818753  0.00582731 -0.10565267  0.01594854 -0.03598601 -0.04527147
  0.00154863  0.01190964 -0.04354364  0.15602408 -0.02369387  0.06528353
 -0.06513056  0.12436231 -0.01371285  0.1507847   0.04152741  0.01433704
 -0.12487564  0.07523184  0.10528544 -0.05537719  0.04161242  0.13433819
  0.04588967  0.00462549  0.02004255 -0.01206418  0.18642536 -0.06995946
 -0.15503788 -0.02236004  0.05022315 -0.00598569 -0.1917125  -0.01434019
  0.07787985  0.01411429 -0.09677377 -0.16137723 -0.00275934]
