[[-0.07421072  0.02829957 -0.03080691 ...  0.0611944  -0.07513957
  -0.03401501]
 [-0.04159115 -0.03870525 -0.0655743  ... -0.03735784  0.00952605
  -0.04116877]
 [-0.01153578  0.0413333  -0.00201165 ...  0.03836705 -0.06769394
  -0.01165112]
 ...
 [ 0.07916553  0.0078267  -0.02260989 ...  0.05719061 -0.08253501
   0.07678893]
 [ 0.03638667  0.08088954  0.07308422 ... -0.02942343  0.06258922
   0.00688472]
 [-0.0184357   0.02284465  0.03854594 ...  0.01626237 -0.04958145
   0.02411979]]
[ 0.12764717  0.13291436 -0.00266928 -0.11684844  0.26809024  0.0574944
  0.08633178  0.05200416  0.31984715 -0.13036042  0.09196931 -0.04829716
  0.25309031 -0.06141237  0.43953386 -0.12536961  0.07724459  0.02445523
  0.24357508  0.1548655   0.27696383 -0.17862565  0.17807095  0.00423817
  0.09062169  0.20894488  0.24808951  0.23086235  0.0676539   0.27653478
 -0.34018194  0.05155986  0.00918858  0.13754728  0.13621659  0.13974528
  0.31855418 -0.07306926 -0.14084761  0.13057382 -0.18401162 -0.17461404
  0.05622894  0.15019714 -0.12713552 -0.08129579 -0.01187724  0.14127047
  0.00547164  0.03063476  0.13383214 -0.00149013  0.20897091  0.1671979
  0.19395146  0.30065159 -0.11742084 -0.07901908  0.21238773 -0.05345995
  0.08685892 -0.30356597  0.0777516   0.14769405]
[[-0.07373978  0.02402793  0.00978282 ...  0.37183233  0.09150853
  -0.12032866]
 [-0.14264735  0.10425331 -0.05693258 ...  0.0688799   0.01508016
  -0.20944687]
 [ 0.04732073  0.09453073  0.03776263 ... -0.33572054  0.12800142
  -0.24109833]
 ...
 [ 0.2768681   0.0070298   0.02881229 ... -0.24015531 -0.16393089
   0.16702794]
 [-0.19569721 -0.07441085 -0.09269649 ... -0.1218644   0.12383975
   0.10409346]
 [-0.39997683  0.18192797  0.24790686 ... -0.03613324 -0.14009673
  -0.05911664]]
[-0.16456511 -0.00981663  0.18405397  0.18902633  0.15851911  0.06983642
  0.09374509  0.14671025  0.07928605  0.06332192  0.14772504  0.07003984
 -0.11527984  0.00289721  0.08855403 -0.01917884  0.03603659 -0.03082289
  0.03635536 -0.00252461  0.13459615  0.02461664 -0.02086777 -0.07767732
  0.03633218  0.11030559 -0.0979257   0.00414645  0.05300886  0.08522401
 -0.01385689 -0.23516143  0.05327807  0.24279814 -0.02692015  0.13903263
 -0.00706908  0.08905654  0.07221553  0.10402931  0.11467893  0.02737057
 -0.02901566  0.08556223 -0.01523474 -0.00372746  0.21114964  0.01245962
 -0.00281001  0.05853627 -0.00662243  0.16539855 -0.02199243 -0.00737004
 -0.02476198  0.27254625  0.03364001  0.11986639 -0.01147432  0.06193396
  0.11359391 -0.14711721  0.00510933  0.20740847]
[[-2.40946568e-02  9.63672828e-02 -2.20754437e-01 ...  1.20747233e-01
   1.42236820e-01  3.08148635e-04]
 [ 1.43872632e-01 -9.53390530e-02 -2.33676477e-01 ...  1.50118360e-01
  -2.32770283e-01  4.71130541e-01]
 [ 9.67545015e-02 -2.12844914e-02 -4.46320518e-02 ...  1.58628834e-01
  -1.79110401e-01 -1.43939367e-01]
 ...
 [-5.34376689e-02 -4.55970390e-02 -8.41877036e-02 ...  7.70810675e-02
   6.10336186e-02  1.20756366e-01]
 [ 7.05573304e-02 -1.84253580e-01 -1.00367264e-01 ...  1.90935218e-01
  -7.96003408e-02  1.24282573e-01]
 [-2.84029962e-02 -1.83262959e-01  3.23862593e-02 ...  2.24165976e-01
  -9.20902983e-02  9.16259163e-02]]
[-1.31980229e-02  1.17566431e-01 -2.07764918e-02  2.68229800e-02
  1.95396028e-02 -7.65337887e-02  1.35599798e-01 -8.59511480e-02
  1.47194030e-04  9.22337508e-02 -2.53206353e-03 -1.00039364e-01
  3.83249378e-04 -1.95508153e-04  9.77816383e-03 -4.11118520e-02
 -4.24169955e-03  1.92174464e-01 -1.91285207e-02  2.08095914e-01
 -8.22762750e-03  2.14700995e-01  1.35588732e-01  5.48506546e-02
 -5.86978486e-02 -3.65348265e-03 -1.11789480e-01  7.27851897e-03
 -8.29448667e-04  1.66631107e-03  6.31105263e-02 -6.56026719e-03
 -8.72128429e-02  2.64574490e-04  1.04253455e-01  4.95900996e-02
  7.15739691e-02  3.62695485e-02 -5.51778892e-04  2.11900462e-01
  5.45580240e-03  6.70388116e-02  3.20603076e-02  8.07348168e-02
  8.26079437e-02 -2.25290756e-06  8.57182914e-02  2.02468246e-01
  1.93207902e-01 -3.51571156e-02  1.67987222e-01  7.36665731e-02
  4.04718755e-02 -1.21619639e-02  1.66610811e-01  2.04388925e-01
 -3.59514941e-02  1.40647932e-01  3.69429792e-02 -2.24591547e-01
  5.89303525e-02 -1.22608831e-02 -9.62625418e-03  2.83966173e-02]
[[-0.15509928 -0.03325787 -0.1652545  ...  0.21305461  0.06121954
   0.12281119]
 [-0.2110923  -0.23754036 -0.11311899 ...  0.4710973   0.1777967
   0.20033955]
 [ 0.16417899 -0.15643676 -0.20179908 ... -0.14179699 -0.0477275
   0.22919371]
 ...
 [ 0.01241998 -0.3903812  -0.13899671 ...  0.2167145  -0.13520724
  -0.12136111]
 [-0.15423163 -0.08420064 -0.17018308 ...  0.05862938 -0.06001576
  -0.14793908]
 [ 0.17755348 -0.2767556   0.11441821 ...  0.18176518  0.31780723
   0.10495387]]
[-0.00198331  0.13110258  0.00255944 -0.05375594  0.02844504 -0.05081266
  0.00946825 -0.01566132  0.09336822  0.10946882  0.06490675  0.0104215
  0.13514861  0.11748288  0.04553557 -0.02538037 -0.00534332 -0.13528736
  0.136753   -0.0944539  -0.00237668  0.02320387  0.01650975 -0.14277805
 -0.0513727  -0.11311451  0.08240926  0.14723888 -0.00147136 -0.06601858
  0.14285569  0.00592974 -0.03864789  0.09218416  0.00072327 -0.05910173
  0.08330517 -0.0254995   0.13281914 -0.05178602  0.04658653 -0.00533901
  0.10699632  0.03882214  0.04785622  0.0658735  -0.0111962   0.02860652
 -0.31632943 -0.00296378  0.08121655  0.25379282 -0.17390063  0.13293172
  0.06182931  0.01406765 -0.05297698 -0.00669646  0.05061441 -0.13827504
  0.20363239  0.0276427  -0.02711077 -0.06534357]
[[-5.35184348e-02  6.50904450e-02  1.57510300e-01 ... -3.09712034e-02
   1.02576707e-01  2.70726024e-01]
 [ 2.04561204e-01  1.98164539e-01  7.27750657e-03 ... -1.24570874e-01
  -2.20405589e-02  1.41789005e-01]
 [ 1.28608685e-01 -5.32940974e-02  3.55415156e-01 ...  9.96944072e-02
   8.11033325e-02 -1.64142315e-01]
 ...
 [-2.48006975e-01 -1.64344342e-01 -5.93971573e-02 ... -1.60602261e-04
   5.41868688e-01 -1.06002598e-01]
 [ 2.79265107e-01 -3.42431068e-01 -4.83537976e-02 ...  2.23043508e-02
  -1.99790408e-01  2.81956592e-01]
 [-4.18070026e-01  5.93406241e-02 -2.18431684e-02 ...  2.46924839e-01
  -1.03013773e-01  3.18556741e-01]]
[ 0.0065034  -0.09164275  0.00890679 -0.12819784 -0.06809544 -0.00635619
  0.01366324 -0.09045104 -0.13304328 -0.12641053 -0.04260841 -0.0330752
  0.14075634  0.00673906 -0.02439753  0.18846634 -0.02412103 -0.00413103
  0.01532039  0.11980633 -0.05715677  0.15575224  0.14700124  0.09486318
 -0.0229651   0.04055045  0.15963359 -0.06412707  0.00698889  0.24264939
 -0.01414615  0.03337706  0.16099753 -0.06388337  0.05976295 -0.03721806
 -0.18647076  0.01480012  0.02505736  0.02609268 -0.17638386 -0.17207262
  0.14452277  0.07901965 -0.15781559 -0.15247628 -0.01398511]
