[[-0.04205514  0.03368615  0.05688621 ...  0.08405074 -0.03018632
  -0.02170289]
 [ 0.08395815  0.07118998  0.03864578 ...  0.07228801 -0.02357988
  -0.06665532]
 [-0.03153299  0.04746623 -0.02723001 ... -0.01661536  0.04535262
   0.02629273]
 ...
 [ 0.03879418  0.06725445 -0.00306126 ...  0.00641987  0.0534157
  -0.036545  ]
 [-0.02521346  0.04259836 -0.05687845 ... -0.03036851  0.05681024
  -0.06455367]
 [ 0.07006368  0.01127646  0.00080544 ... -0.04628456  0.0187277
  -0.01666654]]
[-0.18646542  2.25317728 -0.28941963 -1.71228496  2.7366078   0.80440916
  0.23842156 -0.05967029 -0.09452229 -0.5033131  -4.55356671  0.37073588
  5.06223738  0.13594154 -0.10963611  2.96884303 -2.24476849  4.91311696
 -0.10634043 -3.40947111  5.08792955 -4.02080693 -0.86634646  2.51838881
 -0.23675114 -5.9211527  -4.84648109 -0.1129776   6.17400785 -3.74861579
 -0.0787374  -5.04515981  2.2521537   3.22029946 -1.75612184 -3.10744583
  3.7220908   0.21340575  0.56117741 -0.11444003 -2.47447139 -0.11776838
  1.36066102 -0.09521461 -0.06245286 -0.11968385  1.42414402 -0.05122431
  3.78348838  0.82571177 -0.12145042 -9.47944524 -0.11387827 -0.45895345
 -0.09032843 -1.44424246 -0.10963531  0.16316752 -0.3950731  -0.16713715
  2.48629242 -0.11615691 -0.70019276 -4.64699594]
[[-0.09830972 -3.1197556   0.14475424 ...  0.07121526 -0.36028867
  -0.30009639]
 [ 0.10711987 -0.00760788 -0.15311783 ... -0.16925058 -2.37176436
  -0.9618998 ]
 [ 0.13848062 -2.40218549 -0.28498762 ...  0.03950186  0.14566253
  -0.97118481]
 ...
 [-0.07047285 -1.04695308 -0.16495593 ...  0.0131475  -1.06364768
  -0.71163443]
 [-0.57501714  0.08154822 -0.07972172 ...  0.14553811 -2.05506542
  -0.05676065]
 [-0.00972061 -2.30275292 -0.1442357  ... -0.16473009 -0.79410897
  -0.0487713 ]]
[  1.58238945   2.37677904   4.55719178   1.68996918  -8.18978162
   0.53052088  -4.05342512 -10.50343225   2.29104368 -11.93851793
  -0.70498772   3.98981022   8.68707284  -4.31817415  -8.65859854
   1.68892762  -4.50445552  -4.28868941   2.00581866  -5.08005764
   1.12195007  -0.75875267  -2.1025169   -5.72268997  -5.19984317
   1.36182286  -6.10918652  -2.37884389  -5.16032059  -2.24966348
   2.65099963  -4.8273917   -3.75993084  -8.88801441  -5.57606657
   1.70994429  -7.62837177   3.67408104  -0.78121957 -10.75402812
  -3.0070827   -0.4140699   -0.46201675  -0.68505681  -5.58553289
  -0.02136725  -5.61685081  -6.90721476  -0.62923962  -4.64991385
   4.70438929  -3.7655376    1.15745577  -4.45253708   2.67979144
  -2.38455483  -4.74010416  -8.17050784   4.64767157   5.41660608
   2.19959432  -0.64071961  -5.9058271   -0.45158529]
[[-0.20953329 -0.38512867 -0.37014017 ... -0.39260504 -0.58301931
  -0.26368396]
 [-0.1912121  -1.31009591 -0.50878177 ... -0.89023131 -0.77594795
  -0.18124623]
 [-0.59852323 -0.54558158 -0.48814048 ... -0.50052441 -0.78962241
  -0.62426994]
 ...
 [-0.67795628 -1.10224663 -0.59498917 ... -0.10541662 -0.54476512
  -0.34409085]
 [-0.5983358  -0.61118172 -0.21443986 ... -0.31493152 -0.50024244
  -0.22454792]
 [-0.15348773 -0.55854729  0.47752643 ... -0.39456309 -0.18207373
  -0.52004086]]
[-3.07972546e-03 -4.17003859e-02  7.67721222e-01 -1.19298015e-02
  3.04959365e-01 -4.00353636e-02 -5.85145118e-04  6.71283456e-01
  9.70140597e-01  1.44653319e-01 -3.67403685e-02 -1.04054289e-01
  3.01039401e-01  3.85970584e-01  5.45682512e-01  1.76517774e-01
  6.44091148e-01  8.53945156e-01 -3.64607612e+00 -2.61166049e-01
 -5.70696777e-02  8.17928229e-01 -5.16808481e-03 -3.17854776e-02
  9.70755219e-01 -3.66573104e+00 -7.99081442e-01  4.01041937e-01
  4.08554349e-01  8.53213104e-01 -6.52754033e-04 -3.26352831e-01
  9.91479123e-01  8.52606428e-01 -5.10660948e-02  7.75252602e-01
 -1.19503225e-02 -1.95079202e-01  3.65035480e-01  7.90538774e-01
 -1.54981682e-02 -3.09095146e-02 -9.71013778e-03 -9.05642015e-01
  9.32839503e-01  9.32577409e-01 -2.50117260e-03 -8.18873352e-02
 -8.12488911e-02 -5.15577571e-01  6.83130651e-01 -3.47603912e-03
 -1.47065602e-03  8.13674522e-01 -3.57706665e-01  8.45916429e-01
 -1.41239199e-01 -1.22844399e-03 -2.92826284e-03 -3.80309122e-04
 -2.89902935e-02 -1.12645221e-05 -2.95209980e-03  5.05905129e-01]
[[-8.57210731e-01 -1.12917859e+00  1.33852908e-02 ... -4.12564944e-01
  -1.37750655e+00  1.06208606e-01]
 [ 1.58047106e+00  2.13643702e+00  4.41925193e-01 ...  6.66100234e-01
  -1.73023569e-01 -9.78512478e-01]
 [-2.94282708e-01  4.14459344e-01  5.84784103e-01 ...  3.37006217e-01
   4.72093921e-01  3.93776320e-01]
 ...
 [ 1.87190790e-01  1.26815048e-01  1.83085750e-03 ... -1.63790217e-01
   2.07436809e+00  5.28601375e-01]
 [ 5.11895260e-01  5.56151633e-01  2.67911720e-01 ...  1.47165633e-01
  -5.55647371e-01  6.29725615e-02]
 [ 6.81397518e-01  4.04867665e-01  4.17551560e-01 ...  5.04916629e-01
   7.84588884e-02  5.01856710e-01]]
[ 0.57647403 -0.26927402 -0.02786946  0.23620304 -0.73385613  2.92848683
  0.10596789 -0.03901224  0.50867422  0.72295596  0.67203324  1.07961758
  0.32907772 -0.1533579   0.75343847 -1.19040068  0.41276684 -0.85959665
 -0.37365943  0.32611029 -0.48994498 -0.3982077   0.23708315 -0.59340338
  0.7510904  -0.42260177 -0.23757084  0.61574489  2.99982952 -2.15518002
 -0.71913588 -1.23980374 -1.65217396 -1.09377758 -0.591231   -0.00528388
  0.85674749  0.31304883 -0.84415715  1.67899118 -1.03584658  0.78438748
 -0.69806214 -0.20821121  0.7443927  -0.995539   -0.60596445]
