[[ 0.07291447  0.04601663  0.07926189 ... -0.042899    0.00471782
  -0.07293725]
 [-0.05824029  0.06581675 -0.05246747 ... -0.05366274  0.07979451
   0.00327163]
 [ 0.02918971  0.07809418 -0.02164191 ... -0.06811272 -0.01058659
   0.05115712]
 ...
 [ 0.05005445 -0.04948899  0.02440016 ...  0.04745465 -0.06317652
  -0.0170375 ]
 [-0.06316862 -0.04625522  0.05955215 ... -0.05006716 -0.01841017
  -0.0383638 ]
 [ 0.07203342 -0.04506266 -0.00514705 ...  0.06124373 -0.01041169
  -0.01939164]]
[ 0.05485671  0.01328024 -0.09964152  0.08451976  0.00814792  0.02140038
  0.08045106  0.02897285  0.06971457  0.06818926 -0.04812042 -0.05164587
  0.14667531  0.06593989  0.05684287 -0.13102342  0.04300491  0.08164839
 -0.03063496  0.2034208   0.07691084  0.06433048  0.14133965  0.00259531
  0.02870797 -0.06701012 -0.0232496  -0.17664066  0.03764729  0.01592842
  0.03907336 -0.00969691  0.01213871  0.04590401  0.09607018  0.07794099
  0.04863175  0.05845312 -0.02503548  0.08757916  0.05642183  0.06180665
 -0.11629496  0.04345846  0.09289488  0.04806219  0.05065574 -0.05052325
  0.09414331  0.04190925  0.11205962  0.0062406   0.10137774  0.10492243
  0.09206405  0.11376107  0.03762903 -0.00147838  0.0511068   0.01760598
 -0.08806591 -0.12227947  0.12083068 -0.00583245 -0.00265045 -0.05883332
  0.01450916 -0.09039401  0.05806513  0.05114593  0.02241294  0.04838058
 -0.00330401  0.00342212  0.02821279 -0.08950358  0.07670196  0.06328379
  0.0239892   0.09573148  0.14970978 -0.04063453 -0.00938755 -0.1000058
  0.09434216  0.07963775  0.05857901  0.09242566  0.08063892 -0.03134767
  0.1338243   0.07277487  0.02013668 -0.01564737  0.06970615  0.00676058
  0.00834524  0.07854068  0.09464079 -0.03685922  0.03544415 -0.16018436
  0.08668103  0.22177742  0.07584987  0.11919623  0.01004132  0.0459024
  0.01959563  0.02304939  0.06739542  0.04247937  0.06442987  0.1086564
  0.08412748 -0.01747532  0.10463831  0.12731552  0.07020208 -0.036366
 -0.04103791  0.05639976 -0.05491888  0.03860306  0.01057819  0.11243355
  0.09606131  0.12346634]
[[ 0.06696362 -0.03794508 -0.01402584 ...  0.07241537 -0.11473456
  -0.05420987]
 [-0.12027933  0.1877134   0.29116657 ... -0.0399142   0.09027746
  -0.00797657]
 [-0.01393896 -0.12425846  0.12057243 ...  0.02014393  0.04275586
  -0.15580254]
 ...
 [ 0.06671217  0.04827089  0.17344807 ...  0.12382137 -0.14054575
   0.0960889 ]
 [ 0.05309498 -0.10157315 -0.13946621 ...  0.13048533  0.03461941
   0.12106603]
 [ 0.02310039  0.0214836   0.15658288 ... -0.12219563  0.14515755
   0.00838572]]
[-0.01841779  0.01728554 -0.01577196  0.16507401  0.02836806  0.04156561
  0.10789119  0.01351806  0.06992303  0.06276537  0.00694804 -0.00870935
 -0.09858683  0.03695045  0.05227395  0.0709774   0.02943304  0.02314226
 -0.02479367 -0.03346124 -0.01774787  0.09032666  0.01491369 -0.01104189
  0.04755692 -0.04398397 -0.02531009  0.03104144  0.00851109  0.07683666
  0.0383593  -0.02417607 -0.03394347 -0.02984486  0.00370848  0.04381186
 -0.02815774  0.1194387   0.02511696 -0.0364026   0.08337342  0.00219962
 -0.01055277  0.02791218  0.03602758  0.02875198 -0.0004679  -0.00889688
  0.04706724 -0.02186919  0.03841963  0.10937259  0.05257026  0.07530534
 -0.01261156 -0.0177706   0.02708741  0.06451451  0.07337412  0.04880871
  0.00375393 -0.08310811  0.00897594 -0.03154089  0.16272761  0.00604878
  0.01520052  0.05377696 -0.07292824 -0.00189281  0.10598285  0.06874846
  0.01869712 -0.02552935  0.04855632  0.04107896  0.00421561 -0.00100984
  0.0587949   0.03858254  0.0237311  -0.03330373 -0.02212451  0.02647045
  0.03842185  0.06215308 -0.00252751  0.04959849  0.02173966  0.01991087
 -0.07431741  0.01382355 -0.00818246 -0.08287668 -0.00412617  0.07850713
  0.05859784  0.03707054  0.06631714  0.04018281  0.04084567  0.11559049
  0.00066254  0.04907139  0.01894299 -0.01822259  0.05946535  0.13895037
  0.13679008  0.04090918  0.12559813  0.03472588  0.06201354  0.06910197
  0.00857906  0.00106027 -0.01467506 -0.01780989 -0.06604912 -0.0042164
  0.05629479  0.0951638   0.05561549  0.05990864 -0.05088119 -0.01328103
  0.08489654 -0.03783874]
[[ 0.09662493 -0.08892254  0.16760723 ...  0.12974047 -0.04617782
  -0.06318331]
 [ 0.1060902  -0.14634082  0.16868184 ...  0.17264449  0.18409212
  -0.06168042]
 [ 0.07640804  0.18765955  0.09921224 ...  0.10700558 -0.04012342
  -0.09520698]
 ...
 [-0.14079145  0.03044514  0.00343219 ... -0.08282479  0.13974627
  -0.16539282]
 [-0.12939755  0.14009723  0.00583606 ...  0.19106178 -0.07754709
   0.07526067]
 [ 0.0012913   0.0263074   0.18766909 ...  0.0400077  -0.02414609
   0.09470463]]
[ 0.07819831  0.01429259  0.06203452  0.02412626  0.08643248 -0.021266
  0.04479519 -0.03104931 -0.04328479 -0.02649491 -0.06069795  0.02714358
  0.04596165  0.07829422  0.06645556  0.04549665  0.00459001 -0.02014882
 -0.0214164   0.12173531  0.07138827  0.02326527  0.04117933  0.07052125
 -0.01054819 -0.00401354  0.02240123  0.02193649  0.08138887 -0.01157978
 -0.04436189  0.04659251 -0.00952568 -0.09624174 -0.00367279 -0.0105185
  0.02500454  0.02014129 -0.05257561 -0.01180394  0.02369756  0.0118049
  0.00929779  0.00533726  0.04887399  0.04045332  0.019969    0.02272349
  0.05199222  0.01053265  0.03685259  0.01023144 -0.07919836  0.02294274
  0.02309753  0.07625946  0.05076983  0.0776094  -0.02645375  0.0658004
  0.01752876  0.006941   -0.00388541 -0.00272039  0.04298508 -0.05037681
  0.00240983 -0.01918557 -0.05129327  0.01563591  0.05001434 -0.05460754
  0.06400755  0.10965365 -0.00469152  0.00438313  0.02193457 -0.00121013
  0.03253601  0.02319802  0.06802924 -0.02646127 -0.01828218  0.02216358
  0.00682614  0.01414542  0.00699437 -0.06737318  0.05123653 -0.03186046
  0.00254909  0.02063072  0.11230282  0.00042498  0.00267847  0.043265
  0.02496684 -0.03614757  0.00156638  0.09258812  0.01921324  0.01258185
 -0.00049402  0.01183514  0.08000118 -0.04909054  0.09916533  0.03056598
  0.02033015  0.04380195  0.02736482 -0.03314345  0.11388978 -0.00340045
  0.00828844 -0.01076951  0.04244342  0.06160971  0.01413349  0.01457555
  0.03152978  0.03669339  0.02036199  0.00428249  0.04369774  0.0880679
 -0.03156445  0.09731145]
[[-0.02454018  0.14204334 -0.26383374 ...  0.06458991 -0.08396802
   0.16613886]
 [-0.04573214  0.07521885 -0.20053905 ... -0.09539725  0.01193831
  -0.16724988]
 [ 0.06460045 -0.08776405 -0.13571228 ...  0.18997969  0.11965083
  -0.03663237]
 ...
 [ 0.30681792 -0.12583514 -0.01138173 ... -0.06821185 -0.06161681
  -0.12643496]
 [ 0.10464468 -0.017669    0.07478446 ... -0.18191399  0.04404408
  -0.19428146]
 [ 0.03433791 -0.0492564   0.02801784 ...  0.11985519 -0.01752524
  -0.06741326]]
[-0.01166969 -0.00023725  0.02086088  0.01382656  0.11728326 -0.03473677
  0.04127875  0.04099875  0.00810462  0.01980738  0.06406063  0.02417543
  0.03899951  0.07478003  0.01096845 -0.00478536  0.04683481  0.00153589
  0.04402912  0.06019154  0.04119232 -0.07090859  0.04960745 -0.06820354
  0.00756978  0.0390259   0.00390129  0.04297889  0.00263364  0.013717
  0.08027254  0.10690181 -0.04921073 -0.00071243  0.00769472  0.03519084
  0.01326388 -0.00047606  0.03325309  0.0320274  -0.1220996   0.00826686
  0.00246952  0.02114209  0.01659642  0.09402771  0.00835982 -0.02154229
  0.02562641  0.00682044  0.04854142  0.07658542 -0.00629892 -0.04220163
 -0.00699837  0.02959077  0.01356255 -0.01433898 -0.02756815  0.04466946
  0.04371231 -0.01362006 -0.0960788  -0.00481867 -0.00432893 -0.00993879
  0.02463631 -0.00026742  0.0402793   0.02407843  0.03868714 -0.1021166
  0.02237621 -0.0121633  -0.00364204  0.06759367 -0.00923094 -0.01079166
 -0.02774681  0.00981678  0.07632429  0.0228465   0.05039937  0.03340561
  0.05355339  0.03271891  0.02856895  0.07559378  0.06334573  0.06290289
  0.01936859  0.06421747  0.0481185  -0.01740767  0.00856585  0.01687907
 -0.01262836 -0.00137417  0.01066908 -0.00281884  0.00717172 -0.00784306
 -0.05884954  0.0978379  -0.00879553 -0.00478296  0.00763075 -0.00537526
  0.05473735 -0.04921847 -0.01021269  0.04151098  0.01025157  0.00835804
 -0.02500232  0.00116395  0.03155818 -0.02110851 -0.06571764 -0.01187079
 -0.01378092  0.0069663   0.05467294 -0.02521524 -0.03177922  0.02543972
  0.03589005 -0.0236454 ]
[[ 0.12038542  0.19455289 -0.00571081 ... -0.20285922  0.08247766
   0.13894576]
 [-0.27026138  0.08328549 -0.03069933 ... -0.17210767  0.05345569
  -0.04868387]
 [-0.00219103  0.06146373 -0.10660118 ...  0.38910419  0.17310413
   0.01103383]
 ...
 [ 0.12009304 -0.1310673   0.05094367 ...  0.22357823  0.31180215
   0.17038219]
 [-0.16848453  0.21906735 -0.28978779 ... -0.0180585  -0.19242842
  -0.10264749]
 [-0.15906138  0.10174096 -0.1159522  ... -0.31747804  0.1258534
   0.0986388 ]]
[-0.0292141  -0.021086    0.04885738 -0.04486369 -0.02497829  0.02748582
 -0.02815938  0.01951658 -0.09305401  0.04403343 -0.01084154  0.00627804
  0.00254042  0.03493289 -0.10837189  0.09162932 -0.00554313  0.07343716
  0.03503996  0.05737365 -0.01038213  0.14496891  0.02564767 -0.001917
 -0.06260827  0.06071047  0.07969001 -0.02966041  0.0206742   0.0276875
  0.03300434 -0.04404922  0.05405675 -0.0208396   0.09736251  0.01866792
 -0.11790239  0.01498661  0.01235592 -0.03897853 -0.07212227 -0.11880744
  0.03783619  0.00441471 -0.10178431 -0.12918747  0.0411627 ]
