[[-0.05547911 -0.04451901 -0.04508244 ...  0.02492334  0.00475387
   0.04469311]
 [ 0.05263113 -0.04862723  0.06104533 ...  0.00415909 -0.01923823
  -0.01557404]
 [-0.02987294  0.0452401   0.07488769 ...  0.08044553  0.06677238
  -0.03321856]
 ...
 [-0.0031825   0.01814135 -0.03527035 ... -0.07174526  0.00630278
   0.00487805]
 [-0.02614595  0.06255154  0.01416616 ... -0.00696875  0.00350109
   0.07574218]
 [ 0.0513045  -0.07406021 -0.02614566 ...  0.00364215 -0.0671189
  -0.01647044]]
[ 0.19619378 -0.04315512  0.12829742 -0.18054921  0.20844145 -0.04595802
 -0.179621    0.02533381 -0.10904769  0.24486371  0.00779332  0.08390214
  0.01593885 -0.12959188  0.07205736  0.17598354 -0.00169388  0.00497296
 -0.15355944  0.10682136  0.04096702  0.10290485  0.25553338 -0.16004456
  0.0043347   0.03701173 -0.00969071 -0.08910825  0.01652691  0.06512856
  0.00839406  0.05124306 -0.0147458  -0.00258846  0.02945151 -0.09581013
 -0.04330767 -0.00935787  0.06645692  0.22800735  0.12827163  0.11061232
  0.09103642 -0.0090479   0.36130943 -0.08597545 -0.04317933  0.09494118
  0.16035737  0.03242605 -0.02190468  0.14915372  0.13555899 -0.08891414
  0.05688247  0.07705117  0.15104554  0.06948888  0.07323759 -0.03695
  0.03941452  0.03925102 -0.08007657  0.07075835]
[[ 0.22674742 -0.14610014  0.10996944 ...  0.18244321 -0.05884298
   0.08251871]
 [-0.19275718  0.18893133 -0.07499463 ...  0.02095222  0.24015867
  -0.13465143]
 [ 0.11489376  0.09028822  0.13882916 ... -0.18379215 -0.23594422
  -0.11595611]
 ...
 [-0.0368091  -0.12451283  0.19716048 ... -0.03228158  0.18965728
   0.1891318 ]
 [-0.0220904   0.016944   -0.05666367 ... -0.29628156  0.04714591
   0.16560337]
 [ 0.10109745  0.20602164 -0.15589481 ... -0.03153211  0.13262745
  -0.05950319]]
[ 1.30940533e-01 -2.65486844e-02  1.24781370e-01  7.58986436e-02
 -3.30246029e-04  8.51657618e-02 -3.99638877e-02 -6.47333866e-02
  1.47591482e-02  1.47952567e-01  1.78135716e-02 -4.68913980e-02
  5.36468983e-02 -8.15528729e-02  1.93532609e-01 -1.90501966e-01
  4.57408032e-02  6.41970671e-02  1.10417872e-01  2.38365225e-01
  1.29214423e-01  1.14592677e-01  4.95491732e-04  2.12445639e-02
 -1.19409226e-01  8.75501066e-02 -6.55197957e-04 -2.56415763e-02
  5.47735976e-02 -4.23364442e-02  2.56193600e-02  1.35467914e-01
 -7.86619223e-02 -7.86281753e-02 -1.85832363e-01  8.11682284e-02
 -2.89309658e-02  1.05546366e-01  9.91983692e-02 -2.40715627e-02
 -4.11487232e-03 -5.09008910e-03 -5.76257985e-02  1.25287217e-01
 -4.69255602e-02  1.41586743e-02  8.97534361e-02  1.36545097e-01
 -1.97884248e-03 -1.38271212e-02  9.24842727e-03 -3.73141692e-02
  1.04656778e-02  2.83694036e-02  5.77267581e-03  5.04207243e-02
  4.16792596e-02  1.97598084e-01  1.13462812e-01 -2.55553579e-02
  2.67977099e-02  5.11700133e-02  6.15322626e-02  5.86513519e-05]
[[-0.16056135 -0.33976203 -0.16721496 ...  0.20338964 -0.28444789
   0.00284516]
 [ 0.10139435 -0.02547414  0.12918729 ...  0.17572376 -0.17950723
  -0.11072101]
 [-0.17017938  0.32976664  0.26461959 ...  0.11735921  0.33956341
  -0.21957314]
 ...
 [ 0.12758467  0.10322207 -0.04290646 ... -0.18866856 -0.1208012
  -0.18052652]
 [ 0.13362417 -0.07862776  0.022789   ... -0.16750399 -0.0960091
  -0.07157418]
 [ 0.17367493 -0.13540559  0.04799428 ... -0.16066482 -0.19692289
   0.03644819]]
[-0.02467557  0.07498613 -0.04253744 -0.05582739  0.02751874  0.08329473
 -0.07195102  0.00023944 -0.15408863 -0.11278434 -0.00404659 -0.09135429
  0.0636493   0.0164624  -0.06709389  0.06082043  0.05215534  0.05730498
 -0.02418026  0.17472666  0.04632516  0.13448564 -0.03141619  0.03386458
 -0.06373908 -0.0120076  -0.01983314 -0.14378322 -0.04288762  0.12590324
 -0.02105401  0.05565233  0.03787881 -0.15402024  0.13757491 -0.05212259
 -0.02711182 -0.068908   -0.01782059 -0.08023905  0.06710547 -0.02917835
  0.14764516  0.00727031 -0.10936731 -0.00067496  0.11783944]
