[[-0.04205514  0.03368615  0.05688621 ...  0.08405074 -0.03018632
  -0.02170289]
 [ 0.08395815  0.07118998  0.03864578 ...  0.07228801 -0.02357988
  -0.06665532]
 [-0.03153299  0.04746623 -0.02723001 ... -0.01661536  0.04535262
   0.02629273]
 ...
 [ 0.03879418  0.06725445 -0.00306126 ...  0.00641987  0.0534157
  -0.036545  ]
 [-0.02521346  0.04259836 -0.05687845 ... -0.03036851  0.05681024
  -0.06455367]
 [ 0.07006368  0.01127646  0.00080544 ... -0.04628456  0.0187277
  -0.01666654]]
[ 0.11113294  0.07272884  0.09603968  0.12531904  0.16963687 -0.08869465
  0.08296579  0.05123367  0.23370058 -0.13007169 -0.2102981   0.09155338
 -0.00316087  0.17563199 -0.02987452  0.06310959 -0.11962862  0.07460884
 -0.01717246  0.13373792  0.14448801  0.15389165  0.11549504 -0.00289285
  0.24404215  0.19315793 -0.01922508  0.11207737 -0.15123308  0.06549294
  0.06563884 -0.41521472  0.1052386  -0.26822512  0.06616477 -0.01747086
 -0.07278878  0.2276941  -0.26935743 -0.01323066  0.36399089  0.16409996
  0.03354243  0.13227475  0.14944027  0.06087625  0.00333968  0.23037359
  0.03983616  0.13184094  0.31419467  0.07124209 -0.04884314  0.19939832
  0.22392073 -0.04407957  0.1402996  -0.10499668  0.06851348  0.17960543
  0.11370437 -0.12659311  0.25480911  0.17999547]
[[-0.11779633 -0.10617605  0.15886566 ...  0.25805414  0.15870365
   0.15673828]
 [ 0.28848339  0.19202599 -0.17886751 ... -0.30000135 -0.01832849
   0.13573135]
 [ 0.03754074  0.18640611 -0.26255741 ...  0.17411447 -0.1241155
   0.17001033]
 ...
 [-0.00891726  0.23504448 -0.14506975 ... -0.06453785  0.23256828
  -0.18919302]
 [ 0.02759081  0.17745066  0.17962693 ...  0.04777302 -0.02233119
   0.13645943]
 [ 0.22681476  0.19170337 -0.39651377 ... -0.19644166 -0.20109679
  -0.36992557]]
[-9.57322256e-02  1.23917297e-03 -6.77438877e-02  4.72461174e-02
 -1.94866234e-02  1.27734268e-01  1.76474327e-01  2.95204086e-02
  6.13480300e-03 -4.01624422e-03 -1.65181354e-02  2.38016965e-01
  1.03566157e-02 -2.19634554e-02  5.94254240e-02 -1.95982683e-04
 -1.77572949e-01  4.26406661e-02  8.63868505e-02  1.42116648e-01
 -2.61189665e-02 -2.66739012e-03  1.55132134e-01 -1.24291146e-01
  1.63658872e-01 -2.69798381e-02  4.23676094e-02  2.25444715e-02
  6.41127735e-02 -4.13790311e-02 -3.63721561e-02 -1.04029873e-02
  1.52420475e-01  4.06879609e-03 -4.73571909e-02  1.59397887e-01
  1.65937978e-02  6.11530798e-02  5.57302620e-02  1.01670629e-01
  2.16912447e-02 -9.39639162e-03  9.07400871e-02  1.29436959e-01
  4.32796998e-02 -8.87280215e-02  1.65200184e-01  5.42319527e-02
  1.55314008e-01 -3.65992003e-03  7.90097007e-02  2.08010513e-01
  6.85538381e-02 -1.45009438e-01  1.39648107e-01  1.08397159e-01
 -3.15783591e-03  6.07444151e-02 -5.90112875e-02 -1.21821238e-01
  2.23012056e-04 -6.76392565e-02  1.27022787e-01  4.28321774e-02]
[[ 0.225835   -0.04389391  0.2130928  ...  0.076915   -0.48853126
   0.47463851]
 [ 0.36115938 -0.29978466 -0.26053257 ...  0.031872   -0.18992556
  -0.43838736]
 [ 0.26929787 -0.02141798  0.39755715 ... -0.12927086  0.09679759
  -0.14757798]
 ...
 [ 0.0765791  -0.14160687  0.16258381 ...  0.18555444 -0.0448436
  -0.00449982]
 [-0.09257152 -0.0228817   0.10355977 ... -0.13206589 -0.16024309
  -0.18430615]
 [ 0.27102401  0.30968071  0.37257251 ...  0.08646426 -0.32275113
   0.28943174]]
[ 0.01859654 -0.1533712   0.00058804  0.00030671 -0.14797168 -0.04348666
  0.07374494 -0.00241141  0.05269427  0.09855302  0.13917035  0.09512887
 -0.02665881  0.12355811 -0.145206   -0.03229056  0.09258888 -0.12626354
  0.05232346  0.17330068  0.11460097 -0.09699907 -0.06516058  0.09483543
 -0.10392656  0.05440622  0.10325275  0.05013883  0.16192702 -0.08200748
  0.1618598   0.09319675  0.03276251 -0.01748839  0.07444093  0.04244241
  0.00484626  0.11260372  0.07388935 -0.04294504  0.02135631  0.19570649
 -0.08025805  0.04423395 -0.03755148 -0.04656196  0.08355803  0.09382648
  0.13901912  0.02577923 -0.03709799  0.2552523   0.17507701 -0.0028654
  0.05451613  0.01506494 -0.00317996  0.07458059 -0.0964547   0.09346039
 -0.00147955 -0.00132224 -0.01558532  0.00855564]
[[-0.3092648   0.13322443  0.54920536 ... -0.18152006  0.23065697
   0.08853635]
 [ 0.58620718  0.10642653 -0.21390305 ...  0.10612873 -0.16417409
  -0.17497312]
 [ 0.58577632 -0.05070233  0.02975925 ... -0.07505286 -0.06120448
   0.26771572]
 ...
 [ 0.39557335 -0.11106056 -0.19619879 ... -0.04759477  0.15194081
  -0.05064576]
 [-0.10196524  0.24109329 -0.49863728 ... -0.18233389 -0.07629994
  -0.05692148]
 [ 0.34516037  0.50088857 -0.01662628 ... -0.11262123 -0.21167547
   0.1325616 ]]
[-0.03152143 -0.00151686  0.01971817 -0.00919353 -0.07544347  0.00046336
 -0.08709149  0.07832428 -0.07915405  0.07753788 -0.06346823 -0.03487891
  0.15605404 -0.06259799 -0.07716351  0.12395747  0.09298384  0.00370439
 -0.03984836  0.22335204 -0.18219467  0.29865848 -0.1079021  -0.05578648
 -0.09718524  0.0543869   0.16171978 -0.04164645  0.10885471  0.1612211
 -0.00184394  0.02930148  0.02341526 -0.08908369  0.256355   -0.11360698
 -0.09652933 -0.07069596  0.09487722 -0.03364071 -0.19973908  0.04510301
  0.14607264 -0.09629296 -0.20673422 -0.2358644   0.03456301]
