4.062263351763147234e+00 1.554999999999980877e-02 4.057361753402862981e+00 1.544303797468354195e-02
nan 2.132999999999994276e-02 nan 2.075949367088605890e-02
nan 2.132999999999994969e-02 nan 2.075949367088604502e-02
nan 2.132999999999995663e-02 nan 2.075949367088604156e-02
nan 2.132999999999991847e-02 nan 2.075949367088603462e-02
nan 2.132999999999999133e-02 nan 2.075949367088603462e-02
nan 2.132999999999995663e-02 nan 2.075949367088604502e-02
nan 2.132999999999995663e-02 nan 2.075949367088604156e-02
nan 2.132999999999994623e-02 nan 2.075949367088604156e-02
nan 2.132999999999997745e-02 nan 2.075949367088604156e-02
nan 2.132999999999996357e-02 nan 2.075949367088605890e-02
nan 2.132999999999999133e-02 nan 2.075949367088603809e-02
nan 2.132999999999997398e-02 nan 2.075949367088605890e-02
nan 2.132999999999992541e-02 nan 2.075949367088604502e-02
nan 2.132999999999994276e-02 nan 2.075949367088604849e-02
nan 2.132999999999992541e-02 nan 2.075949367088604156e-02
nan 2.132999999999995316e-02 nan 2.075949367088605196e-02
nan 2.132999999999993929e-02 nan 2.075949367088603809e-02
nan 2.132999999999994623e-02 nan 2.075949367088604502e-02
nan 2.132999999999991847e-02 nan 2.075949367088603809e-02
nan 2.132999999999993582e-02 nan 2.075949367088604156e-02
nan 2.132999999999994969e-02 nan 2.075949367088604502e-02
nan 2.132999999999996704e-02 nan 2.075949367088605890e-02
nan 2.132999999999996704e-02 nan 2.075949367088605196e-02
nan 2.132999999999994276e-02 nan 2.075949367088606237e-02
nan 2.132999999999996704e-02 nan 2.075949367088604502e-02
nan 2.132999999999997051e-02 nan 2.075949367088604502e-02
nan 2.132999999999995316e-02 nan 2.075949367088603809e-02
nan 2.132999999999993582e-02 nan 2.075949367088606237e-02
nan 2.132999999999994623e-02 nan 2.075949367088604849e-02
nan 2.132999999999992541e-02 nan 2.075949367088605543e-02
nan 2.132999999999989418e-02 nan 2.075949367088604849e-02
nan 2.132999999999993929e-02 nan 2.075949367088605196e-02
nan 2.132999999999995663e-02 nan 2.075949367088605890e-02
nan 2.132999999999994623e-02 nan 2.075949367088605196e-02
nan 2.132999999999994969e-02 nan 2.075949367088604156e-02
nan 2.132999999999993582e-02 nan 2.075949367088604849e-02
nan 2.132999999999993235e-02 nan 2.075949367088605196e-02
nan 2.132999999999996704e-02 nan 2.075949367088604849e-02
nan 2.132999999999994623e-02 nan 2.075949367088605543e-02
nan 2.132999999999996010e-02 nan 2.075949367088603809e-02
nan 2.132999999999997398e-02 nan 2.075949367088605543e-02
nan 2.132999999999994623e-02 nan 2.075949367088604849e-02
nan 2.132999999999995663e-02 nan 2.075949367088603462e-02
nan 2.132999999999998092e-02 nan 2.075949367088604849e-02
nan 2.132999999999993235e-02 nan 2.075949367088604156e-02
nan 2.132999999999996357e-02 nan 2.075949367088604502e-02
nan 2.132999999999996010e-02 nan 2.075949367088604849e-02
nan 2.132999999999993582e-02 nan 2.075949367088604502e-02
nan 2.132999999999993582e-02 nan 2.075949367088605196e-02
nan 2.132999999999996010e-02 nan 2.075949367088605543e-02
nan 2.132999999999991153e-02 nan 2.075949367088603115e-02
nan 2.132999999999994623e-02 nan 2.075949367088605196e-02
nan 2.132999999999993582e-02 nan 2.075949367088605543e-02
nan 2.132999999999992541e-02 nan 2.075949367088603809e-02
nan 2.132999999999994623e-02 nan 2.075949367088606237e-02
nan 2.132999999999995663e-02 nan 2.075949367088604502e-02
nan 2.132999999999994969e-02 nan 2.075949367088604156e-02
nan 2.132999999999992541e-02 nan 2.075949367088604502e-02
nan 2.132999999999991500e-02 nan 2.075949367088605196e-02
nan 2.132999999999994276e-02 nan 2.075949367088604502e-02
nan 2.132999999999995316e-02 nan 2.075949367088605196e-02
nan 2.132999999999993929e-02 nan 2.075949367088604156e-02
nan 2.132999999999994623e-02 nan 2.075949367088604849e-02
nan 2.132999999999996704e-02 nan 2.075949367088605196e-02
nan 2.132999999999997051e-02 nan 2.075949367088604849e-02
nan 2.132999999999991500e-02 nan 2.075949367088604849e-02
nan 2.132999999999998092e-02 nan 2.075949367088604849e-02
nan 2.132999999999992541e-02 nan 2.075949367088605543e-02
nan 2.132999999999993235e-02 nan 2.075949367088604849e-02
nan 2.132999999999995663e-02 nan 2.075949367088605196e-02
nan 2.132999999999993582e-02 nan 2.075949367088605890e-02
nan 2.132999999999993929e-02 nan 2.075949367088605890e-02
nan 2.132999999999995663e-02 nan 2.075949367088605543e-02
nan 2.132999999999997745e-02 nan 2.075949367088603462e-02
nan 2.132999999999994623e-02 nan 2.075949367088605543e-02
nan 2.132999999999996704e-02 nan 2.075949367088604849e-02
nan 2.132999999999995663e-02 nan 2.075949367088604502e-02
nan 2.132999999999997398e-02 nan 2.075949367088604849e-02
nan 2.132999999999996357e-02 nan 2.075949367088605196e-02
nan 2.132999999999993235e-02 nan 2.075949367088604156e-02
nan 2.132999999999992888e-02 nan 2.075949367088603809e-02
nan 2.132999999999994276e-02 nan 2.075949367088605890e-02
nan 2.132999999999994969e-02 nan 2.075949367088605196e-02
nan 2.132999999999993929e-02 nan 2.075949367088603462e-02
nan 2.132999999999996704e-02 nan 2.075949367088604502e-02
nan 2.132999999999997398e-02 nan 2.075949367088603809e-02
nan 2.132999999999994623e-02 nan 2.075949367088604156e-02
nan 2.132999999999990806e-02 nan 2.075949367088606237e-02
nan 2.132999999999998092e-02 nan 2.075949367088604849e-02
nan 2.132999999999993235e-02 nan 2.075949367088604502e-02
nan 2.132999999999998092e-02 nan 2.075949367088604156e-02
nan 2.132999999999995316e-02 nan 2.075949367088604849e-02
nan 2.132999999999992541e-02 nan 2.075949367088604502e-02
nan 2.132999999999999480e-02 nan 2.075949367088604502e-02
nan 2.132999999999997398e-02 nan 2.075949367088605196e-02
nan 2.132999999999989418e-02 nan 2.075949367088604502e-02
nan 2.132999999999994969e-02 nan 2.075949367088605890e-02
nan 2.132999999999995316e-02 nan 2.075949367088604156e-02
nan 2.132999999999994969e-02 nan 2.075949367088604502e-02
nan 2.132999999999993582e-02 nan 2.075949367088604849e-02
