4.069772974472472882e+00 1.463999999999982676e-02 4.052056837424094837e+00 1.481012658227847528e-02
nan 2.132999999999995316e-02 nan 2.075949367088604502e-02
nan 2.132999999999993582e-02 nan 2.075949367088605196e-02
nan 2.132999999999995663e-02 nan 2.075949367088604502e-02
nan 2.132999999999994276e-02 nan 2.075949367088605543e-02
nan 2.132999999999996357e-02 nan 2.075949367088604849e-02
nan 2.132999999999997398e-02 nan 2.075949367088605543e-02
nan 2.132999999999991500e-02 nan 2.075949367088604502e-02
nan 2.132999999999995663e-02 nan 2.075949367088604502e-02
nan 2.132999999999993929e-02 nan 2.075949367088604156e-02
nan 2.132999999999993582e-02 nan 2.075949367088606237e-02
nan 2.132999999999991847e-02 nan 2.075949367088605890e-02
nan 2.132999999999996357e-02 nan 2.075949367088604849e-02
nan 2.132999999999996010e-02 nan 2.075949367088604502e-02
nan 2.132999999999997398e-02 nan 2.075949367088605196e-02
nan 2.132999999999991847e-02 nan 2.075949367088604502e-02
nan 2.132999999999994969e-02 nan 2.075949367088604849e-02
nan 2.132999999999996357e-02 nan 2.075949367088604502e-02
nan 2.132999999999995316e-02 nan 2.075949367088605196e-02
nan 2.132999999999993235e-02 nan 2.075949367088604502e-02
nan 2.132999999999997051e-02 nan 2.075949367088604502e-02
nan 2.132999999999993582e-02 nan 2.075949367088604502e-02
nan 2.132999999999993235e-02 nan 2.075949367088604849e-02
nan 2.132999999999994623e-02 nan 2.075949367088604502e-02
nan 2.132999999999994276e-02 nan 2.075949367088604849e-02
nan 2.132999999999995663e-02 nan 2.075949367088605196e-02
nan 2.132999999999994276e-02 nan 2.075949367088604502e-02
nan 2.132999999999997398e-02 nan 2.075949367088606237e-02
nan 2.132999999999999480e-02 nan 2.075949367088604849e-02
nan 2.132999999999994969e-02 nan 2.075949367088604156e-02
nan 2.132999999999994276e-02 nan 2.075949367088604156e-02
nan 2.132999999999997051e-02 nan 2.075949367088604849e-02
nan 2.132999999999997051e-02 nan 2.075949367088604502e-02
nan 2.132999999999994276e-02 nan 2.075949367088605890e-02
nan 2.132999999999996704e-02 nan 2.075949367088604502e-02
nan 2.132999999999995316e-02 nan 2.075949367088604502e-02
nan 2.132999999999991153e-02 nan 2.075949367088605196e-02
nan 2.132999999999996010e-02 nan 2.075949367088604849e-02
nan 2.132999999999991153e-02 nan 2.075949367088604849e-02
nan 2.132999999999992888e-02 nan 2.075949367088604849e-02
nan 2.132999999999993582e-02 nan 2.075949367088604849e-02
nan 2.132999999999992888e-02 nan 2.075949367088604502e-02
nan 2.132999999999993582e-02 nan 2.075949367088605890e-02
nan 2.132999999999995663e-02 nan 2.075949367088605543e-02
nan 2.132999999999995316e-02 nan 2.075949367088605890e-02
nan 2.132999999999994276e-02 nan 2.075949367088603809e-02
nan 2.132999999999995663e-02 nan 2.075949367088604849e-02
nan 2.132999999999994276e-02 nan 2.075949367088605196e-02
nan 2.132999999999993929e-02 nan 2.075949367088606237e-02
nan 2.132999999999992888e-02 nan 2.075949367088605543e-02
nan 2.132999999999998092e-02 nan 2.075949367088604502e-02
nan 2.132999999999992541e-02 nan 2.075949367088604156e-02
nan 2.132999999999993929e-02 nan 2.075949367088604502e-02
nan 2.132999999999994969e-02 nan 2.075949367088606237e-02
nan 2.132999999999994623e-02 nan 2.075949367088604502e-02
nan 2.132999999999992888e-02 nan 2.075949367088605196e-02
nan 2.132999999999993235e-02 nan 2.075949367088603809e-02
nan 2.132999999999994276e-02 nan 2.075949367088605196e-02
nan 2.132999999999991500e-02 nan 2.075949367088604502e-02
nan 2.132999999999995663e-02 nan 2.075949367088604502e-02
nan 2.132999999999994623e-02 nan 2.075949367088604156e-02
nan 2.132999999999995663e-02 nan 2.075949367088603809e-02
nan 2.132999999999997051e-02 nan 2.075949367088605196e-02
nan 2.132999999999995663e-02 nan 2.075949367088605890e-02
nan 2.132999999999992888e-02 nan 2.075949367088604502e-02
nan 2.132999999999995663e-02 nan 2.075949367088604849e-02
nan 2.132999999999994623e-02 nan 2.075949367088605196e-02
nan 2.132999999999992541e-02 nan 2.075949367088605543e-02
nan 2.132999999999992888e-02 nan 2.075949367088605543e-02
nan 2.132999999999994623e-02 nan 2.075949367088604849e-02
nan 2.132999999999994276e-02 nan 2.075949367088605196e-02
nan 2.132999999999995663e-02 nan 2.075949367088604502e-02
nan 2.132999999999997051e-02 nan 2.075949367088604502e-02
nan 2.132999999999993929e-02 nan 2.075949367088604502e-02
nan 2.132999999999994623e-02 nan 2.075949367088604849e-02
nan 2.132999999999998092e-02 nan 2.075949367088605543e-02
nan 2.132999999999993582e-02 nan 2.075949367088604502e-02
nan 2.132999999999996704e-02 nan 2.075949367088605196e-02
nan 2.132999999999993235e-02 nan 2.075949367088604502e-02
nan 2.132999999999995316e-02 nan 2.075949367088605890e-02
nan 2.132999999999997398e-02 nan 2.075949367088604502e-02
nan 2.132999999999993582e-02 nan 2.075949367088604502e-02
nan 2.132999999999994276e-02 nan 2.075949367088605196e-02
nan 2.132999999999995316e-02 nan 2.075949367088604849e-02
nan 2.132999999999996010e-02 nan 2.075949367088604849e-02
nan 2.132999999999996010e-02 nan 2.075949367088605196e-02
nan 2.132999999999995316e-02 nan 2.075949367088604156e-02
nan 2.132999999999995663e-02 nan 2.075949367088605543e-02
nan 2.132999999999991153e-02 nan 2.075949367088604502e-02
nan 2.132999999999994276e-02 nan 2.075949367088604502e-02
nan 2.132999999999994969e-02 nan 2.075949367088605543e-02
nan 2.132999999999994969e-02 nan 2.075949367088604502e-02
nan 2.132999999999994969e-02 nan 2.075949367088604849e-02
nan 2.132999999999992888e-02 nan 2.075949367088605196e-02
nan 2.132999999999995316e-02 nan 2.075949367088604156e-02
nan 2.132999999999996357e-02 nan 2.075949367088604502e-02
nan 2.132999999999995663e-02 nan 2.075949367088604849e-02
nan 2.132999999999993929e-02 nan 2.075949367088603462e-02
nan 2.132999999999991153e-02 nan 2.075949367088604156e-02
nan 2.132999999999993929e-02 nan 2.075949367088605543e-02
nan 2.132999999999993929e-02 nan 2.075949367088604502e-02
