3.974902059864676040e+00 1.160999999999986695e-02 3.971462096732288671e+00 1.088607594936709562e-02
nan 2.132999999999996010e-02 nan 2.075949367088604502e-02
nan 2.132999999999989071e-02 nan 2.075949367088604502e-02
nan 2.132999999999995316e-02 nan 2.075949367088604849e-02
nan 2.132999999999993929e-02 nan 2.075949367088604849e-02
nan 2.132999999999997745e-02 nan 2.075949367088605196e-02
nan 2.132999999999995663e-02 nan 2.075949367088605890e-02
nan 2.132999999999994623e-02 nan 2.075949367088604502e-02
nan 2.132999999999993582e-02 nan 2.075949367088605196e-02
nan 2.132999999999992541e-02 nan 2.075949367088604502e-02
nan 2.132999999999994969e-02 nan 2.075949367088604849e-02
nan 2.132999999999993235e-02 nan 2.075949367088604502e-02
nan 2.132999999999996357e-02 nan 2.075949367088605890e-02
nan 2.132999999999996704e-02 nan 2.075949367088604156e-02
nan 2.132999999999994969e-02 nan 2.075949367088604849e-02
nan 2.132999999999992888e-02 nan 2.075949367088605543e-02
nan 2.132999999999996010e-02 nan 2.075949367088604502e-02
nan 2.132999999999992888e-02 nan 2.075949367088604156e-02
nan 2.132999999999996010e-02 nan 2.075949367088605196e-02
nan 2.132999999999994969e-02 nan 2.075949367088604156e-02
nan 2.132999999999993235e-02 nan 2.075949367088605196e-02
nan 2.132999999999990112e-02 nan 2.075949367088604849e-02
nan 2.132999999999996704e-02 nan 2.075949367088604502e-02
nan 2.132999999999997398e-02 nan 2.075949367088604849e-02
nan 2.132999999999993929e-02 nan 2.075949367088605196e-02
nan 2.132999999999997051e-02 nan 2.075949367088604156e-02
nan 2.132999999999994623e-02 nan 2.075949367088603115e-02
nan 2.132999999999993235e-02 nan 2.075949367088605196e-02
nan 2.132999999999994276e-02 nan 2.075949367088605196e-02
nan 2.132999999999990806e-02 nan 2.075949367088604502e-02
nan 2.132999999999991500e-02 nan 2.075949367088604502e-02
nan 2.132999999999993235e-02 nan 2.075949367088604502e-02
nan 2.132999999999995663e-02 nan 2.075949367088604156e-02
nan 2.132999999999994969e-02 nan 2.075949367088604502e-02
nan 2.132999999999997051e-02 nan 2.075949367088604502e-02
nan 2.132999999999995663e-02 nan 2.075949367088606237e-02
nan 2.132999999999993235e-02 nan 2.075949367088604849e-02
nan 2.132999999999997051e-02 nan 2.075949367088604502e-02
nan 2.132999999999994623e-02 nan 2.075949367088604849e-02
nan 2.132999999999991153e-02 nan 2.075949367088604849e-02
nan 2.132999999999994276e-02 nan 2.075949367088605890e-02
nan 2.132999999999991847e-02 nan 2.075949367088604156e-02
nan 2.132999999999992541e-02 nan 2.075949367088604849e-02
nan 2.132999999999993235e-02 nan 2.075949367088605196e-02
nan 2.132999999999992888e-02 nan 2.075949367088605543e-02
nan 2.132999999999994623e-02 nan 2.075949367088604849e-02
nan 2.132999999999997051e-02 nan 2.075949367088605196e-02
nan 2.132999999999994276e-02 nan 2.075949367088605890e-02
nan 2.132999999999994969e-02 nan 2.075949367088605196e-02
nan 2.132999999999994276e-02 nan 2.075949367088604849e-02
nan 2.132999999999993235e-02 nan 2.075949367088604502e-02
nan 2.132999999999996010e-02 nan 2.075949367088605196e-02
nan 2.132999999999996704e-02 nan 2.075949367088604502e-02
nan 2.132999999999993235e-02 nan 2.075949367088605196e-02
nan 2.132999999999996010e-02 nan 2.075949367088604502e-02
nan 2.132999999999998092e-02 nan 2.075949367088605543e-02
nan 2.132999999999994276e-02 nan 2.075949367088604502e-02
nan 2.132999999999997051e-02 nan 2.075949367088604849e-02
nan 2.132999999999995663e-02 nan 2.075949367088604849e-02
nan 2.132999999999994623e-02 nan 2.075949367088605196e-02
nan 2.132999999999994276e-02 nan 2.075949367088606584e-02
nan 2.132999999999994969e-02 nan 2.075949367088603809e-02
nan 2.132999999999994623e-02 nan 2.075949367088603462e-02
nan 2.132999999999994969e-02 nan 2.075949367088604156e-02
nan 2.132999999999993235e-02 nan 2.075949367088606237e-02
nan 2.132999999999996357e-02 nan 2.075949367088604502e-02
nan 2.132999999999996704e-02 nan 2.075949367088605890e-02
nan 2.132999999999995663e-02 nan 2.075949367088604849e-02
nan 2.132999999999997745e-02 nan 2.075949367088605543e-02
nan 2.132999999999992541e-02 nan 2.075949367088604849e-02
nan 2.132999999999998786e-02 nan 2.075949367088604502e-02
nan 2.132999999999994276e-02 nan 2.075949367088604502e-02
nan 2.132999999999996357e-02 nan 2.075949367088605543e-02
nan 2.132999999999994276e-02 nan 2.075949367088605196e-02
nan 2.132999999999994623e-02 nan 2.075949367088604502e-02
nan 2.132999999999992888e-02 nan 2.075949367088604849e-02
nan 2.132999999999992888e-02 nan 2.075949367088605543e-02
nan 2.132999999999994276e-02 nan 2.075949367088604502e-02
nan 2.132999999999996357e-02 nan 2.075949367088605543e-02
nan 2.132999999999996010e-02 nan 2.075949367088605543e-02
nan 2.132999999999989765e-02 nan 2.075949367088604156e-02
nan 2.132999999999995663e-02 nan 2.075949367088604502e-02
nan 2.132999999999994276e-02 nan 2.075949367088604502e-02
nan 2.132999999999993582e-02 nan 2.075949367088605196e-02
nan 2.132999999999996357e-02 nan 2.075949367088605196e-02
nan 2.132999999999994623e-02 nan 2.075949367088605543e-02
nan 2.132999999999993235e-02 nan 2.075949367088605196e-02
nan 2.132999999999995316e-02 nan 2.075949367088605890e-02
nan 2.132999999999991500e-02 nan 2.075949367088604502e-02
nan 2.132999999999995663e-02 nan 2.075949367088604849e-02
nan 2.132999999999991500e-02 nan 2.075949367088605543e-02
nan 2.132999999999992541e-02 nan 2.075949367088605196e-02
nan 2.132999999999995316e-02 nan 2.075949367088604502e-02
nan 2.132999999999994623e-02 nan 2.075949367088605196e-02
nan 2.132999999999993582e-02 nan 2.075949367088605196e-02
nan 2.132999999999996010e-02 nan 2.075949367088605890e-02
nan 2.132999999999989765e-02 nan 2.075949367088605196e-02
nan 2.132999999999993235e-02 nan 2.075949367088604502e-02
nan 2.132999999999996357e-02 nan 2.075949367088604502e-02
nan 2.132999999999993929e-02 nan 2.075949367088604156e-02
nan 2.132999999999995316e-02 nan 2.075949367088604502e-02
