3.866362165372037474e+00 1.418999999999982428e-02 3.865774303177139437e+00 1.468354430379746091e-02
2.219498326807236577e+00 4.156600000000001960e-01 2.211018829180594114e+00 4.196835443037973956e-01
1.389576068423685751e+00 6.064600000000002211e-01 1.390612089785200789e+00 6.060126582278483331e-01
1.192799218114412696e+00 6.577800000000000313e-01 1.195664106229441304e+00 6.536075949367091686e-01
1.074374874629936194e+00 6.834099999999996289e-01 1.084505395426191843e+00 6.787974683544307775e-01
9.994955219604475527e-01 7.075700000000012535e-01 1.009538423884364544e+00 7.029113924050631734e-01
9.530811431751832208e-01 7.183400000000026431e-01 9.651874444519668028e-01 7.141772151898737597e-01
9.095794170264482892e-01 7.301100000000010359e-01 9.239628837817411844e-01 7.251265822784812576e-01
8.997463678433630374e-01 7.286499999999996868e-01 9.143195941335787724e-01 7.238607594936706802e-01
8.611835460947701026e-01 7.412500000000006306e-01 8.842023899806663589e-01 7.366455696202531822e-01
8.405278045450012003e-01 7.450200000000000156e-01 8.670847793923182056e-01 7.376582278481012001e-01
8.095457461497794771e-01 7.563199999999991041e-01 8.371662082314001996e-01 7.475316455696208173e-01
7.813215915695413960e-01 7.629899999999983917e-01 8.183156897190599910e-01 7.538607594936704848e-01
7.294362026083243133e-01 7.764999999999978586e-01 7.697450981120201874e-01 7.627848101265823910e-01
1.083217207020497064e+00 6.739800000000003566e-01 1.110409672460370478e+00 6.680379746835444221e-01
7.739993779867668788e-01 7.591499999999969939e-01 7.972382036003170525e-01 7.522151898734172892e-01
7.055167044745115357e-01 7.797699999999982978e-01 7.349772288046299007e-01 7.742405063291138978e-01
6.740498755791725083e-01 7.862099999999969668e-01 7.097707108226668504e-01 7.739240506329118086e-01
6.486717258075204162e-01 7.936299999999991694e-01 6.850142107439123329e-01 7.854430379746837332e-01
7.074479045237251906e-01 7.759599999999985398e-01 7.430278230333190459e-01 7.700632911392404356e-01
6.068060708649450907e-01 8.048599999999991317e-01 6.460037667250677629e-01 7.917721518987341778e-01
nan 2.132999999999993929e-02 nan 2.075949367088605543e-02
nan 2.132999999999995316e-02 nan 2.075949367088605543e-02
nan 2.132999999999996704e-02 nan 2.075949367088605196e-02
nan 2.132999999999992541e-02 nan 2.075949367088604502e-02
nan 2.132999999999994623e-02 nan 2.075949367088605196e-02
