3.872611579771638279e+00 2.292999999999994695e-02 3.872066555240551988e+00 2.474683544303794835e-02
2.259301004169502747e+00 4.079999999999999183e-01 2.260505167391786419e+00 4.068354430379745312e-01
1.426271875413457790e+00 5.963299999999992496e-01 1.433008828073747853e+00 5.922784810126585642e-01
1.231106185456508406e+00 6.463200000000000056e-01 1.240556733305923531e+00 6.393037974683546398e-01
1.107184985935022237e+00 6.777100000000003677e-01 1.117503676888471631e+00 6.725316455696204176e-01
1.025570755576241444e+00 7.000600000000000156e-01 1.040865847684180334e+00 6.932911392405064488e-01
9.741105256622162312e-01 7.130000000000024096e-01 9.938418622429942006e-01 7.028481012658230886e-01
9.382947320451987538e-01 7.227100000000011848e-01 9.573614402724696104e-01 7.161392405063288225e-01
9.418084491197504793e-01 7.192800000000016958e-01 9.624853878474574076e-01 7.131645569620255198e-01
nan 2.132999999999993929e-02 nan 2.075949367088604502e-02
nan 2.132999999999994623e-02 nan 2.075949367088605196e-02
nan 2.132999999999989765e-02 nan 2.075949367088604502e-02
nan 2.132999999999995663e-02 nan 2.075949367088605196e-02
nan 2.132999999999994623e-02 nan 2.075949367088604502e-02
nan 2.132999999999996704e-02 nan 2.075949367088605196e-02
nan 2.132999999999997398e-02 nan 2.075949367088604502e-02
nan 2.132999999999997398e-02 nan 2.075949367088604502e-02
nan 2.132999999999994969e-02 nan 2.075949367088605196e-02
nan 2.132999999999993582e-02 nan 2.075949367088604849e-02
nan 2.132999999999994623e-02 nan 2.075949367088604502e-02
nan 2.132999999999991153e-02 nan 2.075949367088604849e-02
nan 2.132999999999993235e-02 nan 2.075949367088604849e-02
nan 2.132999999999997398e-02 nan 2.075949367088604502e-02
nan 2.132999999999994623e-02 nan 2.075949367088604849e-02
nan 2.132999999999996704e-02 nan 2.075949367088603115e-02
nan 2.132999999999993929e-02 nan 2.075949367088604849e-02
