2.768913777421800226e+00 1.297999999999987185e-02 3.878253706349990892e+00 1.898734177215187849e-02
2.217948086281085640e+00 4.149900000000000255e-01 2.222266877878130487e+00 4.112025316455698021e-01
1.414623837335566181e+00 6.018699999999997940e-01 1.415684208260113985e+00 5.959493670886077954e-01
1.212225978101608037e+00 6.490899999999997227e-01 1.218657010298894949e+00 6.485443037974687464e-01
1.119069457820470959e+00 6.753800000000003134e-01 1.128647892738122716e+00 6.724683544303798888e-01
1.051742403467205378e+00 6.941100000000022252e-01 1.061620720844686172e+00 6.936075949367090931e-01
9.964311260292477712e-01 7.077400000000014790e-01 1.008186508994191932e+00 7.058860759493671422e-01
9.668054243735557662e-01 7.167800000000010829e-01 9.776991305928680598e-01 7.161392405063291555e-01
9.488098237170027316e-01 7.189200000000016688e-01 9.644750590383155409e-01 7.181012658227853285e-01
9.275572284204685047e-01 7.266300000000011083e-01 9.463885814783873363e-01 7.268987341772153998e-01
9.064430089082563535e-01 7.295900000000014041e-01 9.309920229118188173e-01 7.246835443037976665e-01
8.593030670174151009e-01 7.440900000000003622e-01 8.816916897780726625e-01 7.389873417721515292e-01
9.195914237463250762e-01 7.270100000000021545e-01 9.380767872341502223e-01 7.232278481012658355e-01
8.017261302739787654e-01 7.555399999999999894e-01 8.281504651551089280e-01 7.508227848101263202e-01
7.812265098376214301e-01 7.622499999999985398e-01 8.046492417703093869e-01 7.555063291139239023e-01
7.368252582682034424e-01 7.757799999999968055e-01 7.627648976673112591e-01 7.679746835443034270e-01
7.272762467308748757e-01 7.763499999999982082e-01 7.531043521612853509e-01 7.656329113924049690e-01
7.283163204382095968e-01 7.731699999999972484e-01 7.542779799579859557e-01 7.686708860759494666e-01
nan 2.132999999999994276e-02 nan 2.075949367088604502e-02
nan 2.132999999999998439e-02 nan 2.075949367088604502e-02
nan 2.132999999999995663e-02 nan 2.075949367088605196e-02
nan 2.132999999999996357e-02 nan 2.075949367088604849e-02
nan 2.132999999999994969e-02 nan 2.075949367088604502e-02
nan 2.132999999999995663e-02 nan 2.075949367088605196e-02
nan 2.132999999999995663e-02 nan 2.075949367088605543e-02
nan 2.132999999999993235e-02 nan 2.075949367088605196e-02
nan 2.132999999999991500e-02 nan 2.075949367088604502e-02
nan 2.132999999999996010e-02 nan 2.075949367088605196e-02
nan 2.132999999999997051e-02 nan 2.075949367088605196e-02
nan 2.132999999999995316e-02 nan 2.075949367088604849e-02
nan 2.132999999999991500e-02 nan 2.075949367088605543e-02
nan 2.132999999999994276e-02 nan 2.075949367088605196e-02
nan 2.132999999999994276e-02 nan 2.075949367088604502e-02
nan 2.132999999999992888e-02 nan 2.075949367088605196e-02
nan 2.132999999999992541e-02 nan 2.075949367088604849e-02
nan 2.132999999999998092e-02 nan 2.075949367088604849e-02
nan 2.132999999999994623e-02 nan 2.075949367088605196e-02
nan 2.132999999999994969e-02 nan 2.075949367088605543e-02
nan 2.132999999999994623e-02 nan 2.075949367088605196e-02
nan 2.132999999999993582e-02 nan 2.075949367088605196e-02
nan 2.132999999999994276e-02 nan 2.075949367088604502e-02
nan 2.132999999999991847e-02 nan 2.075949367088603809e-02
nan 2.132999999999995663e-02 nan 2.075949367088605196e-02
nan 2.132999999999994969e-02 nan 2.075949367088603809e-02
nan 2.132999999999993582e-02 nan 2.075949367088603115e-02
nan 2.132999999999993929e-02 nan 2.075949367088605196e-02
nan 2.132999999999995663e-02 nan 2.075949367088606237e-02
nan 2.132999999999992541e-02 nan 2.075949367088603462e-02
nan 2.132999999999991847e-02 nan 2.075949367088606237e-02
nan 2.132999999999995663e-02 nan 2.075949367088604502e-02
nan 2.132999999999993582e-02 nan 2.075949367088605543e-02
