3.864256117983195349e+00 2.329999999999998045e-02 3.863039099652186614e+00 2.373417721518982643e-02
2.241975394107802888e+00 4.218900000000000428e-01 2.235899140556437015e+00 4.220886075949367156e-01
1.469993715838336046e+00 5.828499999999993131e-01 1.474941138743917302e+00 5.779746835443037023e-01
1.242506307093276252e+00 6.444199999999995487e-01 1.248360399182425695e+00 6.386075949367090443e-01
1.107962485828364541e+00 6.808200000000010910e-01 1.116848163684384776e+00 6.762025316455699819e-01
1.035437263356499882e+00 6.958400000000014574e-01 1.047959541824217133e+00 6.890506329113924577e-01
9.929967953492906396e-01 7.111900000000004329e-01 1.008156000103854089e+00 7.089240506329113067e-01
9.494911872714130174e-01 7.229000000000006532e-01 9.645515532028882122e-01 7.199367088607592224e-01
9.158509890846973089e-01 7.277600000000018499e-01 9.340160153320851144e-01 7.206962025316454579e-01
8.986451832014645813e-01 7.307500000000002327e-01 9.180184899718653035e-01 7.239240506329114311e-01
8.529976714263149962e-01 7.448700000000002541e-01 8.735819114127916230e-01 7.368987341772148536e-01
8.539873023779398498e-01 7.428000000000001268e-01 8.755610327486630373e-01 7.365822784810124313e-01
8.427767010730047303e-01 7.431399999999996897e-01 8.654566017770775055e-01 7.365822784810126533e-01
nan 2.132999999999996357e-02 nan 2.075949367088604502e-02
nan 2.132999999999995316e-02 nan 2.075949367088603462e-02
nan 2.132999999999994969e-02 nan 2.075949367088604502e-02
nan 2.132999999999994276e-02 nan 2.075949367088604849e-02
nan 2.132999999999996357e-02 nan 2.075949367088604502e-02
nan 2.132999999999993929e-02 nan 2.075949367088603809e-02
nan 2.132999999999992541e-02 nan 2.075949367088605196e-02
nan 2.132999999999997051e-02 nan 2.075949367088604502e-02
nan 2.132999999999994623e-02 nan 2.075949367088604502e-02
nan 2.132999999999997398e-02 nan 2.075949367088604502e-02
nan 2.132999999999993582e-02 nan 2.075949367088604156e-02
nan 2.132999999999991847e-02 nan 2.075949367088605543e-02
nan 2.132999999999999133e-02 nan 2.075949367088605196e-02
