3.641432315570427125e+00 2.378999999999994661e-02 3.859344718079425363e+00 2.544303797468351266e-02
2.238806433521589145e+00 4.096399999999995045e-01 2.245033213099144387e+00 4.086708860759492579e-01
1.401724462297288198e+00 6.038499999999995538e-01 1.408556653363975952e+00 5.962658227848101067e-01
1.187285549986572653e+00 6.598099999999993415e-01 1.199664925837789164e+00 6.548734177215193020e-01
1.064283261226590449e+00 6.861500000000002597e-01 1.075077142815391573e+00 6.804430379746835289e-01
9.592487715002981918e-01 7.157100000000016227e-01 9.787877642976351433e-01 7.081645569620256264e-01
8.795830722533003465e-01 7.399200000000006883e-01 8.986486137119946704e-01 7.296202531645569200e-01
8.129118020981953574e-01 7.574799999999985989e-01 8.326602457683466296e-01 7.478481012658231286e-01
7.789412685399105252e-01 7.631199999999974670e-01 7.999460781550424837e-01 7.525949367088609065e-01
7.200006494398283330e-01 7.808599999999971120e-01 7.459888984495303133e-01 7.708860759493671999e-01
6.925260681670670770e-01 7.892899999999977156e-01 7.199031312911191582e-01 7.779746835443034358e-01
6.644287370264148063e-01 7.940399999999978586e-01 6.940666168207566544e-01 7.831645569620249159e-01
6.399398072620908762e-01 8.013299999999983214e-01 6.715560954025493468e-01 7.895569620253169996e-01
6.296780457175830126e-01 8.027399999999978997e-01 6.643816320985215240e-01 7.891139240506327424e-01
6.014891378224969110e-01 8.118299999999986083e-01 6.376166523460694568e-01 7.996835443037972890e-01
5.957289062334164553e-01 8.122699999999981602e-01 6.336832831533497634e-01 8.010759493670884801e-01
5.637489449397095065e-01 8.207300000000018469e-01 6.059307142126104662e-01 8.091139240506327601e-01
5.565395071872114574e-01 8.228100000000002634e-01 6.008861751523573158e-01 8.089240506329111735e-01
5.416463631033998638e-01 8.247299999999988529e-01 5.874808512974168950e-01 8.131645569620256087e-01
5.390039425234902648e-01 8.240699999999994141e-01 5.890748987967411310e-01 8.116455696202524717e-01
5.194299072076964396e-01 8.332700000000008433e-01 5.723939669526193486e-01 8.168987341772149247e-01
5.063559632019154488e-01 8.359000000000021968e-01 5.581675824000248420e-01 8.214556962025315601e-01
4.974338314058044941e-01 8.384100000000015429e-01 5.543843779113613035e-01 8.231012658227847556e-01
4.861346841567728561e-01 8.417900000000017036e-01 5.441127798863190090e-01 8.253797468354427957e-01
4.887513507430260584e-01 8.378900000000010229e-01 5.484622618813832506e-01 8.247468354430381732e-01
4.749283020913792619e-01 8.446800000000015407e-01 5.363428208505798267e-01 8.291139240506327779e-01
4.718702423666136236e-01 8.445000000000030260e-01 5.396490370599970054e-01 8.267088607594939020e-01
4.543447268451762944e-01 8.496800000000015451e-01 5.237278083301992737e-01 8.325316455696198936e-01
4.570344365585739532e-01 8.489900000000011326e-01 5.257761471115924845e-01 8.315189873417719868e-01
4.476738174592914676e-01 8.501900000000025548e-01 5.218904084914931518e-01 8.302531645569615204e-01
4.377795583921748057e-01 8.540200000000007785e-01 5.136380933752409117e-01 8.344303797468353157e-01
4.322774844703125563e-01 8.573600000000021204e-01 5.119425232532989201e-01 8.342405063291137290e-01
4.282306267670428768e-01 8.562300000000019340e-01 5.101392299170915967e-01 8.337974683544299159e-01
4.447421456497810954e-01 8.497000000000014541e-01 5.283766112725932773e-01 8.267721518987339868e-01
4.164484489573093140e-01 8.605100000000019955e-01 5.014993827071410060e-01 8.387341772151890584e-01
4.122647742802212356e-01 8.609200000000007957e-01 5.035624675570532505e-01 8.363291139240507377e-01
4.094298974708737715e-01 8.616700000000007131e-01 5.002826693614050857e-01 8.391772151898730936e-01
4.007265986057323981e-01 8.648099999999998566e-01 4.935200027910837672e-01 8.419620253164554757e-01
3.994524662779245783e-01 8.639900000000007019e-01 4.972519587876352842e-01 8.374683544303793692e-01
4.141613287903402330e-01 8.592500000000008464e-01 5.169005481845084793e-01 8.301265822784806847e-01
3.946554762782222836e-01 8.658999999999998920e-01 4.984956061699716279e-01 8.389873417721520621e-01
3.928415447827829921e-01 8.648100000000011889e-01 4.952665479936959603e-01 8.389873417721515070e-01
3.920620422685869855e-01 8.658000000000017904e-01 5.029090027337369539e-01 8.372151898734171427e-01
3.818740001365121262e-01 8.680699999999996752e-01 4.902879825327174923e-01 8.396835443037972135e-01
3.816989404521728413e-01 8.673900000000007715e-01 4.942359256087044406e-01 8.386075949367088889e-01
3.792550811501160246e-01 8.699400000000000466e-01 4.948304830412501021e-01 8.386075949367089999e-01
3.700779751190738653e-01 8.716499999999992587e-01 4.856039832873644269e-01 8.417721518987340001e-01
3.625277530767873624e-01 8.752799999999992808e-01 4.819683495228542225e-01 8.432278481012657201e-01
3.669770415364644323e-01 8.730299999999988625e-01 4.861357266505456076e-01 8.427848101265822400e-01
3.550798271726362532e-01 8.774599999999993516e-01 4.780639755231917976e-01 8.452531645569620888e-01
3.642051966478289660e-01 8.730499999999989935e-01 4.923193465520059875e-01 8.379746835443034891e-01
