3.857865118231995183e+00 1.820999999999989988e-02 3.858329155702134194e+00 1.981012658227845544e-02
2.737588143413127284e+00 3.195600000000011209e-01 2.737151464655692923e+00 3.170253164556960934e-01
1.505391132332662529e+00 5.793899999999994055e-01 1.512000167241323023e+00 5.710759493670883868e-01
1.214337647615168159e+00 6.518699999999999495e-01 1.222218872738340067e+00 6.457594936708861422e-01
1.066954337277301601e+00 6.888900000000010015e-01 1.074660027299678688e+00 6.836075949367086402e-01
9.728194353875138090e-01 7.142600000000023375e-01 9.831032507143986354e-01 7.087341772151900532e-01
8.899790889348033751e-01 7.373700000000009691e-01 9.020557840841544328e-01 7.324683544303796090e-01
8.128625601558276959e-01 7.566199999999984049e-01 8.260369056165504098e-01 7.510126582278481289e-01
7.796067304482710014e-01 7.638799999999993373e-01 7.954548015372866487e-01 7.574683544303801863e-01
7.253634660222403330e-01 7.798099999999980048e-01 7.435171429219199490e-01 7.746835443037969338e-01
6.997973329942195342e-01 7.852599999999975156e-01 7.215833417055591559e-01 7.787974683544304222e-01
6.712093226164408399e-01 7.926499999999976342e-01 6.984555958170682866e-01 7.837974683544302046e-01
6.437033179566490348e-01 7.990699999999978376e-01 6.722766490636743475e-01 7.893037974683541069e-01
6.303722141640448751e-01 8.021699999999984954e-01 6.625003389164820788e-01 7.910759493670885822e-01
6.062687494889409390e-01 8.097099999999995967e-01 6.390756600338592941e-01 8.012025316455694268e-01
5.883803097738954380e-01 8.136099999999988341e-01 6.273296242342925044e-01 8.026582278481008137e-01
5.665003423278489603e-01 8.214899999999990543e-01 6.088287120543092179e-01 8.088607594936706446e-01
5.642976049238023206e-01 8.188799999999996082e-01 6.069060675386598325e-01 8.081645569620250491e-01
5.619565382669028386e-01 8.193500000000000227e-01 6.095887861180744327e-01 8.064556962025314357e-01
5.374785896627484183e-01 8.268100000000019323e-01 5.873556520291085548e-01 8.115822784810127200e-01
5.386018122172061551e-01 8.253600000000003156e-01 5.904499614655167594e-01 8.104430379746833113e-01
5.229063379692961977e-01 8.296900000000001496e-01 5.796465024303673053e-01 8.118354430379747244e-01
5.063336632661392667e-01 8.349600000000011457e-01 5.633488705095502924e-01 8.195569620253163601e-01
4.901005086941352951e-01 8.408300000000014096e-01 5.513661631097325211e-01 8.208860759493673553e-01
4.845031021638251945e-01 8.409100000000012676e-01 5.486796956508361855e-01 8.210759493670883868e-01
4.743439206879507819e-01 8.450200000000022138e-01 5.394868010156439464e-01 8.256329113924051333e-01
4.844612686681937230e-01 8.409800000000013931e-01 5.537502571406690555e-01 8.214556962025308939e-01
4.613653878969610767e-01 8.474300000000022370e-01 5.340833585942966755e-01 8.277848101265824488e-01
4.629420712034210128e-01 8.449900000000016842e-01 5.370346691138876416e-01 8.246835443037972002e-01
4.529149809990627995e-01 8.482900000000005436e-01 5.322589755344705464e-01 8.255696202531647154e-01
4.401032748235634284e-01 8.530800000000023919e-01 5.207931174425904919e-01 8.329746835443034847e-01
4.382497349647439533e-01 8.532000000000016238e-01 5.221616201110914623e-01 8.305063291139240800e-01
4.418380646000955592e-01 8.520900000000020125e-01 5.283154159254752624e-01 8.274050632911389425e-01
4.287837657797395896e-01 8.558400000000013774e-01 5.180617392923941855e-01 8.310759493670886178e-01
4.336125549992666528e-01 8.529300000000008541e-01 5.287865786123022716e-01 8.261392405063289202e-01
4.125374411209712933e-01 8.609699999999995690e-01 5.074269234525260464e-01 8.355063291139236403e-01
4.043303227348175599e-01 8.639300000000010860e-01 4.997627544296093793e-01 8.363291139240505156e-01
4.102227050356480054e-01 8.607200000000017059e-01 5.094192161328732205e-01 8.355063291139238624e-01
3.974100788128830386e-01 8.664100000000001245e-01 5.001667885291651849e-01 8.349367088607594356e-01
3.910182160980441024e-01 8.673200000000005350e-01 4.970811187206439774e-01 8.373417721518986445e-01
3.932023151695815955e-01 8.639300000000001978e-01 5.002993610181620809e-01 8.326582278481010624e-01
3.861945035963045281e-01 8.691299999999988479e-01 4.957783941605365952e-01 8.386075949367085558e-01
3.856545208022489346e-01 8.692699999999997651e-01 4.979480938890800679e-01 8.379113924050631823e-01
3.786423276715729647e-01 8.706800000000004536e-01 4.930066101851744431e-01 8.389240506329116442e-01
3.754634804338247700e-01 8.716700000000000559e-01 4.951187572330928433e-01 8.368987341772149424e-01
3.761656380038730374e-01 8.707599999999995344e-01 4.963424234026974635e-01 8.419620253164553647e-01
3.894450574852537095e-01 8.652000000000014124e-01 5.167113258533606590e-01 8.301265822784807957e-01
3.751493970408628087e-01 8.691199999999990045e-01 5.011323247852031981e-01 8.345569620253165954e-01
3.771618825636824379e-01 8.689999999999997726e-01 5.067879527102631121e-01 8.334177215189871868e-01
3.594404165022677122e-01 8.756699999999996153e-01 4.910170659132929161e-01 8.401898734177215555e-01
3.544360574664742747e-01 8.761799999999988486e-01 4.884546363584493789e-01 8.382911392405062445e-01
